kernel line : count latency dram_traffic smem_bk_conflicts smem_warp gmem_access_generated gmem_warp exposed_latency warp_divergence
_1.ptx 199 : 19456000 113232736 0 0 0 0 0 0 0 
_1.ptx 200 : 3891200 28563808 0 0 0 0 0 0 0 
_1.ptx 205 : 199424 1266400 0 0 0 0 0 0 0 
_1.ptx 207 : 4090624 1269344 0 0 0 0 0 0 0 
_1.ptx 209 : 3891200 13092512 0 0 0 0 0 0 0 
_1.ptx 210 : 3891200 31101952 0 0 0 0 0 0 0 
_1.ptx 211 : 3891200 40673472 0 0 0 0 0 0 0 
_1.ptx 212 : 3891200 46303520 0 0 0 0 0 0 0 
_1.ptx 213 : 3891200 21090624 15564800 0 0 121600 121600 0 0 
_1.ptx 216 : 4090624 29476352 0 0 0 0 0 0 0 
_1.ptx 63 : 215296 1296640 0 0 0 0 0 0 0 
_1.ptx 64 : 215296 1298016 0 0 0 0 0 0 0 
_1.ptx 65 : 215296 3206304 0 0 0 0 0 0 0 
_1.ptx 66 : 215296 1296096 0 0 0 0 0 0 0 
_1.ptx 67 : 215296 2392896 0 0 0 0 0 0 0 
_1.ptx 68 : 215296 85579680 128 0 0 0 0 0 0 
_1.ptx 69 : 215296 1749792 0 0 0 0 0 0 0 
_1.ptx 70 : 215296 67712 0 0 0 0 0 0 0 
_1.ptx 71 : 204800 73340224 0 0 0 0 0 0 0 
_1.ptx 72 : 204800 1294944 0 0 0 0 0 0 0 
_1.ptx 73 : 204800 1668608 0 0 0 0 0 0 0 
_1.ptx 74 : 204800 0 0 0 0 0 0 0 0 
_1.ptx 75 : 204800 1478848 0 0 0 0 0 0 0 
_1.ptx 76 : 204800 2293696 0 0 0 0 0 0 0 
_1.ptx 77 : 204800 1460800 0 0 0 0 0 0 0 
_1.ptx 78 : 204800 2272416 0 0 0 0 0 0 0 
_1.ptx 79 : 204800 1447808 0 0 0 0 0 0 0 
_1.ptx 80 : 204800 2300800 0 0 0 0 0 0 0 
_1.ptx 81 : 204800 78233568 0 0 0 0 0 0 0 
_1.ptx 82 : 204800 1442880 0 0 0 0 0 0 0 
_1.ptx 83 : 204800 2403424 0 0 0 0 0 0 0 
_1.ptx 84 : 204800 2268928 0 0 0 0 0 0 0 
_1.ptx 85 : 204800 105966112 0 0 0 0 0 0 0 
_1.ptx 86 : 204800 1468096 0 0 0 0 0 0 0 
_1.ptx 87 : 204800 2271584 0 0 0 0 0 0 0 
_1.ptx 88 : 204800 2265120 0 0 0 0 0 0 0 
_1.ptx 89 : 204800 1522624 0 0 0 0 0 0 0 
_1.ptx 93 : 6963200 10202140416 35227520 0 0 6963200 217600 0 0 
_1.ptx 94 : 6963200 5438491552 27852800 0 0 217600 217600 0 0 
_1.ptx 95 : 6963200 69863904 0 0 0 0 0 0 0 
_1.ptx 96 : 6963200 69799328 0 0 0 0 0 0 0 
_1.ptx 97 : 6963200 76669888 0 0 0 0 0 0 0 
_1.ptx 98 : 6963200 55960416 0 0 0 0 0 0 0 
_1.ptx 99 : 6963200 40566176 0 0 0 0 0 0 0 
_1.ptx 103 : 215296 1294336 0 0 0 0 0 0 0 
_1.ptx 125 : 4090624 26905152 0 0 0 0 0 0 0 
_1.ptx 126 : 4090624 27029888 0 0 0 0 0 0 0 
_1.ptx 127 : 4090624 57780128 0 0 0 0 0 0 0 
_1.ptx 128 : 4090624 27052704 0 0 0 0 0 0 0 
_1.ptx 129 : 4090624 47889760 0 0 0 0 0 0 0 
_1.ptx 130 : 4090624 27666304 0 0 0 0 0 0 0 
_1.ptx 131 : 4090624 52129344 0 0 0 0 0 0 0 
_1.ptx 132 : 4090624 27739136 0 0 0 0 0 0 0 
_1.ptx 133 : 4090624 55081888 0 0 0 0 0 0 0 
_1.ptx 134 : 4090624 27473056 0 0 0 0 0 0 0 
_1.ptx 135 : 4090624 47079456 0 0 0 0 0 0 0 
_1.ptx 136 : 4090624 12696608 0 0 0 0 0 0 0 
_1.ptx 137 : 4090624 35275232 0 0 0 0 0 0 0 
_1.ptx 138 : 4090624 1283392 0 0 0 0 0 0 0 
_1.ptx 139 : 3891200 12051552 0 0 0 0 0 0 0 
_1.ptx 140 : 3891200 25445760 0 0 0 0 0 0 0 
_1.ptx 141 : 3891200 33004960 0 0 0 0 0 0 0 
_1.ptx 142 : 3891200 0 0 0 0 0 0 0 0 
_1.ptx 143 : 3891200 29465568 0 0 0 0 0 0 0 
_1.ptx 144 : 3891200 12027872 0 0 0 0 0 0 0 
_1.ptx 145 : 3891200 26043264 0 0 0 0 0 0 0 
_1.ptx 146 : 3891200 33593600 0 0 0 0 0 0 0 
_1.ptx 147 : 3891200 27152032 0 0 0 0 0 0 0 
_1.ptx 148 : 3891200 26789024 0 0 0 0 0 0 0 
_1.ptx 149 : 3891200 26616672 0 0 0 0 0 0 0 
_1.ptx 150 : 3891200 26938880 0 0 0 0 0 0 0 
_1.ptx 151 : 3891200 30644832 0 0 0 0 0 0 0 
_1.ptx 154 : 19456000 0 0 0 0 0 0 0 0 
_1.ptx 155 : 19456000 157493824 0 0 0 0 0 0 0 
_1.ptx 156 : 19456000 221332160 0 0 0 0 0 0 0 
_1.ptx 157 : 19456000 158724448 0 0 0 0 0 0 0 
_1.ptx 158 : 19456000 229026816 0 0 0 0 0 0 0 
_1.ptx 159 : 19456000 163692192 0 0 0 0 0 0 0 
_1.ptx 160 : 19456000 204709856 0 0 0 0 0 0 0 
_1.ptx 161 : 19456000 229784288 0 0 0 0 0 0 0 
_1.ptx 162 : 19456000 160440032 0 0 0 0 0 0 0 
_1.ptx 163 : 19456000 143261664 0 0 0 0 0 0 0 
_1.ptx 164 : 19456000 158618272 0 0 0 0 0 0 0 
_1.ptx 168 : 661504000 5750075616 0 0 0 0 0 0 0 
_1.ptx 169 : 661504000 4984030464 0 0 0 0 0 0 0 
_1.ptx 170 : 661504000 5619470272 0 0 0 0 0 0 0 
_1.ptx 171 : 661504000 4909239872 0 0 0 0 0 0 0 
_1.ptx 172 : 661504000 5585674240 0 0 0 0 0 0 0 
_1.ptx 173 : 661504000 4862773024 0 0 0 0 0 0 0 
_1.ptx 174 : 661504000 5446361536 0 0 0 0 0 0 0 
_1.ptx 175 : 661504000 407142302816 2646016000 0 0 0 0 0 0 
_1.ptx 176 : 661504000 5428687936 0 0 0 0 0 0 0 
_1.ptx 178 : 661504000 3080160864 1024 0 0 0 0 0 0 
_1.ptx 179 : 661504000 7981282176 0 0 0 0 0 0 0 
_1.ptx 180 : 661504000 6756161920 0 0 0 0 0 0 0 
_1.ptx 181 : 661504000 7726447648 0 0 0 0 0 0 0 
_1.ptx 182 : 661504000 7664407808 0 0 0 0 0 0 0 
_1.ptx 183 : 661504000 8184800128 0 0 0 0 0 0 0 
_1.ptx 184 : 661504000 6215771616 0 0 0 0 0 0 0 
_1.ptx 185 : 661504000 4933420544 0 0 0 0 0 0 0 
_1.ptx 186 : 19456000 152718560 0 0 0 0 0 0 0 
_1.ptx 190 : 19456000 176748928 0 0 0 0 0 0 0 
_1.ptx 191 : 19456000 93898594 0 0 0 0 0 0 10162 
_1.ptx 193 : 6990785 57715656 0 0 0 0 0 0 0 
_1.ptx 195 : 6990785 59323306 0 0 0 0 0 0 0 
_1.ptx 197 : 19456000 219919584 0 0 0 0 0 0 0 
_1.ptx 198 : 19456000 175557568 0 0 0 0 0 0 0 
