kernel line : count latency dram_traffic smem_bk_conflicts smem_warp gmem_access_generated gmem_warp exposed_latency warp_divergence
_1.ptx 199 : 19456000 113868512 0 0 0 0 0 0 0 
_1.ptx 200 : 3891200 28695776 0 0 0 0 0 0 0 
_1.ptx 205 : 199424 1273376 0 0 0 0 0 0 0 
_1.ptx 207 : 4090624 1275840 0 0 0 0 0 0 0 
_1.ptx 209 : 3891200 13068032 0 0 0 0 0 0 0 
_1.ptx 210 : 3891200 31214336 0 0 0 0 0 0 0 
_1.ptx 211 : 3891200 40732416 0 0 0 0 0 0 0 
_1.ptx 212 : 3891200 46370112 0 0 0 0 0 0 0 
_1.ptx 213 : 3891200 21141792 14947968 0 0 121600 121600 0 0 
_1.ptx 216 : 4090624 29581664 0 0 0 0 0 0 0 
_1.ptx 63 : 215296 1298400 0 0 0 0 0 0 0 
_1.ptx 64 : 215296 1300352 0 0 0 0 0 0 0 
_1.ptx 65 : 215296 3199520 0 0 0 0 0 0 0 
_1.ptx 66 : 215296 1296736 0 0 0 0 0 0 0 
_1.ptx 67 : 215296 2393632 0 0 0 0 0 0 0 
_1.ptx 68 : 215296 67423040 256 0 0 0 0 0 0 
_1.ptx 69 : 215296 1757376 0 0 0 0 0 0 0 
_1.ptx 70 : 215296 67264 0 0 0 0 0 0 0 
_1.ptx 71 : 204800 61722656 0 0 0 0 0 0 0 
_1.ptx 72 : 204800 1284832 0 0 0 0 0 0 0 
_1.ptx 73 : 204800 1678144 0 0 0 0 0 0 0 
_1.ptx 74 : 204800 0 0 0 0 0 0 0 0 
_1.ptx 75 : 204800 1494944 0 0 0 0 0 0 0 
_1.ptx 76 : 204800 2353024 0 0 0 0 0 0 0 
_1.ptx 77 : 204800 1468288 0 0 0 0 0 0 0 
_1.ptx 78 : 204800 2277408 0 0 0 0 0 0 0 
_1.ptx 79 : 204800 1453632 0 0 0 0 0 0 0 
_1.ptx 80 : 204800 2265024 0 0 0 0 0 0 0 
_1.ptx 81 : 204800 63345952 0 0 0 0 0 0 0 
_1.ptx 82 : 204800 1447136 0 0 0 0 0 0 0 
_1.ptx 83 : 204800 2295648 0 0 0 0 0 0 0 
_1.ptx 84 : 204800 2269920 0 0 0 0 0 0 0 
_1.ptx 85 : 204800 82476160 0 0 0 0 0 0 0 
_1.ptx 86 : 204800 1473152 0 0 0 0 0 0 0 
_1.ptx 87 : 204800 2276640 0 0 0 0 0 0 0 
_1.ptx 88 : 204800 2266592 0 0 0 0 0 0 0 
_1.ptx 89 : 204800 1506944 0 0 0 0 0 0 0 
_1.ptx 93 : 6963200 9638350432 76705280 0 0 6963200 217600 0 0 
_1.ptx 94 : 6963200 3386314976 27834112 0 0 217600 217600 0 0 
_1.ptx 95 : 6963200 69900256 0 0 0 0 0 0 0 
_1.ptx 96 : 6963200 69760832 0 0 0 0 0 0 0 
_1.ptx 97 : 6963200 76891712 0 0 0 0 0 0 0 
_1.ptx 98 : 6963200 55972416 0 0 0 0 0 0 0 
_1.ptx 99 : 6963200 40579968 0 0 0 0 0 0 0 
_1.ptx 103 : 215296 1294752 0 0 0 0 0 0 0 
_1.ptx 125 : 4090624 27337024 0 0 0 0 0 0 0 
_1.ptx 126 : 4090624 27486944 0 0 0 0 0 0 0 
_1.ptx 127 : 4090624 56969248 0 0 0 0 0 0 0 
_1.ptx 128 : 4090624 27456192 0 0 0 0 0 0 0 
_1.ptx 129 : 4090624 48175872 0 0 0 0 0 0 0 
_1.ptx 130 : 4090624 28036032 0 0 0 0 0 0 0 
_1.ptx 131 : 4090624 51859872 0 0 0 0 0 0 0 
_1.ptx 132 : 4090624 28068768 0 0 0 0 0 0 0 
_1.ptx 133 : 4090624 54365376 0 0 0 0 0 0 0 
_1.ptx 134 : 4090624 27841824 0 0 0 0 0 0 0 
_1.ptx 135 : 4090624 47234944 0 0 0 0 0 0 0 
_1.ptx 136 : 4090624 12751680 0 0 0 0 0 0 0 
_1.ptx 137 : 4090624 35414784 0 0 0 0 0 0 0 
_1.ptx 138 : 4090624 1288288 0 0 0 0 0 0 0 
_1.ptx 139 : 3891200 12111456 0 0 0 0 0 0 0 
_1.ptx 140 : 3891200 25644576 0 0 0 0 0 0 0 
_1.ptx 141 : 3891200 33142848 0 0 0 0 0 0 0 
_1.ptx 142 : 3891200 0 0 0 0 0 0 0 0 
_1.ptx 143 : 3891200 29582016 0 0 0 0 0 0 0 
_1.ptx 144 : 3891200 12068704 0 0 0 0 0 0 0 
_1.ptx 145 : 3891200 26064384 0 0 0 0 0 0 0 
_1.ptx 146 : 3891200 33577952 0 0 0 0 0 0 0 
_1.ptx 147 : 3891200 27102784 0 0 0 0 0 0 0 
_1.ptx 148 : 3891200 26873120 0 0 0 0 0 0 0 
_1.ptx 149 : 3891200 26594688 0 0 0 0 0 0 0 
_1.ptx 150 : 3891200 26884832 0 0 0 0 0 0 0 
_1.ptx 151 : 3891200 30602496 0 0 0 0 0 0 0 
_1.ptx 154 : 19456000 0 0 0 0 0 0 0 0 
_1.ptx 155 : 19456000 158131424 0 0 0 0 0 0 0 
_1.ptx 156 : 19456000 221547136 0 0 0 0 0 0 0 
_1.ptx 157 : 19456000 159438496 0 0 0 0 0 0 0 
_1.ptx 158 : 19456000 229463616 0 0 0 0 0 0 0 
_1.ptx 159 : 19456000 164392704 0 0 0 0 0 0 0 
_1.ptx 160 : 19456000 204878240 0 0 0 0 0 0 0 
_1.ptx 161 : 19456000 230389088 0 0 0 0 0 0 0 
_1.ptx 162 : 19456000 161355040 0 0 0 0 0 0 0 
_1.ptx 163 : 19456000 144116288 0 0 0 0 0 0 0 
_1.ptx 164 : 19456000 159183840 0 0 0 0 0 0 0 
_1.ptx 168 : 661504000 5763614240 0 0 0 0 0 0 0 
_1.ptx 169 : 661504000 4997198400 0 0 0 0 0 0 0 
_1.ptx 170 : 661504000 5635513984 0 0 0 0 0 0 0 
_1.ptx 171 : 661504000 4926151264 0 0 0 0 0 0 0 
_1.ptx 172 : 661504000 5604643232 0 0 0 0 0 0 0 
_1.ptx 173 : 661504000 4882292960 0 0 0 0 0 0 0 
_1.ptx 174 : 661504000 5466845568 0 0 0 0 0 0 0 
_1.ptx 175 : 661504000 344979997728 4594470144 0 0 0 0 0 0 
_1.ptx 176 : 661504000 5452294432 0 0 0 0 0 0 0 
_1.ptx 178 : 661504000 3084080192 2816 0 0 0 0 0 0 
_1.ptx 179 : 661504000 7994186944 0 0 0 0 0 0 0 
_1.ptx 180 : 661504000 6760232512 0 0 0 0 0 0 0 
_1.ptx 181 : 661504000 7729880896 0 0 0 0 0 0 0 
_1.ptx 182 : 661504000 7668850848 0 0 0 0 0 0 0 
_1.ptx 183 : 661504000 8191628000 0 0 0 0 0 0 0 
_1.ptx 184 : 661504000 6219574528 0 0 0 0 0 0 0 
_1.ptx 185 : 661504000 4942246464 0 0 0 0 0 0 0 
_1.ptx 186 : 19456000 152929472 0 0 0 0 0 0 0 
_1.ptx 190 : 19456000 177036800 0 0 0 0 0 0 0 
_1.ptx 191 : 19456000 94014944 0 0 0 0 0 0 10162 
_1.ptx 193 : 6990785 57994959 0 0 0 0 0 0 0 
_1.ptx 195 : 6990785 59651183 0 0 0 0 0 0 0 
_1.ptx 197 : 19456000 220447776 0 0 0 0 0 0 0 
_1.ptx 198 : 19456000 176122336 0 0 0 0 0 0 0 
