kernel line : count latency dram_traffic smem_bk_conflicts smem_warp gmem_access_generated gmem_warp exposed_latency warp_divergence
_1.ptx 97 : 262144 2083008 0 0 0 0 0 0 0 
_1.ptx 98 : 262144 2264896 0 0 0 0 0 0 0 
_1.ptx 99 : 262144 0 0 0 0 0 0 0 0 
_1.ptx 100 : 262144 3016384 0 0 0 0 0 0 0 
_1.ptx 101 : 262144 2821920 0 0 0 0 0 0 0 
_1.ptx 102 : 262144 2073920 0 0 0 0 0 0 0 
_1.ptx 103 : 262144 1808224 0 0 0 0 0 0 0 
_1.ptx 104 : 262144 2215936 0 0 0 0 0 0 0 
_1.ptx 105 : 262144 2997760 0 0 0 0 0 0 0 
_1.ptx 106 : 262144 2017120 0 0 0 0 0 0 0 
_1.ptx 107 : 262144 1994592 0 0 0 0 0 0 0 
_1.ptx 108 : 262144 2876992 0 0 0 0 0 0 0 
_1.ptx 109 : 262144 6477248 0 0 0 0 0 0 0 
_1.ptx 110 : 262144 2970432 0 0 0 0 0 0 0 
_1.ptx 111 : 262144 5341920 0 0 0 0 0 0 0 
_1.ptx 112 : 262144 2999648 0 0 0 0 0 0 0 
_1.ptx 113 : 262144 1761152 0 0 0 0 0 0 0 
_1.ptx 114 : 262144 2046848 0 0 0 0 0 0 0 
_1.ptx 118 : 1048576 406941024 4194304 0 0 32768 32768 0 0 
_1.ptx 119 : 1048576 407414336 4194304 0 0 32768 32768 0 0 
_1.ptx 120 : 1048576 9738816 0 0 0 0 0 0 0 
_1.ptx 121 : 1048576 10921312 0 0 0 0 0 0 0 
_1.ptx 122 : 1048576 10975552 0 0 0 0 0 0 0 
_1.ptx 123 : 1048576 10977600 0 0 0 0 0 0 0 
_1.ptx 124 : 1048576 8793856 0 0 0 0 0 0 0 
_1.ptx 125 : 1048576 5131712 0 0 0 0 0 0 0 
_1.ptx 126 : 262144 1710752 0 0 0 0 0 0 0 
_1.ptx 131 : 262144 7088608 0 8192 8192 0 0 0 0 
_1.ptx 132 : 262144 2962432 0 0 0 0 0 0 0 
_1.ptx 133 : 262144 2980864 0 0 0 0 0 0 0 
_1.ptx 134 : 262144 2221056 0 0 0 0 0 0 0 
_1.ptx 135 : 262144 1322208 0 0 0 0 0 0 0 
_1.ptx 137 : 65536 438368 0 0 0 0 0 0 0 
_1.ptx 141 : 655360 4502240 0 0 0 0 0 0 0 
_1.ptx 142 : 655360 5593248 0 0 0 0 0 0 0 
_1.ptx 143 : 655360 3240780 0 0 0 0 0 0 1280 
_1.ptx 144 : 196352 1588644 0 0 0 0 0 0 0 
_1.ptx 145 : 196352 1402628 0 0 0 0 0 0 0 
_1.ptx 146 : 196352 1614066 0 0 0 0 0 0 0 
_1.ptx 147 : 196352 2265761 0 0 0 0 0 0 0 
_1.ptx 148 : 196352 2388167 0 0 0 0 0 0 0 
_1.ptx 149 : 196352 2793770 0 0 0 0 0 0 0 
_1.ptx 150 : 196352 2947353 0 0 0 0 0 0 0 
_1.ptx 151 : 196352 2359131 0 0 0 0 0 0 0 
_1.ptx 152 : 196352 1665924 0 0 0 0 0 0 0 
_1.ptx 153 : 196352 2835401 0 0 0 0 0 0 0 
_1.ptx 154 : 196352 2291343 0 0 0 0 0 0 0 
_1.ptx 158 : 261888 4209011 0 9216 9216 0 0 0 0 
_1.ptx 159 : 261888 3636979 0 9216 9216 0 0 0 0 
_1.ptx 160 : 261888 3019186 0 0 0 0 0 0 0 
_1.ptx 161 : 261888 3272550 0 9216 9216 0 0 0 0 
_1.ptx 162 : 261888 3028604 0 0 0 0 0 0 0 
_1.ptx 163 : 261888 3037233 0 0 0 0 0 0 0 
_1.ptx 66 : 32768 210592 0 0 0 0 0 0 0 
_1.ptx 164 : 261888 3082800 0 0 0 0 0 0 0 
_1.ptx 67 : 32768 239424 0 0 0 0 0 0 0 
_1.ptx 165 : 261888 2329948 0 0 0 0 0 0 0 
_1.ptx 68 : 32768 4887520 128 0 0 0 0 0 0 
_1.ptx 166 : 261888 478848 0 0 0 0 0 0 0 
_1.ptx 69 : 32768 278816 0 0 0 0 0 0 0 
_1.ptx 70 : 32768 0 0 0 0 0 0 0 0 
_1.ptx 71 : 32768 235616 0 0 0 0 0 0 0 
_1.ptx 169 : 655360 5310400 0 0 0 0 0 0 0 
_1.ptx 72 : 32768 230112 0 0 0 0 0 0 0 
_1.ptx 170 : 655360 4668608 0 0 0 0 0 0 0 
_1.ptx 73 : 32768 280448 0 0 0 0 0 0 0 
_1.ptx 171 : 655360 5744672 0 0 0 0 0 0 0 
_1.ptx 74 : 32768 234816 0 0 0 0 0 0 0 
_1.ptx 172 : 655360 4200640 0 0 0 0 0 0 0 
_1.ptx 75 : 32768 234496 0 0 0 0 0 0 0 
_1.ptx 173 : 65536 487115 0 0 0 0 0 0 256 
_1.ptx 76 : 32768 279872 0 0 0 0 0 0 0 
_1.ptx 77 : 32768 218944 0 0 0 0 0 0 0 
_1.ptx 175 : 256 5600 0 256 256 0 0 0 0 
_1.ptx 78 : 32768 218944 0 0 0 0 0 0 0 
_1.ptx 176 : 256 3651 0 0 0 0 0 0 0 
_1.ptx 177 : 256 1972 0 0 0 0 0 0 0 
_1.ptx 178 : 256 2725 0 0 0 0 0 0 0 
_1.ptx 81 : 65536 0 0 0 0 0 0 0 0 
_1.ptx 179 : 256 2947 0 0 0 0 0 0 0 
_1.ptx 82 : 65536 559648 0 0 0 0 0 0 0 
_1.ptx 180 : 256 7332 352 0 0 256 256 0 0 
_1.ptx 83 : 65536 562304 0 0 0 0 0 0 0 
_1.ptx 84 : 65536 776864 0 0 0 0 0 0 0 
_1.ptx 182 : 65536 759424 0 0 0 0 0 0 0 
_1.ptx 85 : 65536 563904 0 0 0 0 0 0 0 
_1.ptx 183 : 65536 566848 0 0 0 0 0 0 0 
_1.ptx 86 : 65536 521216 0 0 0 0 0 0 0 
_1.ptx 184 : 65536 227488 0 0 0 0 0 0 0 
_1.ptx 87 : 65536 555936 0 0 0 0 0 0 0 
_1.ptx 88 : 65536 781088 0 0 0 0 0 0 0 
_1.ptx 89 : 65536 744992 0 0 0 0 0 0 0 
_1.ptx 187 : 32768 226816 0 0 0 0 0 0 0 
_1.ptx 90 : 65536 998816 0 0 0 0 0 0 0 
_1.ptx 91 : 65536 1048928 0 0 0 0 0 0 0 
_1.ptx 92 : 65536 800320 0 0 0 0 0 0 0 
_1.ptx 96 : 262144 2084128 0 0 0 0 0 0 0 
