kernel line : count latency dram_traffic smem_bk_conflicts smem_warp gmem_access_generated gmem_warp exposed_latency warp_divergence
_1.ptx 823 : 509868 3019287 0 0 0 0 0 0 1125 
_1.ptx 825 : 74702 583664 0 0 0 0 0 0 0 
_1.ptx 827 : 74702 602536 0 0 0 0 0 0 0 
_1.ptx 829 : 509868 5517318 0 0 0 0 0 0 0 
_1.ptx 830 : 509868 5573107 0 0 0 0 0 0 0 
_1.ptx 831 : 509868 3771744 0 0 0 0 0 0 0 
_1.ptx 832 : 509868 4444926 0 0 0 0 0 0 0 
_1.ptx 833 : 509868 2627152 0 0 0 0 0 0 0 
_1.ptx 834 : 127467 897405 0 0 0 0 0 0 0 
_1.ptx 835 : 127467 1095275 0 0 0 0 0 0 0 
_1.ptx 836 : 127467 1015499 0 0 0 0 0 0 0 
_1.ptx 837 : 127467 878710 0 0 0 0 0 0 0 
_1.ptx 838 : 127467 1092768 0 0 0 0 0 0 0 
_1.ptx 839 : 127467 1000458 0 0 0 0 0 0 0 
_1.ptx 840 : 127467 1097749 0 0 0 0 0 0 0 
_1.ptx 841 : 127467 879211 0 0 0 0 0 0 0 
_1.ptx 842 : 127467 1087708 0 0 0 0 0 0 0 
_1.ptx 843 : 127467 440190 0 0 0 0 0 0 631 
_1.ptx 845 : 62282 683093 0 0 0 0 0 0 0 
_1.ptx 847 : 62282 516956 0 0 0 0 0 0 0 
_1.ptx 848 : 62282 490805 0 0 0 0 0 0 0 
_1.ptx 849 : 62282 773644 0 0 0 0 0 0 0 
_1.ptx 850 : 62282 718025 0 0 0 0 0 0 0 
_1.ptx 851 : 62282 485230 0 0 0 2349 2349 0 0 
_1.ptx 852 : 62282 433028 0 0 0 2349 2349 0 0 
_1.ptx 853 : 62282 434021 0 0 0 2544 2349 0 0 
_1.ptx 854 : 62282 365796 0 0 0 2544 2349 0 0 
_1.ptx 855 : 62282 338682 0 0 0 2544 2349 0 0 
_1.ptx 856 : 62282 330505 0 0 0 2544 2349 0 0 
_1.ptx 857 : 62282 344685 0 0 0 2544 2349 0 0 
_1.ptx 859 : 62282 704066 0 0 0 0 0 0 0 
_1.ptx 860 : 62282 705433 0 0 0 0 0 0 0 
_1.ptx 861 : 62282 711267 0 0 0 0 0 0 0 
_1.ptx 862 : 62282 716523 0 0 0 0 0 0 0 
_1.ptx 863 : 62282 720939 0 0 0 0 0 0 0 
_1.ptx 864 : 62282 717539 0 0 0 0 0 0 0 
_1.ptx 865 : 62282 472553 128 0 0 2544 2349 0 0 
_1.ptx 866 : 62282 435970 0 0 0 0 0 0 0 
_1.ptx 867 : 62282 536362 0 0 0 0 0 0 0 
_1.ptx 868 : 62282 131550 0 0 0 0 0 0 305 
_1.ptx 870 : 43133 301874 0 0 0 0 0 0 0 
_1.ptx 871 : 43133 300655 0 0 0 0 0 0 0 
_1.ptx 872 : 43133 302981 0 0 0 0 0 0 0 
_1.ptx 873 : 43133 294658 0 0 0 0 0 0 0 
_1.ptx 875 : 19149 79387 0 0 0 0 0 0 0 
_1.ptx 876 : 19149 221684 0 0 0 0 0 0 0 
_1.ptx 877 : 19149 220756 0 0 0 0 0 0 0 
_1.ptx 878 : 19149 223279 0 0 0 0 0 0 0 
_1.ptx 879 : 19149 227461 0 0 0 0 0 0 0 
_1.ptx 880 : 19149 231512 0 0 0 0 0 0 0 
_1.ptx 881 : 19149 182767 0 0 0 0 0 0 0 
_1.ptx 882 : 19149 184278 0 0 0 0 0 0 0 
_1.ptx 883 : 19149 690137 0 0 0 0 0 0 0 
_1.ptx 884 : 19149 248253 0 0 0 0 0 0 0 
_1.ptx 885 : 19149 243362 0 0 0 0 0 0 0 
_1.ptx 886 : 19149 244549 0 0 0 0 0 0 0 
_1.ptx 888 : 62282 726409 0 0 0 0 0 0 0 
_1.ptx 889 : 62282 725867 0 0 0 0 0 0 0 
_1.ptx 890 : 62282 748214 0 0 0 0 0 0 0 
_1.ptx 891 : 62282 774231 0 0 0 0 0 0 0 
_1.ptx 892 : 62282 612239 0 0 0 0 0 0 0 
_1.ptx 893 : 62282 602382 0 0 0 0 0 0 0 
_1.ptx 894 : 62282 1971268 0 0 0 0 0 0 0 
_1.ptx 895 : 62282 727850 0 0 0 0 0 0 0 
_1.ptx 896 : 62282 728123 0 0 0 0 0 0 0 
_1.ptx 897 : 62282 730559 0 0 0 0 0 0 0 
_1.ptx 898 : 62282 714649 0 0 0 0 0 0 0 
_1.ptx 899 : 62282 596622 0 0 0 0 0 0 0 
_1.ptx 900 : 62282 593198 0 0 0 0 0 0 0 
_1.ptx 901 : 62282 420631 0 0 0 0 0 0 0 
_1.ptx 902 : 62282 533384 0 0 0 0 0 0 0 
_1.ptx 903 : 62282 423857 0 0 0 0 0 0 0 
_1.ptx 910 : 62282 481644 0 0 0 0 0 0 0 
_1.ptx 911 : 62282 485863 0 0 0 0 0 0 0 
_1.ptx 912 : 62282 500241 0 0 0 0 0 0 0 
_1.ptx 915 : 62282 442102 0 0 0 0 0 0 0 
_1.ptx 916 : 62282 717431 0 0 0 0 0 0 0 
_1.ptx 917 : 62282 483540 0 0 0 0 0 0 0 
_1.ptx 918 : 62282 988038 0 0 0 0 0 0 0 
_1.ptx 919 : 62282 708822 0 0 0 0 0 0 0 
_1.ptx 920 : 62282 916537 130592 0 0 0 0 0 0 
_1.ptx 921 : 62282 411473 0 0 0 0 0 0 0 
_1.ptx 922 : 62282 708773 0 0 0 0 0 0 0 
_1.ptx 923 : 62282 1691941 127040 0 0 0 0 0 0 
_1.ptx 924 : 62282 408537 0 0 0 0 0 0 0 
_1.ptx 925 : 62282 706457 0 0 0 0 0 0 0 
_1.ptx 926 : 62282 2147553 120448 0 0 0 0 0 0 
_1.ptx 927 : 62282 402492 0 0 0 0 0 0 0 
_1.ptx 928 : 62282 710283 0 0 0 0 0 0 0 
_1.ptx 929 : 62282 2270880 117568 0 0 0 0 0 0 
_1.ptx 931 : 62282 401725 0 0 0 0 0 0 0 
_1.ptx 932 : 62282 710397 0 0 0 0 0 0 0 
_1.ptx 933 : 62282 413302 0 0 0 0 0 0 0 
_1.ptx 934 : 62282 707996 0 0 0 0 0 0 0 
_1.ptx 935 : 62282 407115 0 0 0 0 0 0 0 
_1.ptx 936 : 62282 711583 0 0 0 0 0 0 0 
_1.ptx 937 : 62282 737121 0 0 0 0 0 0 0 
_1.ptx 938 : 62282 599108 0 0 0 0 0 0 0 
_1.ptx 939 : 62282 592661 0 0 0 0 0 0 0 
_1.ptx 940 : 62282 2246290 0 0 0 0 0 0 0 
_1.ptx 941 : 62282 751338 0 0 0 0 0 0 0 
_1.ptx 942 : 62282 754532 0 0 0 0 0 0 0 
_1.ptx 943 : 62282 773340 0 0 0 0 0 0 0 
_1.ptx 944 : 62282 751369 0 0 0 0 0 0 0 
_1.ptx 945 : 62282 593429 0 0 0 0 0 0 0 
_1.ptx 946 : 62282 592746 0 0 0 0 0 0 0 
_1.ptx 947 : 62282 427676 0 0 0 0 0 0 0 
_1.ptx 948 : 62282 532923 0 0 0 0 0 0 0 
_1.ptx 949 : 62282 36602 0 0 0 0 0 0 318 
_1.ptx 951 : 56815 438278 0 0 0 0 0 0 0 
_1.ptx 952 : 56815 355299 0 0 0 0 0 0 0 
_1.ptx 955 : 220903 1451214 0 0 0 8579 8579 0 0 
_1.ptx 956 : 220903 1470816 256 0 0 8579 8579 0 0 
_1.ptx 957 : 220903 1382242 0 0 0 8579 8579 0 0 
_1.ptx 958 : 220903 1352932 128 0 0 8579 8579 0 0 
_1.ptx 959 : 220903 1464920 0 0 0 0 0 0 0 
_1.ptx 960 : 220903 1884097 0 0 0 0 0 0 0 
_1.ptx 961 : 220903 1136149 0 0 0 0 0 0 0 
_1.ptx 963 : 56815 433646 0 0 0 0 0 0 0 
_1.ptx 964 : 56815 376445 0 0 0 0 0 0 0 
_1.ptx 965 : 56815 478633 0 0 0 0 0 0 0 
_1.ptx 966 : 56815 370442 0 0 0 0 0 0 0 
_1.ptx 971 : 56815 365379 0 0 0 0 0 0 0 
_1.ptx 972 : 56815 525948 0 0 0 0 0 0 0 
_1.ptx 973 : 56815 640900 0 0 0 0 0 0 0 
_1.ptx 974 : 56815 3262764 0 0 0 0 0 0 0 
_1.ptx 976 : 56815 369139 0 0 0 0 0 0 0 
_1.ptx 977 : 56815 371248 0 0 0 0 0 0 0 
_1.ptx 978 : 56815 490849 0 0 0 0 0 0 0 
_1.ptx 979 : 56815 533189 0 0 0 0 0 0 0 
_1.ptx 982 : 56815 439927 0 0 0 0 0 0 0 
_1.ptx 983 : 56815 382407 0 0 0 0 0 0 0 
_1.ptx 986 : 164088 893904 0 0 0 6402 6402 0 0 
_1.ptx 987 : 164088 742235 0 0 0 0 0 0 0 
_1.ptx 988 : 164088 1935236 0 0 0 0 0 0 0 
_1.ptx 989 : 164088 1141682 0 0 0 0 0 0 0 
_1.ptx 990 : 164088 1941290 0 0 0 0 0 0 0 
_1.ptx 991 : 164088 1170875 0 0 0 0 0 0 0 
_1.ptx 992 : 164088 1951275 0 0 0 0 0 0 0 
_1.ptx 993 : 164088 1197608 0 0 0 0 0 0 0 
_1.ptx 994 : 164088 1948929 0 0 0 0 0 0 0 
_1.ptx 995 : 164088 1949998 0 0 0 0 0 0 0 
_1.ptx 996 : 164088 1984411 0 0 0 0 0 0 0 
_1.ptx 997 : 164088 1982297 0 0 0 0 0 0 0 
_1.ptx 998 : 164088 1990192 0 0 0 0 0 0 0 
_1.ptx 999 : 164088 1986939 0 0 0 0 0 0 0 
_1.ptx 1000 : 164088 1992690 0 0 0 0 0 0 0 
_1.ptx 1001 : 164088 2014459 0 0 0 0 0 0 0 
_1.ptx 1002 : 164088 1664860 0 0 0 0 0 0 0 
_1.ptx 1003 : 164088 1660374 0 0 0 0 0 0 0 
_1.ptx 1004 : 164088 1989291 0 0 0 0 0 0 0 
_1.ptx 1005 : 164088 1639946 0 0 0 0 0 0 0 
_1.ptx 1006 : 164088 1633931 0 0 0 0 0 0 0 
_1.ptx 1007 : 164088 1994714 0 0 0 0 0 0 0 
_1.ptx 1008 : 164088 1497762 0 0 0 0 0 0 0 
_1.ptx 1009 : 164088 1383498 0 0 0 0 0 0 0 
_1.ptx 1010 : 164088 1177719 0 0 0 0 0 0 0 
_1.ptx 1011 : 164088 1456576 0 0 0 0 0 0 0 
_1.ptx 1012 : 164088 1356151 0 0 0 0 0 0 0 
_1.ptx 1013 : 164088 1468957 0 0 0 0 0 0 0 
_1.ptx 1014 : 164088 1193021 0 0 0 0 0 0 0 
_1.ptx 1015 : 164088 1461572 0 0 0 0 0 0 0 
_1.ptx 1016 : 164088 826214 0 0 0 0 0 0 965 
_1.ptx 1017 : 50431 369912 0 0 0 0 0 0 0 
_1.ptx 1018 : 50431 366763 0 0 0 0 0 0 0 
_1.ptx 1020 : 113657 1340531 0 0 0 0 0 0 0 
_1.ptx 1021 : 113657 1344520 0 0 0 0 0 0 0 
_1.ptx 1022 : 113657 1014178 0 0 0 0 0 0 0 
_1.ptx 1023 : 113657 44236 0 0 0 0 0 0 344 
_1.ptx 1024 : 107587 791901 0 0 0 0 0 0 0 
_1.ptx 1025 : 107587 798547 0 0 0 0 0 0 0 
_1.ptx 1028 : 6070 70614 0 0 0 0 0 0 0 
_1.ptx 1029 : 6070 119729 0 0 0 0 0 0 0 
_1.ptx 1030 : 6070 72285 0 0 0 0 0 0 0 
_1.ptx 1031 : 6070 72793 0 0 0 0 0 0 0 
_1.ptx 1032 : 6070 59293 0 0 0 0 0 0 0 
_1.ptx 1036 : 164088 1355506 0 0 0 0 0 0 0 
_1.ptx 1039 : 220903 1574793 0 0 0 0 0 0 0 
_1.ptx 1040 : 220903 1920934 0 0 0 0 0 0 0 
_1.ptx 1041 : 220903 1505445 0 0 0 0 0 0 370 
_1.ptx 1042 : 6068 72392 0 0 0 0 0 0 0 
_1.ptx 1043 : 6068 71962 0 0 0 0 0 0 0 
_1.ptx 1044 : 6068 73828 0 0 0 0 0 0 0 
_1.ptx 1045 : 6068 72446 0 0 0 0 0 0 0 
_1.ptx 1046 : 6068 72106 0 0 0 0 0 0 0 
_1.ptx 1047 : 6068 72416 0 0 0 0 0 0 0 
_1.ptx 1048 : 6068 75018 0 0 0 0 0 0 0 
_1.ptx 1049 : 6068 59584 0 0 0 0 0 0 0 
_1.ptx 1050 : 6068 60211 0 0 0 0 0 0 0 
_1.ptx 1051 : 6068 54989 0 0 0 0 0 0 0 
_1.ptx 1052 : 6068 44605 0 0 0 0 0 0 0 
_1.ptx 1057 : 220903 2395116 0 0 0 0 0 0 0 
_1.ptx 1058 : 220903 2405963 0 0 0 0 0 0 0 
_1.ptx 1059 : 220903 1685634 0 0 0 0 0 0 0 
_1.ptx 1060 : 220903 1929024 0 0 0 0 0 0 0 
_1.ptx 1061 : 220903 372082 0 0 0 0 0 0 0 
_1.ptx 1062 : 169119 1225236 0 0 0 0 0 0 0 
_1.ptx 1063 : 169119 1454568 0 0 0 0 0 0 0 
_1.ptx 1064 : 169119 1131837 0 0 0 0 0 0 295 
_1.ptx 1065 : 5031 35830 0 0 0 0 0 0 0 
_1.ptx 1067 : 51784 370440 0 0 0 0 0 0 0 
_1.ptx 1068 : 51784 458594 0 0 0 0 0 0 0 
_1.ptx 1071 : 56815 43570 0 0 0 0 0 0 318 
_1.ptx 1073 : 50745 598373 0 0 0 0 0 0 0 
_1.ptx 1074 : 50745 603842 0 0 0 0 0 0 0 
_1.ptx 1075 : 50745 605805 0 0 0 0 0 0 0 
_1.ptx 1076 : 50745 636591 0 0 0 0 0 0 0 
_1.ptx 1077 : 50745 500322 0 0 0 0 0 0 0 
_1.ptx 1078 : 50745 495601 0 0 0 0 0 0 0 
_1.ptx 1079 : 50745 1266863 0 0 0 0 0 0 0 
_1.ptx 1081 : 50745 371868 0 0 0 0 0 0 0 
_1.ptx 1082 : 50745 1075389 0 0 0 0 0 0 0 
_1.ptx 1083 : 50745 406803 0 0 0 0 0 0 0 
_1.ptx 1084 : 50745 724005 0 0 0 0 0 0 0 
_1.ptx 1085 : 50745 654906 0 0 0 0 0 0 0 
_1.ptx 1086 : 50745 602090 0 0 0 0 0 0 0 
_1.ptx 1087 : 50745 541637 4384 0 0 0 0 0 0 
_1.ptx 1088 : 50745 358771 0 0 0 0 0 0 0 
_1.ptx 1089 : 50745 583805 0 0 0 0 0 0 0 
_1.ptx 1090 : 50745 595041 0 0 0 0 0 0 0 
_1.ptx 1091 : 50745 598523 0 0 0 0 0 0 0 
_1.ptx 1092 : 50745 778222 4512 0 0 0 0 0 0 
_1.ptx 1093 : 50745 362004 0 0 0 0 0 0 0 
_1.ptx 1094 : 50745 589758 0 0 0 0 0 0 0 
_1.ptx 1095 : 50745 597664 0 0 0 0 0 0 0 
_1.ptx 1096 : 50745 604227 0 0 0 0 0 0 0 
_1.ptx 1097 : 50745 1240436 2976 0 0 0 0 0 0 
_1.ptx 1098 : 50745 356891 0 0 0 0 0 0 0 
_1.ptx 1099 : 50745 589936 0 0 0 0 0 0 0 
_1.ptx 1100 : 50745 486797 0 0 0 0 0 0 0 
_1.ptx 1101 : 50745 1279780 2912 0 0 0 0 0 0 
_1.ptx 1103 : 50745 583033 0 0 0 0 0 0 0 
_1.ptx 1104 : 50745 590051 0 0 0 0 0 0 0 
_1.ptx 1105 : 50745 589519 0 0 0 0 0 0 0 
_1.ptx 1106 : 50745 493277 0 0 0 0 0 0 0 
_1.ptx 1107 : 50745 602167 0 0 0 0 0 0 0 
_1.ptx 1108 : 50745 498317 0 0 0 0 0 0 0 
_1.ptx 1109 : 50745 366245 0 0 0 0 0 0 0 
_1.ptx 1110 : 50745 1082040 0 0 0 0 0 0 0 
_1.ptx 1111 : 50745 397636 0 0 0 0 0 0 0 
_1.ptx 1112 : 50745 1084769 0 0 0 0 0 0 0 
_1.ptx 1113 : 50745 402645 0 0 0 0 0 0 0 
_1.ptx 1114 : 50745 455437 0 0 0 0 0 0 0 
_1.ptx 1115 : 50745 363523 0 0 0 0 0 0 0 
_1.ptx 1121 : 50745 405342 0 0 0 0 0 0 0 
_1.ptx 1122 : 50745 359010 0 0 0 0 0 0 0 
_1.ptx 1123 : 50745 432583 0 0 0 0 0 0 0 
_1.ptx 1124 : 50745 0 0 0 0 0 0 0 0 
_1.ptx 1125 : 50745 331330 0 0 0 0 0 0 0 
_1.ptx 1133 : 50745 327705 0 0 0 0 0 0 0 
_1.ptx 1134 : 50745 424064 0 0 0 0 0 0 0 
_1.ptx 1135 : 50745 339973 0 0 0 0 0 0 0 
_1.ptx 1140 : 50745 331882 0 0 0 0 0 0 0 
_1.ptx 1141 : 50745 424593 0 0 0 0 0 0 0 
_1.ptx 1142 : 50745 337830 0 0 0 0 0 0 0 
_1.ptx 1157 : 50745 328940 0 0 0 0 0 0 0 
_1.ptx 1158 : 50745 426073 0 0 0 0 0 0 0 
_1.ptx 1159 : 50745 329509 0 0 0 0 0 0 0 
_1.ptx 1181 : 50745 329271 0 0 0 0 0 0 0 
_1.ptx 1182 : 50745 424460 0 0 0 0 0 0 0 
_1.ptx 1183 : 50745 326933 0 0 0 0 0 0 0 
_1.ptx 1196 : 50745 375019 0 0 0 0 0 0 0 
_1.ptx 1197 : 50745 377236 0 0 0 0 0 0 0 
_1.ptx 1198 : 50745 382600 0 0 0 0 0 0 0 
_1.ptx 1199 : 50745 388025 0 0 0 0 0 0 0 
_1.ptx 1200 : 50745 349395 0 0 0 0 0 0 0 
_1.ptx 1201 : 50745 431705 0 0 0 0 0 0 0 
_1.ptx 1202 : 50745 339167 0 0 0 0 0 0 0 
_1.ptx 1213 : 50745 420515 0 0 0 0 0 0 0 
_1.ptx 1216 : 50745 576629 0 0 0 0 0 0 0 
_1.ptx 1218 : 50745 426031 0 0 0 0 0 0 0 
_1.ptx 1219 : 50745 402569 0 0 0 0 0 0 0 
_1.ptx 1220 : 50745 399158 0 0 0 0 0 0 0 
_1.ptx 1221 : 50745 405630 0 0 0 0 0 0 0 
_1.ptx 1222 : 50745 360088 0 0 0 0 0 0 0 
_1.ptx 1223 : 50745 444831 0 0 0 0 0 0 0 
_1.ptx 1224 : 50745 210758 0 0 0 0 0 0 727 
_1.ptx 1226 : 21083 161266 0 0 0 0 0 0 0 
_1.ptx 1227 : 21083 256379 0 0 0 0 0 0 0 
_1.ptx 1229 : 21083 241228 0 0 0 0 0 0 0 
_1.ptx 1232 : 50745 391536 0 0 0 0 0 0 0 
_1.ptx 1233 : 50745 596144 0 0 0 0 0 0 0 
_1.ptx 1234 : 50745 333379 0 0 0 0 0 0 0 
_1.ptx 1235 : 50745 588256 0 0 0 0 0 0 0 
_1.ptx 1236 : 50745 614886 0 0 0 0 0 0 0 
_1.ptx 1237 : 50745 479037 0 0 0 0 0 0 0 
_1.ptx 1238 : 50745 2458199 0 0 0 0 0 0 0 
_1.ptx 1239 : 50745 410203 0 0 0 0 0 0 0 
_1.ptx 1240 : 50745 633341 0 0 0 0 0 0 0 
_1.ptx 1241 : 50745 414735 0 0 0 0 0 0 0 
_1.ptx 1242 : 50745 415141 0 0 0 0 0 0 0 
_1.ptx 1243 : 50745 412787 0 0 0 0 0 0 0 
_1.ptx 1244 : 50745 412210 0 0 0 0 0 0 0 
_1.ptx 1245 : 50745 414188 0 0 0 0 0 0 0 
_1.ptx 1246 : 50745 590897 0 0 0 0 0 0 0 
_1.ptx 1247 : 50745 591689 0 0 0 0 0 0 0 
_1.ptx 1248 : 50745 605037 0 0 0 0 0 0 0 
_1.ptx 1249 : 50745 481496 0 0 0 0 0 0 0 
_1.ptx 1250 : 50745 482755 0 0 0 0 0 0 0 
_1.ptx 1252 : 50745 615365 0 0 0 0 0 0 0 
_1.ptx 1253 : 50745 647730 0 0 0 0 0 0 0 
_1.ptx 1254 : 50745 446766 0 0 0 0 0 0 0 
_1.ptx 1255 : 50745 446221 0 0 0 0 0 0 0 
_1.ptx 1256 : 50745 525024 0 0 0 0 0 0 0 
_1.ptx 1257 : 50745 400639 0 0 0 0 0 0 0 
_1.ptx 1258 : 50745 517246 0 0 0 0 0 0 0 
_1.ptx 1259 : 50745 625752 0 0 0 0 0 0 0 
_1.ptx 1260 : 50745 622717 0 0 0 0 0 0 0 
_1.ptx 1261 : 50745 619017 0 0 0 0 0 0 0 
_1.ptx 1262 : 50745 615294 0 0 0 0 0 0 0 
_1.ptx 1263 : 50745 608515 0 0 0 0 0 0 0 
_1.ptx 1264 : 50745 603221 0 0 0 0 0 0 0 
_1.ptx 1265 : 50745 601850 0 0 0 0 0 0 0 
_1.ptx 1266 : 50745 596541 0 0 0 0 0 0 0 
_1.ptx 1267 : 50745 570866 0 0 0 0 0 0 0 
_1.ptx 1269 : 50745 581080 0 0 0 0 0 0 0 
_1.ptx 1271 : 50745 595440 0 0 0 0 0 0 0 
_1.ptx 1272 : 50745 622276 0 0 0 0 0 0 0 
_1.ptx 1274 : 50745 487801 0 0 0 0 0 0 0 
_1.ptx 1275 : 50745 441828 0 0 0 0 0 0 0 
_1.ptx 1276 : 50745 626932 0 0 0 0 0 0 0 
_1.ptx 1277 : 50745 627616 0 0 0 0 0 0 0 
_1.ptx 1279 : 50745 419072 0 0 0 0 0 0 0 
_1.ptx 1280 : 50745 620254 0 0 0 0 0 0 0 
_1.ptx 1281 : 50745 626963 0 0 0 0 0 0 0 
_1.ptx 1282 : 50745 612913 0 0 0 0 0 0 0 
_1.ptx 1283 : 50745 607454 0 0 0 0 0 0 0 
_1.ptx 1284 : 50745 601882 0 0 0 0 0 0 0 
_1.ptx 1286 : 50745 602822 0 0 0 0 0 0 0 
_1.ptx 1288 : 50745 366100 0 0 0 0 0 0 0 
_1.ptx 1289 : 50745 591496 0 0 0 0 0 0 0 
_1.ptx 1290 : 50745 597163 0 0 0 0 0 0 0 
_1.ptx 1291 : 50745 475140 0 0 0 0 0 0 0 
_1.ptx 1292 : 50745 643651 0 0 0 0 0 0 0 
_1.ptx 1293 : 50745 407934 0 0 0 0 0 0 0 
_1.ptx 1294 : 50745 493485 0 0 0 0 0 0 0 
_1.ptx 1295 : 50745 365684 0 0 0 0 0 0 0 
_1.ptx 1296 : 50745 492873 0 0 0 0 0 0 0 
_1.ptx 1297 : 50745 356773 0 0 0 0 0 0 0 
_1.ptx 1298 : 50745 493893 0 0 0 0 0 0 0 
_1.ptx 1299 : 50745 358279 0 0 0 0 0 0 0 
_1.ptx 1300 : 50745 491250 0 0 0 0 0 0 0 
_1.ptx 1301 : 50745 603206 0 0 0 0 0 0 0 
_1.ptx 1303 : 50745 422264 0 0 0 0 0 0 0 
_1.ptx 1304 : 50745 595704 0 0 0 0 0 0 0 
_1.ptx 1305 : 50745 590566 0 0 0 0 0 0 0 
_1.ptx 1307 : 50745 381572 0 0 0 0 0 0 0 
_1.ptx 1308 : 50745 391124 0 0 0 0 0 0 0 
_1.ptx 1309 : 50745 407839 0 0 0 0 0 0 0 
_1.ptx 1310 : 50745 360903 0 0 0 0 0 0 0 
_1.ptx 1311 : 50745 425110 0 0 0 0 0 0 0 
_1.ptx 1312 : 50745 329238 0 0 0 0 0 0 0 
_1.ptx 1321 : 50745 384634 0 0 0 0 0 0 0 
_1.ptx 1322 : 50745 344294 0 0 0 0 0 0 0 
_1.ptx 1323 : 50745 575787 0 0 0 0 0 0 0 
_1.ptx 1324 : 50745 409698 0 0 0 0 0 0 0 
_1.ptx 1325 : 50745 365920 0 0 0 0 0 0 0 
_1.ptx 1326 : 50745 366204 0 0 0 0 0 0 0 
_1.ptx 1327 : 50745 2657184 0 0 0 0 0 0 0 
_1.ptx 1328 : 50745 317190 0 0 0 0 0 0 0 
_1.ptx 1329 : 50745 330240 0 0 0 0 0 0 0 
_1.ptx 1330 : 50745 477489 0 0 0 0 0 0 0 
_1.ptx 1331 : 50745 486084 0 0 0 0 0 0 0 
_1.ptx 1332 : 50745 351744 0 0 0 0 0 0 0 
_1.ptx 1333 : 50745 671606 0 0 0 0 0 0 0 
_1.ptx 1334 : 50745 3559670 0 0 0 0 0 0 0 
_1.ptx 1335 : 50745 590749 0 0 0 0 0 0 0 
_1.ptx 1336 : 50745 325717 0 0 0 0 0 0 0 
_1.ptx 1337 : 50745 434587 0 0 0 0 0 0 0 
_1.ptx 1338 : 50745 473800 0 0 0 0 0 0 0 
_1.ptx 1339 : 50745 329796 0 0 0 0 0 0 0 
_1.ptx 1340 : 50745 427329 0 0 0 0 0 0 0 
_1.ptx 1341 : 50745 469855 0 0 0 0 0 0 0 
_1.ptx 1343 : 50745 381453 0 0 0 0 0 0 0 
_1.ptx 1344 : 50745 321552 0 0 0 0 0 0 0 
_1.ptx 1345 : 50745 430002 0 0 0 0 0 0 0 
_1.ptx 1346 : 50745 0 0 0 0 0 0 0 0 
_1.ptx 1348 : 50745 481429 0 0 0 0 0 0 0 
_1.ptx 1351 : 50745 415907 0 0 0 0 0 0 0 
_1.ptx 1352 : 50745 367682 0 0 0 0 0 0 0 
_1.ptx 1353 : 50745 411446 0 0 0 0 0 0 0 
_1.ptx 1354 : 50745 412237 0 0 0 0 0 0 0 
_1.ptx 1355 : 50745 375006 0 0 0 0 0 0 0 
_1.ptx 1356 : 50745 611689 0 0 0 0 0 0 0 
_1.ptx 1357 : 50745 607836 0 0 0 0 0 0 0 
_1.ptx 1358 : 50745 428174 0 0 0 0 0 0 0 
_1.ptx 1359 : 50745 363796 0 0 0 0 0 0 0 
_1.ptx 1360 : 50745 441091 0 0 0 0 0 0 0 
_1.ptx 1361 : 50745 400277 0 0 0 0 0 0 0 
_1.ptx 1362 : 50745 429411 0 0 0 0 0 0 0 
_1.ptx 1363 : 50745 319299 0 0 0 0 0 0 0 
_1.ptx 1364 : 50745 421846 0 0 0 0 0 0 0 
_1.ptx 1365 : 50745 324401 0 0 0 0 0 0 0 
_1.ptx 1372 : 50745 380718 0 0 0 0 0 0 0 
_1.ptx 1375 : 50745 333968 0 0 0 0 0 0 0 
_1.ptx 1376 : 50745 576671 0 0 0 0 0 0 0 
_1.ptx 1377 : 50745 576266 0 0 0 0 0 0 0 
_1.ptx 1378 : 50745 877229 3008 0 0 0 0 0 0 
_1.ptx 1380 : 50745 569730 0 0 0 0 0 0 0 
_1.ptx 1381 : 50745 1132585 2240 0 0 0 0 0 0 
_1.ptx 1383 : 50745 576697 0 0 0 0 0 0 0 
_1.ptx 1384 : 50745 1369024 2592 0 0 0 0 0 0 
_1.ptx 1388 : 62282 710600 0 0 0 0 0 0 0 
_1.ptx 1389 : 62282 721963 0 0 0 0 0 0 0 
_1.ptx 1390 : 62282 721387 0 0 0 0 0 0 0 
_1.ptx 1391 : 62282 746127 0 0 0 0 0 0 0 
_1.ptx 1392 : 62282 732631 0 0 0 0 0 0 0 
_1.ptx 1393 : 62282 757236 0 0 0 0 0 0 0 
_1.ptx 1395 : 62282 733974 0 0 0 0 0 0 0 
_1.ptx 1396 : 62282 751983 0 0 0 0 0 0 0 
_1.ptx 1397 : 62282 745868 0 0 0 0 0 0 0 
_1.ptx 1398 : 62282 764291 0 0 0 0 0 0 0 
_1.ptx 1399 : 62282 620776 0 0 0 0 0 0 0 
_1.ptx 1400 : 62282 604015 0 0 0 0 0 0 0 
_1.ptx 1401 : 62282 2383427 0 0 0 0 0 0 0 
_1.ptx 1402 : 62282 729654 0 0 0 0 0 0 0 
_1.ptx 1403 : 62282 735827 0 0 0 0 0 0 0 
_1.ptx 1404 : 62282 741270 0 0 0 0 0 0 0 
_1.ptx 1405 : 62282 486562 0 0 0 0 0 0 0 
_1.ptx 1406 : 62282 492571 0 0 0 0 0 0 0 
_1.ptx 1408 : 62282 430296 0 0 0 0 0 0 0 
_1.ptx 1409 : 62282 590994 0 0 0 0 0 0 0 
_1.ptx 1410 : 62282 421143 0 0 0 0 0 0 0 
_1.ptx 1411 : 62282 593736 0 0 0 0 0 0 0 
_1.ptx 1412 : 62282 428730 0 0 0 0 0 0 0 
_1.ptx 1413 : 62282 613372 0 0 0 0 0 0 0 
_1.ptx 1416 : 127467 1399383 0 0 0 0 0 0 0 
_1.ptx 1417 : 127467 944622 0 0 0 0 0 0 0 
_1.ptx 1418 : 127467 1099872 0 0 0 0 0 0 0 
_1.ptx 1419 : 127467 6881 0 0 0 0 0 0 0 
_1.ptx 1420 : 126435 1083408 0 0 0 0 0 0 0 
_1.ptx 1421 : 126435 423125 0 0 0 0 0 0 550 
_1.ptx 1424 : 65536 705280 0 0 0 0 0 0 0 
_1.ptx 1425 : 65536 512000 0 0 0 0 0 0 0 
_1.ptx 1426 : 65536 429120 0 0 0 0 0 0 0 
_1.ptx 1427 : 65536 547936 0 0 0 0 0 0 0 
_1.ptx 604 : 65536 406816 0 0 0 0 0 0 0 
_1.ptx 1428 : 65536 359530 0 0 0 0 0 0 218 
_1.ptx 605 : 65536 940160 45696 0 0 0 0 0 0 
_1.ptx 1429 : 10434 78665 0 0 0 0 0 0 0 
_1.ptx 606 : 65536 408320 0 0 0 0 0 0 0 
_1.ptx 1430 : 10434 79227 0 0 0 0 0 0 0 
_1.ptx 607 : 65536 2201408 44544 0 0 0 0 0 0 
_1.ptx 1431 : 10434 120656 0 0 0 0 0 0 0 
_1.ptx 608 : 65536 408160 0 0 0 0 0 0 0 
_1.ptx 1432 : 10434 119780 0 0 0 0 0 0 0 
_1.ptx 609 : 65536 2312224 43392 0 0 0 0 0 0 
_1.ptx 1433 : 10434 80470 0 0 0 0 0 0 0 
_1.ptx 610 : 65536 409184 0 0 0 0 0 0 0 
_1.ptx 611 : 65536 2243552 44672 0 0 0 0 0 0 
_1.ptx 612 : 65536 408640 0 0 0 0 0 0 0 
_1.ptx 613 : 65536 2541952 170368 0 0 0 0 0 0 
_1.ptx 1437 : 15923 4978133 77952 0 0 0 0 0 0 
_1.ptx 614 : 65536 410880 0 0 0 0 0 0 0 
_1.ptx 1438 : 15923 5308078 76672 0 0 0 0 0 0 
_1.ptx 615 : 65536 3116928 173568 0 0 0 0 0 0 
_1.ptx 1439 : 15923 5720935 80256 0 0 0 0 0 0 
_1.ptx 616 : 65536 412384 0 0 0 0 0 0 0 
_1.ptx 1440 : 15923 4109285 2688 0 0 0 0 0 0 
_1.ptx 617 : 65536 3532576 169856 0 0 0 0 0 0 
_1.ptx 1441 : 15923 4301283 2432 0 0 0 0 0 0 
_1.ptx 618 : 65536 412512 0 0 0 0 0 0 0 
_1.ptx 1442 : 15923 4900816 9984 0 0 0 0 0 0 
_1.ptx 619 : 65536 3850848 173184 0 0 0 0 0 0 
_1.ptx 1443 : 15923 5782917 78592 0 0 0 0 0 0 
_1.ptx 620 : 65536 415072 0 0 0 0 0 0 0 
_1.ptx 1444 : 15923 4875692 2816 0 0 0 0 0 0 
_1.ptx 621 : 65536 4074624 210816 0 0 0 0 0 0 
_1.ptx 1445 : 15923 101146 0 0 0 0 0 0 0 
_1.ptx 622 : 65536 412928 0 0 0 0 0 0 0 
_1.ptx 1446 : 15923 146884 0 0 0 0 0 0 0 
_1.ptx 623 : 65536 4293824 212480 0 0 0 0 0 0 
_1.ptx 1447 : 15923 250081 128 0 0 0 0 0 0 
_1.ptx 624 : 65536 412384 0 0 0 0 0 0 0 
_1.ptx 1448 : 15923 101349 0 0 0 0 0 0 0 
_1.ptx 625 : 65536 4167840 212224 0 0 0 0 0 0 
_1.ptx 1449 : 15923 147559 0 0 0 0 0 0 0 
_1.ptx 626 : 65536 413728 0 0 0 0 0 0 0 
_1.ptx 1450 : 15923 196987 928 0 0 0 0 0 0 
_1.ptx 627 : 65536 3539424 214400 0 0 0 0 0 0 
_1.ptx 1451 : 15923 101184 0 0 0 0 0 0 0 
_1.ptx 628 : 65536 415008 0 0 0 0 0 0 0 
_1.ptx 1452 : 15923 147614 0 0 0 0 0 0 0 
_1.ptx 629 : 65536 3836320 233472 0 0 0 0 0 0 
_1.ptx 1453 : 15923 222824 1280 0 0 0 0 0 0 
_1.ptx 630 : 65536 418624 0 0 0 0 0 0 0 
_1.ptx 1454 : 15923 100658 0 0 0 0 0 0 0 
_1.ptx 631 : 65536 4104960 233344 0 0 0 0 0 0 
_1.ptx 1455 : 15923 147509 0 0 0 0 0 0 0 
_1.ptx 632 : 65536 414144 0 0 0 0 0 0 0 
_1.ptx 1456 : 15923 188419 768 0 0 0 0 0 0 
_1.ptx 633 : 65536 4064640 232320 0 0 0 0 0 0 
_1.ptx 1457 : 15923 165323 0 0 0 0 0 0 0 
_1.ptx 634 : 65536 413152 0 0 0 0 0 0 0 
_1.ptx 1458 : 15923 164485 0 0 0 0 0 0 0 
_1.ptx 635 : 65536 3933312 234368 0 0 0 0 0 0 
_1.ptx 1459 : 15923 104552 0 0 0 0 0 0 0 
_1.ptx 636 : 65536 412928 0 0 0 0 0 0 0 
_1.ptx 1460 : 15923 132072 0 0 0 0 0 0 0 
_1.ptx 637 : 65536 3963072 238848 0 0 0 0 0 0 
_1.ptx 1461 : 15923 34709 0 0 0 0 0 0 386 
_1.ptx 638 : 65536 411936 0 0 0 0 0 0 0 
_1.ptx 639 : 65536 4156768 239360 0 0 0 0 0 0 
_1.ptx 640 : 65536 413280 0 0 0 0 0 0 0 
_1.ptx 1464 : 65536 31446944 177152 0 0 4096 2048 0 0 
_1.ptx 641 : 65536 4070208 237696 0 0 0 0 0 0 
_1.ptx 1465 : 65536 10326400 8576 0 0 0 0 0 0 
_1.ptx 642 : 65536 414144 0 0 0 0 0 0 0 
_1.ptx 1466 : 65536 481888 0 0 0 0 0 0 0 
_1.ptx 643 : 65536 3781120 238464 0 0 0 0 0 0 
_1.ptx 1467 : 65536 420160 0 0 0 0 0 0 0 
_1.ptx 644 : 65536 415968 0 0 0 0 0 0 0 
_1.ptx 1468 : 65536 734208 0 0 0 0 0 0 0 
_1.ptx 645 : 65536 420256 0 0 0 0 0 0 0 
_1.ptx 1469 : 65536 479488 0 0 0 0 0 0 0 
_1.ptx 646 : 65536 544704 0 0 0 0 0 0 0 
_1.ptx 1470 : 65536 10036768 7808 0 0 0 0 0 0 
_1.ptx 647 : 65536 413728 0 0 0 0 0 0 0 
_1.ptx 1471 : 65536 480704 0 0 0 0 0 0 0 
_1.ptx 648 : 65536 418496 0 0 0 0 0 0 0 
_1.ptx 1472 : 65536 417440 0 0 0 0 0 0 0 
_1.ptx 649 : 65536 543712 0 0 0 0 0 0 0 
_1.ptx 1473 : 65536 737280 0 0 0 0 0 0 0 
_1.ptx 650 : 65536 419328 0 0 0 0 0 0 0 
_1.ptx 1474 : 65536 480928 0 0 0 0 0 0 0 
_1.ptx 651 : 65536 734976 0 0 0 0 0 0 0 
_1.ptx 1475 : 65536 482080 0 0 0 0 0 0 0 
_1.ptx 652 : 65536 415072 0 0 0 0 0 0 0 
_1.ptx 1476 : 65536 538304 0 0 0 0 0 0 0 
_1.ptx 653 : 65536 732832 0 0 0 0 0 0 0 
_1.ptx 1477 : 65536 8113056 7296 0 0 0 0 0 0 
_1.ptx 654 : 65536 2792032 128 0 0 0 0 0 0 
_1.ptx 1478 : 65536 483392 0 0 0 0 0 0 0 
_1.ptx 655 : 65536 2203040 0 0 0 0 0 0 0 
_1.ptx 1479 : 65536 420544 0 0 0 0 0 0 0 
_1.ptx 656 : 65536 542048 0 0 0 0 0 0 0 
_1.ptx 1480 : 65536 735392 0 0 0 0 0 0 0 
_1.ptx 657 : 65536 487296 0 0 0 0 0 0 0 
_1.ptx 1481 : 65536 486048 0 0 0 0 0 0 0 
_1.ptx 658 : 65536 540672 0 0 0 0 0 0 0 
_1.ptx 1482 : 65536 479680 0 0 0 0 0 0 0 
_1.ptx 659 : 65536 483904 0 0 0 0 0 0 0 
_1.ptx 1483 : 65536 10202272 12160 0 0 0 0 0 0 
_1.ptx 660 : 65536 545216 0 0 0 0 0 0 0 
_1.ptx 1484 : 65536 483840 0 0 0 0 0 0 0 
_1.ptx 661 : 65536 416992 0 0 0 0 0 0 0 
_1.ptx 1485 : 65536 422176 0 0 0 0 0 0 0 
_1.ptx 662 : 65536 542080 0 0 0 0 0 0 0 
_1.ptx 1486 : 65536 736000 0 0 0 0 0 0 0 
_1.ptx 663 : 65536 0 0 0 0 0 0 0 0 
_1.ptx 1487 : 65536 480160 0 0 0 0 0 0 0 
_1.ptx 1488 : 65536 480352 0 0 0 0 0 0 0 
_1.ptx 665 : 65536 784800 0 0 0 0 0 0 0 
_1.ptx 1489 : 65536 538816 0 0 0 0 0 0 0 
_1.ptx 666 : 65536 2341952 0 0 0 0 0 0 0 
_1.ptx 1490 : 65536 539360 0 0 0 0 0 0 0 
_1.ptx 667 : 65536 735808 0 0 0 0 0 0 0 
_1.ptx 1491 : 65536 732352 0 0 0 0 0 0 0 
_1.ptx 668 : 65536 485472 0 0 0 0 0 0 0 
_1.ptx 1492 : 65536 1651584 64 0 0 4096 2048 0 0 
_1.ptx 669 : 65536 712416 0 0 0 0 0 0 0 
_1.ptx 670 : 65536 737664 0 0 0 0 0 0 0 
_1.ptx 671 : 65536 421792 0 0 0 0 0 0 0 
_1.ptx 1495 : 65536 406336 0 0 0 0 0 0 0 
_1.ptx 672 : 65536 4088672 170048 0 0 4096 2048 0 0 
_1.ptx 674 : 65536 4226592 128 0 0 0 0 0 0 
_1.ptx 675 : 65536 3817760 0 0 0 0 0 0 0 
_1.ptx 676 : 65536 1728448 0 0 0 0 0 0 0 
_1.ptx 678 : 65536 1142688 0 0 0 0 0 0 0 
_1.ptx 679 : 65536 1071552 0 0 0 0 0 0 0 
_1.ptx 680 : 65536 744640 0 0 0 0 0 0 0 
_1.ptx 681 : 65536 1343360 0 0 0 0 0 0 0 
_1.ptx 682 : 65536 533632 0 0 0 0 0 0 0 
_1.ptx 683 : 65536 522464 0 0 0 0 0 0 0 
_1.ptx 684 : 65536 1624384 0 0 0 0 0 0 0 
_1.ptx 685 : 65536 749440 0 0 0 0 0 0 0 
_1.ptx 686 : 65536 1398816 0 0 0 0 0 0 0 
_1.ptx 687 : 65536 756608 0 0 0 0 0 0 0 
_1.ptx 688 : 65536 509152 0 0 0 0 0 0 0 
_1.ptx 689 : 65536 510752 0 0 0 0 0 0 0 
_1.ptx 690 : 65536 512128 0 0 0 0 0 0 0 
_1.ptx 691 : 65536 442080 0 0 0 0 0 0 0 
_1.ptx 692 : 65536 3091104 0 0 0 0 0 0 0 
_1.ptx 693 : 65536 418208 0 0 0 0 0 0 0 
_1.ptx 694 : 65536 739776 0 0 0 0 0 0 0 
_1.ptx 695 : 65536 746496 0 0 0 0 0 0 0 
_1.ptx 696 : 65536 426400 0 0 0 0 0 0 0 
_1.ptx 697 : 65536 743744 0 0 0 0 0 0 0 
_1.ptx 698 : 65536 738944 0 0 0 0 0 0 0 
_1.ptx 699 : 65536 1611872 0 0 0 0 0 0 0 
_1.ptx 700 : 65536 737760 0 0 0 0 0 0 0 
_1.ptx 701 : 65536 1371872 0 0 0 0 0 0 0 
_1.ptx 702 : 65536 736608 0 0 0 0 0 0 0 
_1.ptx 703 : 65536 1448512 0 0 0 0 0 0 0 
_1.ptx 704 : 65536 739168 0 0 0 0 0 0 0 
_1.ptx 705 : 65536 1201440 0 0 0 0 0 0 0 
_1.ptx 706 : 65536 740000 0 0 0 0 0 0 0 
_1.ptx 707 : 65536 1092384 0 0 0 0 0 0 0 
_1.ptx 708 : 65536 736704 0 0 0 0 0 0 0 
_1.ptx 709 : 65536 1113056 0 0 0 0 0 0 0 
_1.ptx 710 : 65536 745792 0 0 0 0 0 0 0 
_1.ptx 711 : 65536 763872 0 0 0 0 0 0 0 
_1.ptx 712 : 65536 771168 0 0 0 0 0 0 0 
_1.ptx 713 : 65536 773696 0 0 0 0 0 0 0 
_1.ptx 714 : 65536 775200 0 0 0 0 0 0 0 
_1.ptx 715 : 65536 784288 0 0 0 0 0 0 0 
_1.ptx 716 : 65536 795392 0 0 0 0 0 0 0 
_1.ptx 717 : 65536 784128 0 0 0 0 0 0 0 
_1.ptx 718 : 65536 776800 0 0 0 0 0 0 0 
_1.ptx 719 : 65536 775968 0 0 0 0 0 0 0 
_1.ptx 720 : 65536 767136 0 0 0 0 0 0 0 
_1.ptx 721 : 65536 767328 0 0 0 0 0 0 0 
_1.ptx 722 : 65536 764832 0 0 0 0 0 0 0 
_1.ptx 723 : 65536 777184 0 0 0 0 0 0 0 
_1.ptx 724 : 65536 625408 0 0 0 0 0 0 0 
_1.ptx 725 : 65536 615488 0 0 0 0 0 0 0 
_1.ptx 726 : 65536 1537952 0 0 0 0 0 0 0 
_1.ptx 727 : 65536 752896 0 0 0 0 0 0 0 
_1.ptx 728 : 65536 755360 0 0 0 0 0 0 0 
_1.ptx 729 : 65536 769920 0 0 0 0 0 0 0 
_1.ptx 731 : 65536 438560 0 0 0 0 0 0 0 
_1.ptx 733 : 65536 495520 0 0 0 0 0 0 0 
_1.ptx 734 : 65536 504064 0 0 0 0 0 0 0 
_1.ptx 735 : 65536 497344 0 0 0 0 0 0 0 
_1.ptx 736 : 65536 487360 0 0 0 0 0 0 0 
_1.ptx 738 : 127467 1000328 0 0 0 0 0 0 0 
_1.ptx 739 : 127467 876964 0 0 0 0 0 0 0 
_1.ptx 740 : 127467 847303 0 0 0 0 0 0 0 
_1.ptx 744 : 509868 5566043 768 0 0 17236 17236 0 0 
_1.ptx 745 : 509868 4943938 0 0 0 17236 17236 0 0 
_1.ptx 746 : 509868 6134583 768 0 0 17236 17236 0 0 
_1.ptx 747 : 509868 4787590 0 0 0 17236 17236 0 0 
_1.ptx 748 : 509868 4349206 0 0 0 17236 17236 0 0 
_1.ptx 749 : 509868 3393755 0 0 0 0 0 0 0 
_1.ptx 750 : 509868 4399956 0 0 0 0 0 0 0 
_1.ptx 751 : 509868 2692552 0 0 0 0 0 0 0 
_1.ptx 753 : 127467 981351 0 0 0 0 0 0 0 
_1.ptx 754 : 127467 861575 0 0 0 0 0 0 0 
_1.ptx 755 : 127467 1083942 0 0 0 0 0 0 0 
_1.ptx 756 : 127467 861727 0 0 0 0 0 0 0 
_1.ptx 761 : 127467 1451755 0 0 0 0 0 0 0 
_1.ptx 762 : 127467 6204532 0 0 0 0 0 0 0 
_1.ptx 763 : 127467 838024 0 0 0 0 0 0 0 
_1.ptx 764 : 127467 852542 0 0 0 0 0 0 0 
_1.ptx 765 : 127467 1075759 0 0 0 0 0 0 0 
_1.ptx 766 : 127467 1203847 0 0 0 0 0 0 0 
_1.ptx 769 : 127467 1005382 0 0 0 0 0 0 0 
_1.ptx 770 : 127467 885779 0 0 0 0 0 0 0 
_1.ptx 773 : 382401 4472895 0 0 0 0 0 0 0 
_1.ptx 774 : 382401 1663148 0 0 0 0 0 0 0 
_1.ptx 775 : 382401 4516092 0 0 0 0 0 0 0 
_1.ptx 776 : 382401 4508010 0 0 0 0 0 0 0 
_1.ptx 777 : 382401 4556372 0 0 0 0 0 0 0 
_1.ptx 778 : 382401 4573570 0 0 0 0 0 0 0 
_1.ptx 779 : 382401 4570817 0 0 0 0 0 0 0 
_1.ptx 780 : 382401 4573494 0 0 0 0 0 0 0 
_1.ptx 781 : 382401 3742463 0 0 0 0 0 0 0 
_1.ptx 782 : 382401 3830826 0 0 0 0 0 0 0 
_1.ptx 783 : 382401 3722120 0 0 0 0 0 0 0 
_1.ptx 784 : 382401 3817427 0 0 0 0 0 0 0 
_1.ptx 785 : 382401 3376005 0 0 0 0 0 0 0 
_1.ptx 786 : 382401 3139109 0 0 0 0 0 0 0 
_1.ptx 787 : 382401 2752201 0 0 0 0 0 0 0 
_1.ptx 788 : 382401 3371429 0 0 0 0 0 0 0 
_1.ptx 789 : 382401 3122264 0 0 0 0 0 0 0 
_1.ptx 790 : 382401 3381324 0 0 0 0 0 0 0 
_1.ptx 791 : 382401 2747555 0 0 0 0 0 0 0 
_1.ptx 792 : 382401 3357660 0 0 0 0 0 0 0 
_1.ptx 793 : 382401 1957948 0 0 0 0 0 0 1523 
_1.ptx 794 : 105477 774359 0 0 0 0 0 0 0 
_1.ptx 795 : 105477 765620 0 0 0 0 0 0 0 
_1.ptx 797 : 276924 3256554 0 0 0 0 0 0 0 
_1.ptx 798 : 276924 3241147 0 0 0 0 0 0 0 
_1.ptx 799 : 276924 2414584 0 0 0 0 0 0 0 
_1.ptx 800 : 276924 141128 0 0 0 0 0 0 715 
_1.ptx 801 : 257599 1830099 0 0 0 0 0 0 0 
_1.ptx 802 : 257599 1850094 0 0 0 0 0 0 0 
_1.ptx 805 : 19325 227385 0 0 0 0 0 0 0 
_1.ptx 806 : 19325 356537 0 0 0 0 0 0 0 
_1.ptx 807 : 19325 228969 0 0 0 0 0 0 0 
_1.ptx 808 : 19325 231560 0 0 0 0 0 0 0 
_1.ptx 809 : 19325 186599 0 0 0 0 0 0 0 
_1.ptx 813 : 382401 3130362 0 0 0 0 0 0 0 
_1.ptx 815 : 509868 3582997 0 0 0 0 0 0 0 
_1.ptx 816 : 509868 4384526 0 0 0 0 0 0 0 
_1.ptx 817 : 509868 4054673 0 0 0 0 0 0 0 
_1.ptx 818 : 509868 4381224 0 0 0 0 0 0 0 
_1.ptx 819 : 509868 4056942 0 0 0 0 0 0 0 
_1.ptx 820 : 509868 4437099 0 0 0 0 0 0 0 
_1.ptx 821 : 509868 3527727 0 0 0 0 0 0 0 
_1.ptx 822 : 509868 4408707 0 0 0 0 0 0 0 
