kernel line : count latency dram_traffic smem_bk_conflicts smem_warp gmem_access_generated gmem_warp exposed_latency warp_divergence
_1.ptx 823 : 509868 3056315 0 0 0 0 0 0 1125 
_1.ptx 825 : 74702 591940 0 0 0 0 0 0 0 
_1.ptx 827 : 74702 617915 0 0 0 0 0 0 0 
_1.ptx 829 : 509868 5572017 0 0 0 0 0 0 0 
_1.ptx 830 : 509868 5624358 0 0 0 0 0 0 0 
_1.ptx 831 : 509868 3794561 0 0 0 0 0 0 0 
_1.ptx 832 : 509868 4472642 0 0 0 0 0 0 0 
_1.ptx 833 : 509868 2667108 0 0 0 0 0 0 0 
_1.ptx 834 : 127467 909205 0 0 0 0 0 0 0 
_1.ptx 835 : 127467 1099976 0 0 0 0 0 0 0 
_1.ptx 836 : 127467 1022745 0 0 0 0 0 0 0 
_1.ptx 837 : 127467 891337 0 0 0 0 0 0 0 
_1.ptx 838 : 127467 1097824 0 0 0 0 0 0 0 
_1.ptx 839 : 127467 1007449 0 0 0 0 0 0 0 
_1.ptx 840 : 127467 1099932 0 0 0 0 0 0 0 
_1.ptx 841 : 127467 890817 0 0 0 0 0 0 0 
_1.ptx 842 : 127467 1092220 0 0 0 0 0 0 0 
_1.ptx 843 : 127467 443353 0 0 0 0 0 0 631 
_1.ptx 845 : 62282 684854 0 0 0 0 0 0 0 
_1.ptx 847 : 62282 513032 0 0 0 0 0 0 0 
_1.ptx 848 : 62282 489920 0 0 0 0 0 0 0 
_1.ptx 849 : 62282 829265 0 0 0 0 0 0 0 
_1.ptx 850 : 62282 715289 0 0 0 0 0 0 0 
_1.ptx 851 : 62282 300063 0 0 0 2349 2349 0 0 
_1.ptx 852 : 62282 301663 0 0 0 2349 2349 0 0 
_1.ptx 853 : 62282 304740 0 0 0 2544 2349 0 0 
_1.ptx 854 : 62282 303358 0 0 0 2544 2349 0 0 
_1.ptx 855 : 62282 308587 0 0 0 2544 2349 0 0 
_1.ptx 856 : 62282 314274 0 0 0 2544 2349 0 0 
_1.ptx 857 : 62282 306503 0 0 0 2544 2349 0 0 
_1.ptx 859 : 62282 705014 0 0 0 0 0 0 0 
_1.ptx 860 : 62282 706308 0 0 0 0 0 0 0 
_1.ptx 861 : 62282 707214 0 0 0 0 0 0 0 
_1.ptx 862 : 62282 718487 0 0 0 0 0 0 0 
_1.ptx 863 : 62282 721163 0 0 0 0 0 0 0 
_1.ptx 864 : 62282 714121 0 0 0 0 0 0 0 
_1.ptx 865 : 62282 329716 0 0 0 2544 2349 0 0 
_1.ptx 866 : 62282 434210 0 0 0 0 0 0 0 
_1.ptx 867 : 62282 538307 0 0 0 0 0 0 0 
_1.ptx 868 : 62282 128830 0 0 0 0 0 0 305 
_1.ptx 870 : 43133 309449 0 0 0 0 0 0 0 
_1.ptx 871 : 43133 302020 0 0 0 0 0 0 0 
_1.ptx 872 : 43133 308608 0 0 0 0 0 0 0 
_1.ptx 873 : 43133 297344 0 0 0 0 0 0 0 
_1.ptx 875 : 19149 78143 0 0 0 0 0 0 0 
_1.ptx 876 : 19149 220439 0 0 0 0 0 0 0 
_1.ptx 877 : 19149 220551 0 0 0 0 0 0 0 
_1.ptx 878 : 19149 221919 0 0 0 0 0 0 0 
_1.ptx 879 : 19149 224700 0 0 0 0 0 0 0 
_1.ptx 880 : 19149 225968 0 0 0 0 0 0 0 
_1.ptx 881 : 19149 182306 0 0 0 0 0 0 0 
_1.ptx 882 : 19149 184896 0 0 0 0 0 0 0 
_1.ptx 883 : 19149 646729 0 0 0 0 0 0 0 
_1.ptx 884 : 19149 245219 0 0 0 0 0 0 0 
_1.ptx 885 : 19149 253697 0 0 0 0 0 0 0 
_1.ptx 886 : 19149 253906 0 0 0 0 0 0 0 
_1.ptx 888 : 62282 728174 0 0 0 0 0 0 0 
_1.ptx 889 : 62282 725451 0 0 0 0 0 0 0 
_1.ptx 890 : 62282 740050 0 0 0 0 0 0 0 
_1.ptx 891 : 62282 776704 0 0 0 0 0 0 0 
_1.ptx 892 : 62282 617139 0 0 0 0 0 0 0 
_1.ptx 893 : 62282 606053 0 0 0 0 0 0 0 
_1.ptx 894 : 62282 2094977 0 0 0 0 0 0 0 
_1.ptx 895 : 62282 732355 0 0 0 0 0 0 0 
_1.ptx 896 : 62282 725728 0 0 0 0 0 0 0 
_1.ptx 897 : 62282 735720 0 0 0 0 0 0 0 
_1.ptx 898 : 62282 717298 0 0 0 0 0 0 0 
_1.ptx 899 : 62282 597985 0 0 0 0 0 0 0 
_1.ptx 900 : 62282 597957 0 0 0 0 0 0 0 
_1.ptx 901 : 62282 429118 0 0 0 0 0 0 0 
_1.ptx 902 : 62282 536756 0 0 0 0 0 0 0 
_1.ptx 903 : 62282 432014 0 0 0 0 0 0 0 
_1.ptx 910 : 62282 486347 0 0 0 0 0 0 0 
_1.ptx 911 : 62282 491414 0 0 0 0 0 0 0 
_1.ptx 912 : 62282 502072 0 0 0 0 0 0 0 
_1.ptx 915 : 62282 442522 0 0 0 0 0 0 0 
_1.ptx 916 : 62282 721962 0 0 0 0 0 0 0 
_1.ptx 917 : 62282 489637 0 0 0 0 0 0 0 
_1.ptx 918 : 62282 963386 0 0 0 0 0 0 0 
_1.ptx 919 : 62282 710345 0 0 0 0 0 0 0 
_1.ptx 920 : 62282 582173 25600 0 0 0 0 0 0 
_1.ptx 921 : 62282 416788 0 0 0 0 0 0 0 
_1.ptx 922 : 62282 716218 0 0 0 0 0 0 0 
_1.ptx 923 : 62282 757714 47264 0 0 0 0 0 0 
_1.ptx 924 : 62282 416311 0 0 0 0 0 0 0 
_1.ptx 925 : 62282 711681 0 0 0 0 0 0 0 
_1.ptx 926 : 62282 977174 24960 0 0 0 0 0 0 
_1.ptx 927 : 62282 409708 0 0 0 0 0 0 0 
_1.ptx 928 : 62282 711771 0 0 0 0 0 0 0 
_1.ptx 929 : 62282 1029564 16864 0 0 0 0 0 0 
_1.ptx 931 : 62282 411852 0 0 0 0 0 0 0 
_1.ptx 932 : 62282 713881 0 0 0 0 0 0 0 
_1.ptx 933 : 62282 421750 0 0 0 0 0 0 0 
_1.ptx 934 : 62282 710288 0 0 0 0 0 0 0 
_1.ptx 935 : 62282 409646 0 0 0 0 0 0 0 
_1.ptx 936 : 62282 716284 0 0 0 0 0 0 0 
_1.ptx 937 : 62282 745201 0 0 0 0 0 0 0 
_1.ptx 938 : 62282 600393 0 0 0 0 0 0 0 
_1.ptx 939 : 62282 594576 0 0 0 0 0 0 0 
_1.ptx 940 : 62282 2248998 0 0 0 0 0 0 0 
_1.ptx 941 : 62282 759599 0 0 0 0 0 0 0 
_1.ptx 942 : 62282 767321 0 0 0 0 0 0 0 
_1.ptx 943 : 62282 788187 0 0 0 0 0 0 0 
_1.ptx 944 : 62282 773912 0 0 0 0 0 0 0 
_1.ptx 945 : 62282 599205 0 0 0 0 0 0 0 
_1.ptx 946 : 62282 598822 0 0 0 0 0 0 0 
_1.ptx 947 : 62282 437224 0 0 0 0 0 0 0 
_1.ptx 948 : 62282 542457 0 0 0 0 0 0 0 
_1.ptx 949 : 62282 37581 0 0 0 0 0 0 318 
_1.ptx 951 : 56815 448677 0 0 0 0 0 0 0 
_1.ptx 952 : 56815 358350 0 0 0 0 0 0 0 
_1.ptx 955 : 220903 1034104 0 0 0 8579 8579 0 0 
_1.ptx 956 : 220903 1037775 0 0 0 8579 8579 0 0 
_1.ptx 957 : 220903 1020188 0 0 0 8579 8579 0 0 
_1.ptx 958 : 220903 1020039 0 0 0 8579 8579 0 0 
_1.ptx 959 : 220903 1476656 0 0 0 0 0 0 0 
_1.ptx 960 : 220903 1889882 0 0 0 0 0 0 0 
_1.ptx 961 : 220903 1140123 0 0 0 0 0 0 0 
_1.ptx 963 : 56815 435431 0 0 0 0 0 0 0 
_1.ptx 964 : 56815 379064 0 0 0 0 0 0 0 
_1.ptx 965 : 56815 478355 0 0 0 0 0 0 0 
_1.ptx 966 : 56815 371850 0 0 0 0 0 0 0 
_1.ptx 971 : 56815 364781 0 0 0 0 0 0 0 
_1.ptx 972 : 56815 526700 0 0 0 0 0 0 0 
_1.ptx 973 : 56815 640701 0 0 0 0 0 0 0 
_1.ptx 974 : 56815 3338714 0 0 0 0 0 0 0 
_1.ptx 976 : 56815 368343 0 0 0 0 0 0 0 
_1.ptx 977 : 56815 375569 0 0 0 0 0 0 0 
_1.ptx 978 : 56815 489972 0 0 0 0 0 0 0 
_1.ptx 979 : 56815 532308 0 0 0 0 0 0 0 
_1.ptx 982 : 56815 441337 0 0 0 0 0 0 0 
_1.ptx 983 : 56815 384568 0 0 0 0 0 0 0 
_1.ptx 986 : 164088 751241 0 0 0 6402 6402 0 0 
_1.ptx 987 : 164088 620540 0 0 0 0 0 0 0 
_1.ptx 988 : 164088 1938057 0 0 0 0 0 0 0 
_1.ptx 989 : 164088 1148114 0 0 0 0 0 0 0 
_1.ptx 990 : 164088 1942574 0 0 0 0 0 0 0 
_1.ptx 991 : 164088 1180849 0 0 0 0 0 0 0 
_1.ptx 992 : 164088 1954978 0 0 0 0 0 0 0 
_1.ptx 993 : 164088 1201684 0 0 0 0 0 0 0 
_1.ptx 994 : 164088 1949342 0 0 0 0 0 0 0 
_1.ptx 995 : 164088 1948058 0 0 0 0 0 0 0 
_1.ptx 996 : 164088 1984124 0 0 0 0 0 0 0 
_1.ptx 997 : 164088 1977200 0 0 0 0 0 0 0 
_1.ptx 998 : 164088 1983037 0 0 0 0 0 0 0 
_1.ptx 999 : 164088 1976933 0 0 0 0 0 0 0 
_1.ptx 1000 : 164088 2001289 0 0 0 0 0 0 0 
_1.ptx 1001 : 164088 2025385 0 0 0 0 0 0 0 
_1.ptx 1002 : 164088 1669568 0 0 0 0 0 0 0 
_1.ptx 1003 : 164088 1657357 0 0 0 0 0 0 0 
_1.ptx 1004 : 164088 1990618 0 0 0 0 0 0 0 
_1.ptx 1005 : 164088 1639994 0 0 0 0 0 0 0 
_1.ptx 1006 : 164088 1636875 0 0 0 0 0 0 0 
_1.ptx 1007 : 164088 1999496 0 0 0 0 0 0 0 
_1.ptx 1008 : 164088 1502345 0 0 0 0 0 0 0 
_1.ptx 1009 : 164088 1393147 0 0 0 0 0 0 0 
_1.ptx 1010 : 164088 1178424 0 0 0 0 0 0 0 
_1.ptx 1011 : 164088 1459989 0 0 0 0 0 0 0 
_1.ptx 1012 : 164088 1353973 0 0 0 0 0 0 0 
_1.ptx 1013 : 164088 1463716 0 0 0 0 0 0 0 
_1.ptx 1014 : 164088 1196092 0 0 0 0 0 0 0 
_1.ptx 1015 : 164088 1460097 0 0 0 0 0 0 0 
_1.ptx 1016 : 164088 822993 0 0 0 0 0 0 965 
_1.ptx 1017 : 50431 370108 0 0 0 0 0 0 0 
_1.ptx 1018 : 50431 365708 0 0 0 0 0 0 0 
_1.ptx 1020 : 113657 1352023 0 0 0 0 0 0 0 
_1.ptx 1021 : 113657 1352837 0 0 0 0 0 0 0 
_1.ptx 1022 : 113657 1021981 0 0 0 0 0 0 0 
_1.ptx 1023 : 113657 45688 0 0 0 0 0 0 344 
_1.ptx 1024 : 107587 797108 0 0 0 0 0 0 0 
_1.ptx 1025 : 107587 805410 0 0 0 0 0 0 0 
_1.ptx 1028 : 6070 72228 0 0 0 0 0 0 0 
_1.ptx 1029 : 6070 117823 0 0 0 0 0 0 0 
_1.ptx 1030 : 6070 73384 0 0 0 0 0 0 0 
_1.ptx 1031 : 6070 74490 0 0 0 0 0 0 0 
_1.ptx 1032 : 6070 59505 0 0 0 0 0 0 0 
_1.ptx 1036 : 164088 1367668 0 0 0 0 0 0 0 
_1.ptx 1039 : 220903 1584529 0 0 0 0 0 0 0 
_1.ptx 1040 : 220903 1925462 0 0 0 0 0 0 0 
_1.ptx 1041 : 220903 1510963 0 0 0 0 0 0 370 
_1.ptx 1042 : 6068 72080 0 0 0 0 0 0 0 
_1.ptx 1043 : 6068 73272 0 0 0 0 0 0 0 
_1.ptx 1044 : 6068 73949 0 0 0 0 0 0 0 
_1.ptx 1045 : 6068 73131 0 0 0 0 0 0 0 
_1.ptx 1046 : 6068 73369 0 0 0 0 0 0 0 
_1.ptx 1047 : 6068 73271 0 0 0 0 0 0 0 
_1.ptx 1048 : 6068 75404 0 0 0 0 0 0 0 
_1.ptx 1049 : 6068 60522 0 0 0 0 0 0 0 
_1.ptx 1050 : 6068 61376 0 0 0 0 0 0 0 
_1.ptx 1051 : 6068 55376 0 0 0 0 0 0 0 
_1.ptx 1052 : 6068 46492 0 0 0 0 0 0 0 
_1.ptx 1057 : 220903 2403429 0 0 0 0 0 0 0 
_1.ptx 1058 : 220903 2411209 0 0 0 0 0 0 0 
_1.ptx 1059 : 220903 1689001 0 0 0 0 0 0 0 
_1.ptx 1060 : 220903 1939338 0 0 0 0 0 0 0 
_1.ptx 1061 : 220903 378808 0 0 0 0 0 0 0 
_1.ptx 1062 : 169119 1235709 0 0 0 0 0 0 0 
_1.ptx 1063 : 169119 1463022 0 0 0 0 0 0 0 
_1.ptx 1064 : 169119 1140301 0 0 0 0 0 0 295 
_1.ptx 1065 : 5031 36923 0 0 0 0 0 0 0 
_1.ptx 1067 : 51784 376101 0 0 0 0 0 0 0 
_1.ptx 1068 : 51784 459740 0 0 0 0 0 0 0 
_1.ptx 1071 : 56815 44603 0 0 0 0 0 0 318 
_1.ptx 1073 : 50745 599871 0 0 0 0 0 0 0 
_1.ptx 1074 : 50745 606601 0 0 0 0 0 0 0 
_1.ptx 1075 : 50745 608597 0 0 0 0 0 0 0 
_1.ptx 1076 : 50745 634533 0 0 0 0 0 0 0 
_1.ptx 1077 : 50745 501499 0 0 0 0 0 0 0 
_1.ptx 1078 : 50745 497949 0 0 0 0 0 0 0 
_1.ptx 1079 : 50745 1198460 0 0 0 0 0 0 0 
_1.ptx 1081 : 50745 373048 0 0 0 0 0 0 0 
_1.ptx 1082 : 50745 1077243 0 0 0 0 0 0 0 
_1.ptx 1083 : 50745 412322 0 0 0 0 0 0 0 
_1.ptx 1084 : 50745 719054 0 0 0 0 0 0 0 
_1.ptx 1085 : 50745 654712 0 0 0 0 0 0 0 
_1.ptx 1086 : 50745 603773 0 0 0 0 0 0 0 
_1.ptx 1087 : 50745 364116 128 0 0 0 0 0 0 
_1.ptx 1088 : 50745 363998 0 0 0 0 0 0 0 
_1.ptx 1089 : 50745 586347 0 0 0 0 0 0 0 
_1.ptx 1090 : 50745 596031 0 0 0 0 0 0 0 
_1.ptx 1091 : 50745 602624 0 0 0 0 0 0 0 
_1.ptx 1092 : 50745 369598 0 0 0 0 0 0 0 
_1.ptx 1093 : 50745 364817 0 0 0 0 0 0 0 
_1.ptx 1094 : 50745 592257 0 0 0 0 0 0 0 
_1.ptx 1095 : 50745 598312 0 0 0 0 0 0 0 
_1.ptx 1096 : 50745 606797 0 0 0 0 0 0 0 
_1.ptx 1097 : 50745 622176 256 0 0 0 0 0 0 
_1.ptx 1098 : 50745 365249 0 0 0 0 0 0 0 
_1.ptx 1099 : 50745 597227 0 0 0 0 0 0 0 
_1.ptx 1100 : 50745 492218 0 0 0 0 0 0 0 
_1.ptx 1101 : 50745 712760 0 0 0 0 0 0 0 
_1.ptx 1103 : 50745 587163 0 0 0 0 0 0 0 
_1.ptx 1104 : 50745 591018 0 0 0 0 0 0 0 
_1.ptx 1105 : 50745 594542 0 0 0 0 0 0 0 
_1.ptx 1106 : 50745 502686 0 0 0 0 0 0 0 
_1.ptx 1107 : 50745 611655 0 0 0 0 0 0 0 
_1.ptx 1108 : 50745 509300 0 0 0 0 0 0 0 
_1.ptx 1109 : 50745 380336 0 0 0 0 0 0 0 
_1.ptx 1110 : 50745 1097791 0 0 0 0 0 0 0 
_1.ptx 1111 : 50745 417324 0 0 0 0 0 0 0 
_1.ptx 1112 : 50745 1102629 0 0 0 0 0 0 0 
_1.ptx 1113 : 50745 423691 0 0 0 0 0 0 0 
_1.ptx 1114 : 50745 468418 0 0 0 0 0 0 0 
_1.ptx 1115 : 50745 372916 0 0 0 0 0 0 0 
_1.ptx 1121 : 50745 416189 0 0 0 0 0 0 0 
_1.ptx 1122 : 50745 367909 0 0 0 0 0 0 0 
_1.ptx 1123 : 50745 436299 0 0 0 0 0 0 0 
_1.ptx 1124 : 50745 0 0 0 0 0 0 0 0 
_1.ptx 1125 : 50745 327228 0 0 0 0 0 0 0 
_1.ptx 1133 : 50745 322987 0 0 0 0 0 0 0 
_1.ptx 1134 : 50745 423015 0 0 0 0 0 0 0 
_1.ptx 1135 : 50745 336200 0 0 0 0 0 0 0 
_1.ptx 1140 : 50745 327116 0 0 0 0 0 0 0 
_1.ptx 1141 : 50745 422871 0 0 0 0 0 0 0 
_1.ptx 1142 : 50745 332916 0 0 0 0 0 0 0 
_1.ptx 1157 : 50745 332456 0 0 0 0 0 0 0 
_1.ptx 1158 : 50745 427190 0 0 0 0 0 0 0 
_1.ptx 1159 : 50745 332021 0 0 0 0 0 0 0 
_1.ptx 1181 : 50745 329003 0 0 0 0 0 0 0 
_1.ptx 1182 : 50745 428855 0 0 0 0 0 0 0 
_1.ptx 1183 : 50745 329894 0 0 0 0 0 0 0 
_1.ptx 1196 : 50745 379674 0 0 0 0 0 0 0 
_1.ptx 1197 : 50745 379608 0 0 0 0 0 0 0 
_1.ptx 1198 : 50745 386677 0 0 0 0 0 0 0 
_1.ptx 1199 : 50745 390820 0 0 0 0 0 0 0 
_1.ptx 1200 : 50745 349104 0 0 0 0 0 0 0 
_1.ptx 1201 : 50745 430518 0 0 0 0 0 0 0 
_1.ptx 1202 : 50745 336729 0 0 0 0 0 0 0 
_1.ptx 1213 : 50745 423353 0 0 0 0 0 0 0 
_1.ptx 1216 : 50745 578746 0 0 0 0 0 0 0 
_1.ptx 1218 : 50745 426211 0 0 0 0 0 0 0 
_1.ptx 1219 : 50745 402966 0 0 0 0 0 0 0 
_1.ptx 1220 : 50745 398392 0 0 0 0 0 0 0 
_1.ptx 1221 : 50745 405653 0 0 0 0 0 0 0 
_1.ptx 1222 : 50745 362428 0 0 0 0 0 0 0 
_1.ptx 1223 : 50745 441505 0 0 0 0 0 0 0 
_1.ptx 1224 : 50745 213061 0 0 0 0 0 0 727 
_1.ptx 1226 : 21083 158155 0 0 0 0 0 0 0 
_1.ptx 1227 : 21083 248739 0 0 0 0 0 0 0 
_1.ptx 1229 : 21083 239522 0 0 0 0 0 0 0 
_1.ptx 1232 : 50745 387354 0 0 0 0 0 0 0 
_1.ptx 1233 : 50745 592929 0 0 0 0 0 0 0 
_1.ptx 1234 : 50745 331126 0 0 0 0 0 0 0 
_1.ptx 1235 : 50745 587813 0 0 0 0 0 0 0 
_1.ptx 1236 : 50745 617221 0 0 0 0 0 0 0 
_1.ptx 1237 : 50745 478872 0 0 0 0 0 0 0 
_1.ptx 1238 : 50745 2401555 0 0 0 0 0 0 0 
_1.ptx 1239 : 50745 406197 0 0 0 0 0 0 0 
_1.ptx 1240 : 50745 634297 0 0 0 0 0 0 0 
_1.ptx 1241 : 50745 409818 0 0 0 0 0 0 0 
_1.ptx 1242 : 50745 416837 0 0 0 0 0 0 0 
_1.ptx 1243 : 50745 413760 0 0 0 0 0 0 0 
_1.ptx 1244 : 50745 408295 0 0 0 0 0 0 0 
_1.ptx 1245 : 50745 407876 0 0 0 0 0 0 0 
_1.ptx 1246 : 50745 588923 0 0 0 0 0 0 0 
_1.ptx 1247 : 50745 591240 0 0 0 0 0 0 0 
_1.ptx 1248 : 50745 602272 0 0 0 0 0 0 0 
_1.ptx 1249 : 50745 480708 0 0 0 0 0 0 0 
_1.ptx 1250 : 50745 480456 0 0 0 0 0 0 0 
_1.ptx 1252 : 50745 610008 0 0 0 0 0 0 0 
_1.ptx 1253 : 50745 643958 0 0 0 0 0 0 0 
_1.ptx 1254 : 50745 439789 0 0 0 0 0 0 0 
_1.ptx 1255 : 50745 443059 0 0 0 0 0 0 0 
_1.ptx 1256 : 50745 522043 0 0 0 0 0 0 0 
_1.ptx 1257 : 50745 398114 0 0 0 0 0 0 0 
_1.ptx 1258 : 50745 511142 0 0 0 0 0 0 0 
_1.ptx 1259 : 50745 621934 0 0 0 0 0 0 0 
_1.ptx 1260 : 50745 621031 0 0 0 0 0 0 0 
_1.ptx 1261 : 50745 614015 0 0 0 0 0 0 0 
_1.ptx 1262 : 50745 612326 0 0 0 0 0 0 0 
_1.ptx 1263 : 50745 607604 0 0 0 0 0 0 0 
_1.ptx 1264 : 50745 600316 0 0 0 0 0 0 0 
_1.ptx 1265 : 50745 600200 0 0 0 0 0 0 0 
_1.ptx 1266 : 50745 595971 0 0 0 0 0 0 0 
_1.ptx 1267 : 50745 568630 0 0 0 0 0 0 0 
_1.ptx 1269 : 50745 578036 0 0 0 0 0 0 0 
_1.ptx 1271 : 50745 591535 0 0 0 0 0 0 0 
_1.ptx 1272 : 50745 618627 0 0 0 0 0 0 0 
_1.ptx 1274 : 50745 484406 0 0 0 0 0 0 0 
_1.ptx 1275 : 50745 436974 0 0 0 0 0 0 0 
_1.ptx 1276 : 50745 626279 0 0 0 0 0 0 0 
_1.ptx 1277 : 50745 627942 0 0 0 0 0 0 0 
_1.ptx 1279 : 50745 424822 0 0 0 0 0 0 0 
_1.ptx 1280 : 50745 625349 0 0 0 0 0 0 0 
_1.ptx 1281 : 50745 620414 0 0 0 0 0 0 0 
_1.ptx 1282 : 50745 611892 0 0 0 0 0 0 0 
_1.ptx 1283 : 50745 602148 0 0 0 0 0 0 0 
_1.ptx 1284 : 50745 600434 0 0 0 0 0 0 0 
_1.ptx 1286 : 50745 600391 0 0 0 0 0 0 0 
_1.ptx 1288 : 50745 363338 0 0 0 0 0 0 0 
_1.ptx 1289 : 50745 591081 0 0 0 0 0 0 0 
_1.ptx 1290 : 50745 594164 0 0 0 0 0 0 0 
_1.ptx 1291 : 50745 465465 0 0 0 0 0 0 0 
_1.ptx 1292 : 50745 640296 0 0 0 0 0 0 0 
_1.ptx 1293 : 50745 406709 0 0 0 0 0 0 0 
_1.ptx 1294 : 50745 492407 0 0 0 0 0 0 0 
_1.ptx 1295 : 50745 361605 0 0 0 0 0 0 0 
_1.ptx 1296 : 50745 487912 0 0 0 0 0 0 0 
_1.ptx 1297 : 50745 353968 0 0 0 0 0 0 0 
_1.ptx 1298 : 50745 490190 0 0 0 0 0 0 0 
_1.ptx 1299 : 50745 354328 0 0 0 0 0 0 0 
_1.ptx 1300 : 50745 487864 0 0 0 0 0 0 0 
_1.ptx 1301 : 50745 602080 0 0 0 0 0 0 0 
_1.ptx 1303 : 50745 417118 0 0 0 0 0 0 0 
_1.ptx 1304 : 50745 594578 0 0 0 0 0 0 0 
_1.ptx 1305 : 50745 589625 0 0 0 0 0 0 0 
_1.ptx 1307 : 50745 380842 0 0 0 0 0 0 0 
_1.ptx 1308 : 50745 389110 0 0 0 0 0 0 0 
_1.ptx 1309 : 50745 405656 0 0 0 0 0 0 0 
_1.ptx 1310 : 50745 357778 0 0 0 0 0 0 0 
_1.ptx 1311 : 50745 425393 0 0 0 0 0 0 0 
_1.ptx 1312 : 50745 329885 0 0 0 0 0 0 0 
_1.ptx 1321 : 50745 382346 0 0 0 0 0 0 0 
_1.ptx 1322 : 50745 341896 0 0 0 0 0 0 0 
_1.ptx 1323 : 50745 575372 0 0 0 0 0 0 0 
_1.ptx 1324 : 50745 406797 0 0 0 0 0 0 0 
_1.ptx 1325 : 50745 363582 0 0 0 0 0 0 0 
_1.ptx 1326 : 50745 365207 0 0 0 0 0 0 0 
_1.ptx 1327 : 50745 2638340 0 0 0 0 0 0 0 
_1.ptx 1328 : 50745 315190 0 0 0 0 0 0 0 
_1.ptx 1329 : 50745 326294 0 0 0 0 0 0 0 
_1.ptx 1330 : 50745 476531 0 0 0 0 0 0 0 
_1.ptx 1331 : 50745 485321 0 0 0 0 0 0 0 
_1.ptx 1332 : 50745 351218 0 0 0 0 0 0 0 
_1.ptx 1333 : 50745 666182 0 0 0 0 0 0 0 
_1.ptx 1334 : 50745 3514917 0 0 0 0 0 0 0 
_1.ptx 1335 : 50745 592517 0 0 0 0 0 0 0 
_1.ptx 1336 : 50745 326490 0 0 0 0 0 0 0 
_1.ptx 1337 : 50745 432882 0 0 0 0 0 0 0 
_1.ptx 1338 : 50745 472925 0 0 0 0 0 0 0 
_1.ptx 1339 : 50745 329735 0 0 0 0 0 0 0 
_1.ptx 1340 : 50745 428095 0 0 0 0 0 0 0 
_1.ptx 1341 : 50745 468951 0 0 0 0 0 0 0 
_1.ptx 1343 : 50745 381650 0 0 0 0 0 0 0 
_1.ptx 1344 : 50745 322026 0 0 0 0 0 0 0 
_1.ptx 1345 : 50745 430509 0 0 0 0 0 0 0 
_1.ptx 1346 : 50745 0 0 0 0 0 0 0 0 
_1.ptx 1348 : 50745 480407 0 0 0 0 0 0 0 
_1.ptx 1351 : 50745 417836 0 0 0 0 0 0 0 
_1.ptx 1352 : 50745 366386 0 0 0 0 0 0 0 
_1.ptx 1353 : 50745 410141 0 0 0 0 0 0 0 
_1.ptx 1354 : 50745 413805 0 0 0 0 0 0 0 
_1.ptx 1355 : 50745 370985 0 0 0 0 0 0 0 
_1.ptx 1356 : 50745 608379 0 0 0 0 0 0 0 
_1.ptx 1357 : 50745 602350 0 0 0 0 0 0 0 
_1.ptx 1358 : 50745 423136 0 0 0 0 0 0 0 
_1.ptx 1359 : 50745 358432 0 0 0 0 0 0 0 
_1.ptx 1360 : 50745 437006 0 0 0 0 0 0 0 
_1.ptx 1361 : 50745 398114 0 0 0 0 0 0 0 
_1.ptx 1362 : 50745 429251 0 0 0 0 0 0 0 
_1.ptx 1363 : 50745 319663 0 0 0 0 0 0 0 
_1.ptx 1364 : 50745 420444 0 0 0 0 0 0 0 
_1.ptx 1365 : 50745 326142 0 0 0 0 0 0 0 
_1.ptx 1372 : 50745 381121 0 0 0 0 0 0 0 
_1.ptx 1375 : 50745 335080 0 0 0 0 0 0 0 
_1.ptx 1376 : 50745 574943 0 0 0 0 0 0 0 
_1.ptx 1377 : 50745 577862 0 0 0 0 0 0 0 
_1.ptx 1378 : 50745 555785 128 0 0 0 0 0 0 
_1.ptx 1380 : 50745 571677 0 0 0 0 0 0 0 
_1.ptx 1381 : 50745 722622 0 0 0 0 0 0 0 
_1.ptx 1383 : 50745 580426 0 0 0 0 0 0 0 
_1.ptx 1384 : 50745 859049 0 0 0 0 0 0 0 
_1.ptx 1388 : 62282 715657 0 0 0 0 0 0 0 
_1.ptx 1389 : 62282 728125 0 0 0 0 0 0 0 
_1.ptx 1390 : 62282 727529 0 0 0 0 0 0 0 
_1.ptx 1391 : 62282 769556 0 0 0 0 0 0 0 
_1.ptx 1392 : 62282 743241 0 0 0 0 0 0 0 
_1.ptx 1393 : 62282 778186 0 0 0 0 0 0 0 
_1.ptx 1395 : 62282 743412 0 0 0 0 0 0 0 
_1.ptx 1396 : 62282 760650 0 0 0 0 0 0 0 
_1.ptx 1397 : 62282 752860 0 0 0 0 0 0 0 
_1.ptx 1398 : 62282 777105 0 0 0 0 0 0 0 
_1.ptx 1399 : 62282 630867 0 0 0 0 0 0 0 
_1.ptx 1400 : 62282 614358 0 0 0 0 0 0 0 
_1.ptx 1401 : 62282 2524158 0 0 0 0 0 0 0 
_1.ptx 1402 : 62282 739252 0 0 0 0 0 0 0 
_1.ptx 1403 : 62282 752482 0 0 0 0 0 0 0 
_1.ptx 1404 : 62282 753430 0 0 0 0 0 0 0 
_1.ptx 1405 : 62282 495723 0 0 0 0 0 0 0 
_1.ptx 1406 : 62282 492053 0 0 0 0 0 0 0 
_1.ptx 1408 : 62282 430738 0 0 0 0 0 0 0 
_1.ptx 1409 : 62282 593096 0 0 0 0 0 0 0 
_1.ptx 1410 : 62282 422666 0 0 0 0 0 0 0 
_1.ptx 1411 : 62282 590166 0 0 0 0 0 0 0 
_1.ptx 1412 : 62282 428286 0 0 0 0 0 0 0 
_1.ptx 1413 : 62282 612267 0 0 0 0 0 0 0 
_1.ptx 1416 : 127467 1410378 0 0 0 0 0 0 0 
_1.ptx 1417 : 127467 955308 0 0 0 0 0 0 0 
_1.ptx 1418 : 127467 1101862 0 0 0 0 0 0 0 
_1.ptx 1419 : 127467 6694 0 0 0 0 0 0 0 
_1.ptx 1420 : 126435 1086895 0 0 0 0 0 0 0 
_1.ptx 1421 : 126435 428909 0 0 0 0 0 0 550 
_1.ptx 1424 : 65536 712640 0 0 0 0 0 0 0 
_1.ptx 1425 : 65536 519136 0 0 0 0 0 0 0 
_1.ptx 1426 : 65536 424512 0 0 0 0 0 0 0 
_1.ptx 1427 : 65536 547616 0 0 0 0 0 0 0 
_1.ptx 604 : 65536 405024 0 0 0 0 0 0 0 
_1.ptx 1428 : 65536 360932 0 0 0 0 0 0 218 
_1.ptx 605 : 65536 426208 38784 0 0 0 0 0 0 
_1.ptx 1429 : 10434 79389 0 0 0 0 0 0 0 
_1.ptx 606 : 65536 404992 0 0 0 0 0 0 0 
_1.ptx 1430 : 10434 79360 0 0 0 0 0 0 0 
_1.ptx 607 : 65536 754976 38912 0 0 0 0 0 0 
_1.ptx 1431 : 10434 119689 0 0 0 0 0 0 0 
_1.ptx 608 : 65536 406656 0 0 0 0 0 0 0 
_1.ptx 1432 : 10434 120047 0 0 0 0 0 0 0 
_1.ptx 609 : 65536 777504 38656 0 0 0 0 0 0 
_1.ptx 1433 : 10434 80266 0 0 0 0 0 0 0 
_1.ptx 610 : 65536 408128 0 0 0 0 0 0 0 
_1.ptx 611 : 65536 931936 38784 0 0 0 0 0 0 
_1.ptx 612 : 65536 406496 0 0 0 0 0 0 0 
_1.ptx 613 : 65536 953312 51072 0 0 0 0 0 0 
_1.ptx 1437 : 15923 2364598 16640 0 0 0 0 0 0 
_1.ptx 614 : 65536 409280 0 0 0 0 0 0 0 
_1.ptx 1438 : 15923 2388241 11136 0 0 0 0 0 0 
_1.ptx 615 : 65536 1222912 50944 0 0 0 0 0 0 
_1.ptx 1439 : 15923 2640933 12288 0 0 0 0 0 0 
_1.ptx 616 : 65536 411232 0 0 0 0 0 0 0 
_1.ptx 1440 : 15923 2464710 128 0 0 0 0 0 0 
_1.ptx 617 : 65536 1432544 54784 0 0 0 0 0 0 
_1.ptx 1441 : 15923 2439108 384 0 0 0 0 0 0 
_1.ptx 618 : 65536 408288 0 0 0 0 0 0 0 
_1.ptx 1442 : 15923 2576875 384 0 0 0 0 0 0 
_1.ptx 619 : 65536 1422688 47232 0 0 0 0 0 0 
_1.ptx 1443 : 15923 2730432 15872 0 0 0 0 0 0 
_1.ptx 620 : 65536 410144 0 0 0 0 0 0 0 
_1.ptx 1444 : 15923 2581743 256 0 0 0 0 0 0 
_1.ptx 621 : 65536 1613312 53504 0 0 0 0 0 0 
_1.ptx 1445 : 15923 99241 0 0 0 0 0 0 0 
_1.ptx 622 : 65536 408448 0 0 0 0 0 0 0 
_1.ptx 1446 : 15923 147175 0 0 0 0 0 0 0 
_1.ptx 623 : 65536 1740480 57600 0 0 0 0 0 0 
_1.ptx 1447 : 15923 140714 0 0 0 0 0 0 0 
_1.ptx 624 : 65536 410560 0 0 0 0 0 0 0 
_1.ptx 1448 : 15923 100532 0 0 0 0 0 0 0 
_1.ptx 625 : 65536 1727872 53760 0 0 0 0 0 0 
_1.ptx 1449 : 15923 147891 0 0 0 0 0 0 0 
_1.ptx 626 : 65536 413376 0 0 0 0 0 0 0 
_1.ptx 1450 : 15923 133112 128 0 0 0 0 0 0 
_1.ptx 627 : 65536 1239968 59008 0 0 0 0 0 0 
_1.ptx 1451 : 15923 102439 0 0 0 0 0 0 0 
_1.ptx 628 : 65536 414624 0 0 0 0 0 0 0 
_1.ptx 1452 : 15923 147767 0 0 0 0 0 0 0 
_1.ptx 629 : 65536 1323296 60672 0 0 0 0 0 0 
_1.ptx 1453 : 15923 126985 256 0 0 0 0 0 0 
_1.ptx 630 : 65536 414016 0 0 0 0 0 0 0 
_1.ptx 1454 : 15923 102169 0 0 0 0 0 0 0 
_1.ptx 631 : 65536 1342432 57344 0 0 0 0 0 0 
_1.ptx 1455 : 15923 148292 0 0 0 0 0 0 0 
_1.ptx 632 : 65536 415648 0 0 0 0 0 0 0 
_1.ptx 1456 : 15923 129716 384 0 0 0 0 0 0 
_1.ptx 633 : 65536 1425312 65792 0 0 0 0 0 0 
_1.ptx 1457 : 15923 165836 0 0 0 0 0 0 0 
_1.ptx 634 : 65536 414944 0 0 0 0 0 0 0 
_1.ptx 1458 : 15923 165395 0 0 0 0 0 0 0 
_1.ptx 635 : 65536 1481280 53760 0 0 0 0 0 0 
_1.ptx 1459 : 15923 108243 0 0 0 0 0 0 0 
_1.ptx 636 : 65536 414752 0 0 0 0 0 0 0 
_1.ptx 1460 : 15923 134092 0 0 0 0 0 0 0 
_1.ptx 637 : 65536 1470272 63488 0 0 0 0 0 0 
_1.ptx 1461 : 15923 34987 0 0 0 0 0 0 386 
_1.ptx 638 : 65536 412352 0 0 0 0 0 0 0 
_1.ptx 639 : 65536 1533792 57856 0 0 0 0 0 0 
_1.ptx 640 : 65536 412192 0 0 0 0 0 0 0 
_1.ptx 1464 : 65536 14415232 21888 0 0 4096 2048 0 0 
_1.ptx 641 : 65536 1558560 68480 0 0 0 0 0 0 
_1.ptx 1465 : 65536 5199456 256 0 0 0 0 0 0 
_1.ptx 642 : 65536 413600 0 0 0 0 0 0 0 
_1.ptx 1466 : 65536 488064 0 0 0 0 0 0 0 
_1.ptx 643 : 65536 1266272 69760 0 0 0 0 0 0 
_1.ptx 1467 : 65536 426080 0 0 0 0 0 0 0 
_1.ptx 644 : 65536 415296 0 0 0 0 0 0 0 
_1.ptx 1468 : 65536 737760 0 0 0 0 0 0 0 
_1.ptx 645 : 65536 420864 0 0 0 0 0 0 0 
_1.ptx 1469 : 65536 486560 0 0 0 0 0 0 0 
_1.ptx 646 : 65536 546464 0 0 0 0 0 0 0 
_1.ptx 1470 : 65536 5002848 512 0 0 0 0 0 0 
_1.ptx 647 : 65536 416960 0 0 0 0 0 0 0 
_1.ptx 1471 : 65536 490112 0 0 0 0 0 0 0 
_1.ptx 648 : 65536 422464 0 0 0 0 0 0 0 
_1.ptx 1472 : 65536 424416 0 0 0 0 0 0 0 
_1.ptx 649 : 65536 546592 0 0 0 0 0 0 0 
_1.ptx 1473 : 65536 738752 0 0 0 0 0 0 0 
_1.ptx 650 : 65536 421504 0 0 0 0 0 0 0 
_1.ptx 1474 : 65536 486944 0 0 0 0 0 0 0 
_1.ptx 651 : 65536 737440 0 0 0 0 0 0 0 
_1.ptx 1475 : 65536 487456 0 0 0 0 0 0 0 
_1.ptx 652 : 65536 418464 0 0 0 0 0 0 0 
_1.ptx 1476 : 65536 542656 0 0 0 0 0 0 0 
_1.ptx 653 : 65536 733248 0 0 0 0 0 0 0 
_1.ptx 1477 : 65536 3848640 128 0 0 0 0 0 0 
_1.ptx 654 : 65536 1448960 128 0 0 0 0 0 0 
_1.ptx 1478 : 65536 490432 0 0 0 0 0 0 0 
_1.ptx 655 : 65536 1282880 0 0 0 0 0 0 0 
_1.ptx 1479 : 65536 428448 0 0 0 0 0 0 0 
_1.ptx 656 : 65536 543296 0 0 0 0 0 0 0 
_1.ptx 1480 : 65536 739936 0 0 0 0 0 0 0 
_1.ptx 657 : 65536 487136 0 0 0 0 0 0 0 
_1.ptx 1481 : 65536 494848 0 0 0 0 0 0 0 
_1.ptx 658 : 65536 544608 0 0 0 0 0 0 0 
_1.ptx 1482 : 65536 486528 0 0 0 0 0 0 0 
_1.ptx 659 : 65536 491840 0 0 0 0 0 0 0 
_1.ptx 1483 : 65536 4541184 256 0 0 0 0 0 0 
_1.ptx 660 : 65536 550784 0 0 0 0 0 0 0 
_1.ptx 1484 : 65536 495424 0 0 0 0 0 0 0 
_1.ptx 661 : 65536 422272 0 0 0 0 0 0 0 
_1.ptx 1485 : 65536 434016 0 0 0 0 0 0 0 
_1.ptx 662 : 65536 545248 0 0 0 0 0 0 0 
_1.ptx 1486 : 65536 744448 0 0 0 0 0 0 0 
_1.ptx 663 : 65536 0 0 0 0 0 0 0 0 
_1.ptx 1487 : 65536 492128 0 0 0 0 0 0 0 
_1.ptx 1488 : 65536 491872 0 0 0 0 0 0 0 
_1.ptx 665 : 65536 835424 0 0 0 0 0 0 0 
_1.ptx 1489 : 65536 546592 0 0 0 0 0 0 0 
_1.ptx 666 : 65536 689024 0 0 0 0 0 0 0 
_1.ptx 1490 : 65536 545760 0 0 0 0 0 0 0 
_1.ptx 667 : 65536 736000 0 0 0 0 0 0 0 
_1.ptx 1491 : 65536 737248 0 0 0 0 0 0 0 
_1.ptx 668 : 65536 492864 0 0 0 0 0 0 0 
_1.ptx 1492 : 65536 512320 0 0 0 4096 2048 0 0 
_1.ptx 669 : 65536 735104 0 0 0 0 0 0 0 
_1.ptx 670 : 65536 741984 0 0 0 0 0 0 0 
_1.ptx 671 : 65536 428736 0 0 0 0 0 0 0 
_1.ptx 1495 : 65536 413984 0 0 0 0 0 0 0 
_1.ptx 672 : 65536 1308832 170944 0 0 4096 2048 0 0 
_1.ptx 674 : 65536 2221888 128 0 0 0 0 0 0 
_1.ptx 675 : 65536 2047904 0 0 0 0 0 0 0 
_1.ptx 676 : 65536 612544 0 0 0 0 0 0 0 
_1.ptx 678 : 65536 383968 0 0 0 0 0 0 0 
_1.ptx 679 : 65536 486304 0 0 0 0 0 0 0 
_1.ptx 680 : 65536 744160 0 0 0 0 0 0 0 
_1.ptx 681 : 65536 1346272 0 0 0 0 0 0 0 
_1.ptx 682 : 65536 539392 0 0 0 0 0 0 0 
_1.ptx 683 : 65536 532256 0 0 0 0 0 0 0 
_1.ptx 684 : 65536 431232 0 0 0 0 0 0 0 
_1.ptx 685 : 65536 756096 0 0 0 0 0 0 0 
_1.ptx 686 : 65536 383680 0 0 0 0 0 0 0 
_1.ptx 687 : 65536 767008 0 0 0 0 0 0 0 
_1.ptx 688 : 65536 520960 0 0 0 0 0 0 0 
_1.ptx 689 : 65536 518336 0 0 0 0 0 0 0 
_1.ptx 690 : 65536 518912 0 0 0 0 0 0 0 
_1.ptx 691 : 65536 450816 0 0 0 0 0 0 0 
_1.ptx 692 : 65536 3178880 0 0 0 0 0 0 0 
_1.ptx 693 : 65536 422368 0 0 0 0 0 0 0 
_1.ptx 694 : 65536 745056 0 0 0 0 0 0 0 
_1.ptx 695 : 65536 758720 0 0 0 0 0 0 0 
_1.ptx 696 : 65536 442592 0 0 0 0 0 0 0 
_1.ptx 697 : 65536 754144 0 0 0 0 0 0 0 
_1.ptx 698 : 65536 745120 0 0 0 0 0 0 0 
_1.ptx 699 : 65536 442944 0 0 0 0 0 0 0 
_1.ptx 700 : 65536 740704 0 0 0 0 0 0 0 
_1.ptx 701 : 65536 364608 0 0 0 0 0 0 0 
_1.ptx 702 : 65536 742752 0 0 0 0 0 0 0 
_1.ptx 703 : 65536 307040 0 0 0 0 0 0 0 
_1.ptx 704 : 65536 745248 0 0 0 0 0 0 0 
_1.ptx 705 : 65536 320320 0 0 0 0 0 0 0 
_1.ptx 706 : 65536 745056 0 0 0 0 0 0 0 
_1.ptx 707 : 65536 302656 0 0 0 0 0 0 0 
_1.ptx 708 : 65536 740096 0 0 0 0 0 0 0 
_1.ptx 709 : 65536 385344 0 0 0 0 0 0 0 
_1.ptx 710 : 65536 756608 0 0 0 0 0 0 0 
_1.ptx 711 : 65536 781152 0 0 0 0 0 0 0 
_1.ptx 712 : 65536 784736 0 0 0 0 0 0 0 
_1.ptx 713 : 65536 792448 0 0 0 0 0 0 0 
_1.ptx 714 : 65536 797536 0 0 0 0 0 0 0 
_1.ptx 715 : 65536 814144 0 0 0 0 0 0 0 
_1.ptx 716 : 65536 824288 0 0 0 0 0 0 0 
_1.ptx 717 : 65536 801504 0 0 0 0 0 0 0 
_1.ptx 718 : 65536 798272 0 0 0 0 0 0 0 
_1.ptx 719 : 65536 796896 0 0 0 0 0 0 0 
_1.ptx 720 : 65536 783808 0 0 0 0 0 0 0 
_1.ptx 721 : 65536 781952 0 0 0 0 0 0 0 
_1.ptx 722 : 65536 779040 0 0 0 0 0 0 0 
_1.ptx 723 : 65536 793888 0 0 0 0 0 0 0 
_1.ptx 724 : 65536 644352 0 0 0 0 0 0 0 
_1.ptx 725 : 65536 620960 0 0 0 0 0 0 0 
_1.ptx 726 : 65536 1913568 0 0 0 0 0 0 0 
_1.ptx 727 : 65536 762080 0 0 0 0 0 0 0 
_1.ptx 728 : 65536 769888 0 0 0 0 0 0 0 
_1.ptx 729 : 65536 775456 0 0 0 0 0 0 0 
_1.ptx 731 : 65536 455264 0 0 0 0 0 0 0 
_1.ptx 733 : 65536 498432 0 0 0 0 0 0 0 
_1.ptx 734 : 65536 506752 0 0 0 0 0 0 0 
_1.ptx 735 : 65536 496352 0 0 0 0 0 0 0 
_1.ptx 736 : 65536 491968 0 0 0 0 0 0 0 
_1.ptx 738 : 127467 1007787 0 0 0 0 0 0 0 
_1.ptx 739 : 127467 884074 0 0 0 0 0 0 0 
_1.ptx 740 : 127467 857715 0 0 0 0 0 0 0 
_1.ptx 744 : 509868 3629709 128 0 0 17236 17236 0 0 
_1.ptx 745 : 509868 3466627 0 0 0 17236 17236 0 0 
_1.ptx 746 : 509868 3963065 128 0 0 17236 17236 0 0 
_1.ptx 747 : 509868 3001026 0 0 0 17236 17236 0 0 
_1.ptx 748 : 509868 2771056 0 0 0 17236 17236 0 0 
_1.ptx 749 : 509868 3435905 0 0 0 0 0 0 0 
_1.ptx 750 : 509868 4432094 0 0 0 0 0 0 0 
_1.ptx 751 : 509868 2729658 0 0 0 0 0 0 0 
_1.ptx 753 : 127467 987870 0 0 0 0 0 0 0 
_1.ptx 754 : 127467 874093 0 0 0 0 0 0 0 
_1.ptx 755 : 127467 1086694 0 0 0 0 0 0 0 
_1.ptx 756 : 127467 865554 0 0 0 0 0 0 0 
_1.ptx 761 : 127467 1451562 0 0 0 0 0 0 0 
_1.ptx 762 : 127467 6237092 0 0 0 0 0 0 0 
_1.ptx 763 : 127467 838410 0 0 0 0 0 0 0 
_1.ptx 764 : 127467 855691 0 0 0 0 0 0 0 
_1.ptx 765 : 127467 1084253 0 0 0 0 0 0 0 
_1.ptx 766 : 127467 1205241 0 0 0 0 0 0 0 
_1.ptx 769 : 127467 1012561 0 0 0 0 0 0 0 
_1.ptx 770 : 127467 892706 0 0 0 0 0 0 0 
_1.ptx 773 : 382401 4492589 0 0 0 0 0 0 0 
_1.ptx 774 : 382401 1269722 0 0 0 0 0 0 0 
_1.ptx 775 : 382401 4527797 0 0 0 0 0 0 0 
_1.ptx 776 : 382401 4531466 0 0 0 0 0 0 0 
_1.ptx 777 : 382401 4569097 0 0 0 0 0 0 0 
_1.ptx 778 : 382401 4595415 0 0 0 0 0 0 0 
_1.ptx 779 : 382401 4591986 0 0 0 0 0 0 0 
_1.ptx 780 : 382401 4595365 0 0 0 0 0 0 0 
_1.ptx 781 : 382401 3756803 0 0 0 0 0 0 0 
_1.ptx 782 : 382401 3843449 0 0 0 0 0 0 0 
_1.ptx 783 : 382401 3741057 0 0 0 0 0 0 0 
_1.ptx 784 : 382401 3836007 0 0 0 0 0 0 0 
_1.ptx 785 : 382401 3396470 0 0 0 0 0 0 0 
_1.ptx 786 : 382401 3178231 0 0 0 0 0 0 0 
_1.ptx 787 : 382401 2784139 0 0 0 0 0 0 0 
_1.ptx 788 : 382401 3404790 0 0 0 0 0 0 0 
_1.ptx 789 : 382401 3163213 0 0 0 0 0 0 0 
_1.ptx 790 : 382401 3403426 0 0 0 0 0 0 0 
_1.ptx 791 : 382401 2786549 0 0 0 0 0 0 0 
_1.ptx 792 : 382401 3397203 0 0 0 0 0 0 0 
_1.ptx 793 : 382401 2003380 0 0 0 0 0 0 1523 
_1.ptx 794 : 105477 781698 0 0 0 0 0 0 0 
_1.ptx 795 : 105477 773752 0 0 0 0 0 0 0 
_1.ptx 797 : 276924 3272249 0 0 0 0 0 0 0 
_1.ptx 798 : 276924 3270754 0 0 0 0 0 0 0 
_1.ptx 799 : 276924 2445706 0 0 0 0 0 0 0 
_1.ptx 800 : 276924 143063 0 0 0 0 0 0 715 
_1.ptx 801 : 257599 1871433 0 0 0 0 0 0 0 
_1.ptx 802 : 257599 1885708 0 0 0 0 0 0 0 
_1.ptx 805 : 19325 226294 0 0 0 0 0 0 0 
_1.ptx 806 : 19325 334259 0 0 0 0 0 0 0 
_1.ptx 807 : 19325 227742 0 0 0 0 0 0 0 
_1.ptx 808 : 19325 230667 0 0 0 0 0 0 0 
_1.ptx 809 : 19325 186212 0 0 0 0 0 0 0 
_1.ptx 813 : 382401 3179051 0 0 0 0 0 0 0 
_1.ptx 815 : 509868 3639531 0 0 0 0 0 0 0 
_1.ptx 816 : 509868 4417293 0 0 0 0 0 0 0 
_1.ptx 817 : 509868 4099801 0 0 0 0 0 0 0 
_1.ptx 818 : 509868 4412340 0 0 0 0 0 0 0 
_1.ptx 819 : 509868 4102401 0 0 0 0 0 0 0 
_1.ptx 820 : 509868 4480246 0 0 0 0 0 0 0 
_1.ptx 821 : 509868 3579156 0 0 0 0 0 0 0 
_1.ptx 822 : 509868 4438409 0 0 0 0 0 0 0 
