kernel line : count latency dram_traffic smem_bk_conflicts smem_warp gmem_access_generated gmem_warp exposed_latency warp_divergence
_1.ptx 823 : 509868 3068961 0 0 0 0 0 0 1125 
_1.ptx 825 : 74702 596000 0 0 0 0 0 0 0 
_1.ptx 827 : 74702 616703 0 0 0 0 0 0 0 
_1.ptx 829 : 509868 5554953 0 0 0 0 0 0 0 
_1.ptx 830 : 509868 5601262 0 0 0 0 0 0 0 
_1.ptx 831 : 509868 3793021 0 0 0 0 0 0 0 
_1.ptx 832 : 509868 4471452 0 0 0 0 0 0 0 
_1.ptx 833 : 509868 2669666 0 0 0 0 0 0 0 
_1.ptx 834 : 127467 909515 0 0 0 0 0 0 0 
_1.ptx 835 : 127467 1101997 0 0 0 0 0 0 0 
_1.ptx 836 : 127467 1027327 0 0 0 0 0 0 0 
_1.ptx 837 : 127467 895901 0 0 0 0 0 0 0 
_1.ptx 838 : 127467 1101664 0 0 0 0 0 0 0 
_1.ptx 839 : 127467 1009717 0 0 0 0 0 0 0 
_1.ptx 840 : 127467 1103742 0 0 0 0 0 0 0 
_1.ptx 841 : 127467 888230 0 0 0 0 0 0 0 
_1.ptx 842 : 127467 1094198 0 0 0 0 0 0 0 
_1.ptx 843 : 127467 441558 0 0 0 0 0 0 631 
_1.ptx 845 : 62282 684731 0 0 0 0 0 0 0 
_1.ptx 847 : 62282 510933 0 0 0 0 0 0 0 
_1.ptx 848 : 62282 491231 0 0 0 0 0 0 0 
_1.ptx 849 : 62282 788864 0 0 0 0 0 0 0 
_1.ptx 850 : 62282 721684 0 0 0 0 0 0 0 
_1.ptx 851 : 62282 314438 0 0 0 2349 2349 0 0 
_1.ptx 852 : 62282 309755 0 0 0 2349 2349 0 0 
_1.ptx 853 : 62282 302487 0 0 0 2544 2349 0 0 
_1.ptx 854 : 62282 307211 0 0 0 2544 2349 0 0 
_1.ptx 855 : 62282 289526 0 0 0 2544 2349 0 0 
_1.ptx 856 : 62282 295783 0 0 0 2544 2349 0 0 
_1.ptx 857 : 62282 295781 0 0 0 2544 2349 0 0 
_1.ptx 859 : 62282 706751 0 0 0 0 0 0 0 
_1.ptx 860 : 62282 710582 0 0 0 0 0 0 0 
_1.ptx 861 : 62282 710443 0 0 0 0 0 0 0 
_1.ptx 862 : 62282 722216 0 0 0 0 0 0 0 
_1.ptx 863 : 62282 734326 0 0 0 0 0 0 0 
_1.ptx 864 : 62282 724325 0 0 0 0 0 0 0 
_1.ptx 865 : 62282 323388 0 0 0 2544 2349 0 0 
_1.ptx 866 : 62282 443968 0 0 0 0 0 0 0 
_1.ptx 867 : 62282 537109 0 0 0 0 0 0 0 
_1.ptx 868 : 62282 130086 0 0 0 0 0 0 305 
_1.ptx 870 : 43133 308422 0 0 0 0 0 0 0 
_1.ptx 871 : 43133 305588 0 0 0 0 0 0 0 
_1.ptx 872 : 43133 308894 0 0 0 0 0 0 0 
_1.ptx 873 : 43133 302178 0 0 0 0 0 0 0 
_1.ptx 875 : 19149 68068 0 0 0 0 0 0 0 
_1.ptx 876 : 19149 220908 0 0 0 0 0 0 0 
_1.ptx 877 : 19149 221721 0 0 0 0 0 0 0 
_1.ptx 878 : 19149 224327 0 0 0 0 0 0 0 
_1.ptx 879 : 19149 227478 0 0 0 0 0 0 0 
_1.ptx 880 : 19149 228381 0 0 0 0 0 0 0 
_1.ptx 881 : 19149 182117 0 0 0 0 0 0 0 
_1.ptx 882 : 19149 184887 0 0 0 0 0 0 0 
_1.ptx 883 : 19149 623238 0 0 0 0 0 0 0 
_1.ptx 884 : 19149 244980 0 0 0 0 0 0 0 
_1.ptx 885 : 19149 241450 0 0 0 0 0 0 0 
_1.ptx 886 : 19149 241549 0 0 0 0 0 0 0 
_1.ptx 888 : 62282 728182 0 0 0 0 0 0 0 
_1.ptx 889 : 62282 727501 0 0 0 0 0 0 0 
_1.ptx 890 : 62282 743468 0 0 0 0 0 0 0 
_1.ptx 891 : 62282 763408 0 0 0 0 0 0 0 
_1.ptx 892 : 62282 609477 0 0 0 0 0 0 0 
_1.ptx 893 : 62282 602705 0 0 0 0 0 0 0 
_1.ptx 894 : 62282 1832695 0 0 0 0 0 0 0 
_1.ptx 895 : 62282 739540 0 0 0 0 0 0 0 
_1.ptx 896 : 62282 733872 0 0 0 0 0 0 0 
_1.ptx 897 : 62282 738246 0 0 0 0 0 0 0 
_1.ptx 898 : 62282 717837 0 0 0 0 0 0 0 
_1.ptx 899 : 62282 597024 0 0 0 0 0 0 0 
_1.ptx 900 : 62282 596075 0 0 0 0 0 0 0 
_1.ptx 901 : 62282 423576 0 0 0 0 0 0 0 
_1.ptx 902 : 62282 534564 0 0 0 0 0 0 0 
_1.ptx 903 : 62282 427902 0 0 0 0 0 0 0 
_1.ptx 910 : 62282 484172 0 0 0 0 0 0 0 
_1.ptx 911 : 62282 488504 0 0 0 0 0 0 0 
_1.ptx 912 : 62282 499642 0 0 0 0 0 0 0 
_1.ptx 915 : 62282 441957 0 0 0 0 0 0 0 
_1.ptx 916 : 62282 723960 0 0 0 0 0 0 0 
_1.ptx 917 : 62282 488945 0 0 0 0 0 0 0 
_1.ptx 918 : 62282 987513 0 0 0 0 0 0 0 
_1.ptx 919 : 62282 712537 0 0 0 0 0 0 0 
_1.ptx 920 : 62282 483479 0 0 0 0 0 0 0 
_1.ptx 921 : 62282 415556 0 0 0 0 0 0 0 
_1.ptx 922 : 62282 711806 0 0 0 0 0 0 0 
_1.ptx 923 : 62282 642284 0 0 0 0 0 0 0 
_1.ptx 924 : 62282 417002 0 0 0 0 0 0 0 
_1.ptx 925 : 62282 722245 0 0 0 0 0 0 0 
_1.ptx 926 : 62282 835309 0 0 0 0 0 0 0 
_1.ptx 927 : 62282 406068 0 0 0 0 0 0 0 
_1.ptx 928 : 62282 717541 0 0 0 0 0 0 0 
_1.ptx 929 : 62282 884069 0 0 0 0 0 0 0 
_1.ptx 931 : 62282 412504 0 0 0 0 0 0 0 
_1.ptx 932 : 62282 715477 0 0 0 0 0 0 0 
_1.ptx 933 : 62282 421801 0 0 0 0 0 0 0 
_1.ptx 934 : 62282 710538 0 0 0 0 0 0 0 
_1.ptx 935 : 62282 409060 0 0 0 0 0 0 0 
_1.ptx 936 : 62282 717958 0 0 0 0 0 0 0 
_1.ptx 937 : 62282 741784 0 0 0 0 0 0 0 
_1.ptx 938 : 62282 605458 0 0 0 0 0 0 0 
_1.ptx 939 : 62282 594744 0 0 0 0 0 0 0 
_1.ptx 940 : 62282 2279108 0 0 0 0 0 0 0 
_1.ptx 941 : 62282 764403 0 0 0 0 0 0 0 
_1.ptx 942 : 62282 772899 0 0 0 0 0 0 0 
_1.ptx 943 : 62282 792103 0 0 0 0 0 0 0 
_1.ptx 944 : 62282 773239 0 0 0 0 0 0 0 
_1.ptx 945 : 62282 603190 0 0 0 0 0 0 0 
_1.ptx 946 : 62282 600680 0 0 0 0 0 0 0 
_1.ptx 947 : 62282 440526 0 0 0 0 0 0 0 
_1.ptx 948 : 62282 544088 0 0 0 0 0 0 0 
_1.ptx 949 : 62282 37275 0 0 0 0 0 0 318 
_1.ptx 951 : 56815 452734 0 0 0 0 0 0 0 
_1.ptx 952 : 56815 356946 0 0 0 0 0 0 0 
_1.ptx 955 : 220903 1073965 0 0 0 8579 8579 0 0 
_1.ptx 956 : 220903 1073090 0 0 0 8579 8579 0 0 
_1.ptx 957 : 220903 1045061 0 0 0 8579 8579 0 0 
_1.ptx 958 : 220903 1037898 0 0 0 8579 8579 0 0 
_1.ptx 959 : 220903 1479343 0 0 0 0 0 0 0 
_1.ptx 960 : 220903 1890901 0 0 0 0 0 0 0 
_1.ptx 961 : 220903 1138027 0 0 0 0 0 0 0 
_1.ptx 963 : 56815 433594 0 0 0 0 0 0 0 
_1.ptx 964 : 56815 377484 0 0 0 0 0 0 0 
_1.ptx 965 : 56815 476306 0 0 0 0 0 0 0 
_1.ptx 966 : 56815 372869 0 0 0 0 0 0 0 
_1.ptx 971 : 56815 365751 0 0 0 0 0 0 0 
_1.ptx 972 : 56815 526007 0 0 0 0 0 0 0 
_1.ptx 973 : 56815 641059 0 0 0 0 0 0 0 
_1.ptx 974 : 56815 3317656 0 0 0 0 0 0 0 
_1.ptx 976 : 56815 367541 0 0 0 0 0 0 0 
_1.ptx 977 : 56815 373254 0 0 0 0 0 0 0 
_1.ptx 978 : 56815 489119 0 0 0 0 0 0 0 
_1.ptx 979 : 56815 530944 0 0 0 0 0 0 0 
_1.ptx 982 : 56815 438340 0 0 0 0 0 0 0 
_1.ptx 983 : 56815 382771 0 0 0 0 0 0 0 
_1.ptx 986 : 164088 756954 0 0 0 6402 6402 0 0 
_1.ptx 987 : 164088 632671 0 0 0 0 0 0 0 
_1.ptx 988 : 164088 1938104 0 0 0 0 0 0 0 
_1.ptx 989 : 164088 1152623 0 0 0 0 0 0 0 
_1.ptx 990 : 164088 1951051 0 0 0 0 0 0 0 
_1.ptx 991 : 164088 1184202 0 0 0 0 0 0 0 
_1.ptx 992 : 164088 1959970 0 0 0 0 0 0 0 
_1.ptx 993 : 164088 1204761 0 0 0 0 0 0 0 
_1.ptx 994 : 164088 1958318 0 0 0 0 0 0 0 
_1.ptx 995 : 164088 1953762 0 0 0 0 0 0 0 
_1.ptx 996 : 164088 1987505 0 0 0 0 0 0 0 
_1.ptx 997 : 164088 1978424 0 0 0 0 0 0 0 
_1.ptx 998 : 164088 1990980 0 0 0 0 0 0 0 
_1.ptx 999 : 164088 1986287 0 0 0 0 0 0 0 
_1.ptx 1000 : 164088 1999237 0 0 0 0 0 0 0 
_1.ptx 1001 : 164088 2008498 0 0 0 0 0 0 0 
_1.ptx 1002 : 164088 1664600 0 0 0 0 0 0 0 
_1.ptx 1003 : 164088 1655173 0 0 0 0 0 0 0 
_1.ptx 1004 : 164088 1990956 0 0 0 0 0 0 0 
_1.ptx 1005 : 164088 1637512 0 0 0 0 0 0 0 
_1.ptx 1006 : 164088 1636357 0 0 0 0 0 0 0 
_1.ptx 1007 : 164088 2005426 0 0 0 0 0 0 0 
_1.ptx 1008 : 164088 1500006 0 0 0 0 0 0 0 
_1.ptx 1009 : 164088 1394947 0 0 0 0 0 0 0 
_1.ptx 1010 : 164088 1177148 0 0 0 0 0 0 0 
_1.ptx 1011 : 164088 1459446 0 0 0 0 0 0 0 
_1.ptx 1012 : 164088 1354024 0 0 0 0 0 0 0 
_1.ptx 1013 : 164088 1466060 0 0 0 0 0 0 0 
_1.ptx 1014 : 164088 1209702 0 0 0 0 0 0 0 
_1.ptx 1015 : 164088 1459654 0 0 0 0 0 0 0 
_1.ptx 1016 : 164088 828117 0 0 0 0 0 0 965 
_1.ptx 1017 : 50431 371154 0 0 0 0 0 0 0 
_1.ptx 1018 : 50431 364299 0 0 0 0 0 0 0 
_1.ptx 1020 : 113657 1345613 0 0 0 0 0 0 0 
_1.ptx 1021 : 113657 1349272 0 0 0 0 0 0 0 
_1.ptx 1022 : 113657 1022775 0 0 0 0 0 0 0 
_1.ptx 1023 : 113657 46325 0 0 0 0 0 0 344 
_1.ptx 1024 : 107587 800296 0 0 0 0 0 0 0 
_1.ptx 1025 : 107587 804709 0 0 0 0 0 0 0 
_1.ptx 1028 : 6070 71876 0 0 0 0 0 0 0 
_1.ptx 1029 : 6070 116206 0 0 0 0 0 0 0 
_1.ptx 1030 : 6070 72304 0 0 0 0 0 0 0 
_1.ptx 1031 : 6070 73818 0 0 0 0 0 0 0 
_1.ptx 1032 : 6070 59437 0 0 0 0 0 0 0 
_1.ptx 1036 : 164088 1369506 0 0 0 0 0 0 0 
_1.ptx 1039 : 220903 1582998 0 0 0 0 0 0 0 
_1.ptx 1040 : 220903 1926989 0 0 0 0 0 0 0 
_1.ptx 1041 : 220903 1505845 0 0 0 0 0 0 370 
_1.ptx 1042 : 6068 72566 0 0 0 0 0 0 0 
_1.ptx 1043 : 6068 73388 0 0 0 0 0 0 0 
_1.ptx 1044 : 6068 73831 0 0 0 0 0 0 0 
_1.ptx 1045 : 6068 74003 0 0 0 0 0 0 0 
_1.ptx 1046 : 6068 73894 0 0 0 0 0 0 0 
_1.ptx 1047 : 6068 74603 0 0 0 0 0 0 0 
_1.ptx 1048 : 6068 77329 0 0 0 0 0 0 0 
_1.ptx 1049 : 6068 62204 0 0 0 0 0 0 0 
_1.ptx 1050 : 6068 61629 0 0 0 0 0 0 0 
_1.ptx 1051 : 6068 56230 0 0 0 0 0 0 0 
_1.ptx 1052 : 6068 46007 0 0 0 0 0 0 0 
_1.ptx 1057 : 220903 2402302 0 0 0 0 0 0 0 
_1.ptx 1058 : 220903 2413134 0 0 0 0 0 0 0 
_1.ptx 1059 : 220903 1678412 0 0 0 0 0 0 0 
_1.ptx 1060 : 220903 1936353 0 0 0 0 0 0 0 
_1.ptx 1061 : 220903 376152 0 0 0 0 0 0 0 
_1.ptx 1062 : 169119 1231690 0 0 0 0 0 0 0 
_1.ptx 1063 : 169119 1461258 0 0 0 0 0 0 0 
_1.ptx 1064 : 169119 1140787 0 0 0 0 0 0 295 
_1.ptx 1065 : 5031 36725 0 0 0 0 0 0 0 
_1.ptx 1067 : 51784 373114 0 0 0 0 0 0 0 
_1.ptx 1068 : 51784 458946 0 0 0 0 0 0 0 
_1.ptx 1071 : 56815 44218 0 0 0 0 0 0 318 
_1.ptx 1073 : 50745 600006 0 0 0 0 0 0 0 
_1.ptx 1074 : 50745 603303 0 0 0 0 0 0 0 
_1.ptx 1075 : 50745 604668 0 0 0 0 0 0 0 
_1.ptx 1076 : 50745 636067 0 0 0 0 0 0 0 
_1.ptx 1077 : 50745 500950 0 0 0 0 0 0 0 
_1.ptx 1078 : 50745 500685 0 0 0 0 0 0 0 
_1.ptx 1079 : 50745 1176290 0 0 0 0 0 0 0 
_1.ptx 1081 : 50745 373571 0 0 0 0 0 0 0 
_1.ptx 1082 : 50745 1079203 0 0 0 0 0 0 0 
_1.ptx 1083 : 50745 407329 0 0 0 0 0 0 0 
_1.ptx 1084 : 50745 713810 0 0 0 0 0 0 0 
_1.ptx 1085 : 50745 635357 0 0 0 0 0 0 0 
_1.ptx 1086 : 50745 603431 0 0 0 0 0 0 0 
_1.ptx 1087 : 50745 350526 0 0 0 0 0 0 0 
_1.ptx 1088 : 50745 364158 0 0 0 0 0 0 0 
_1.ptx 1089 : 50745 591037 0 0 0 0 0 0 0 
_1.ptx 1090 : 50745 599115 0 0 0 0 0 0 0 
_1.ptx 1091 : 50745 601591 0 0 0 0 0 0 0 
_1.ptx 1092 : 50745 349901 0 0 0 0 0 0 0 
_1.ptx 1093 : 50745 365248 0 0 0 0 0 0 0 
_1.ptx 1094 : 50745 592408 0 0 0 0 0 0 0 
_1.ptx 1095 : 50745 599034 0 0 0 0 0 0 0 
_1.ptx 1096 : 50745 605250 0 0 0 0 0 0 0 
_1.ptx 1097 : 50745 523787 0 0 0 0 0 0 0 
_1.ptx 1098 : 50745 363711 0 0 0 0 0 0 0 
_1.ptx 1099 : 50745 596610 0 0 0 0 0 0 0 
_1.ptx 1100 : 50745 492073 0 0 0 0 0 0 0 
_1.ptx 1101 : 50745 630556 0 0 0 0 0 0 0 
_1.ptx 1103 : 50745 588644 0 0 0 0 0 0 0 
_1.ptx 1104 : 50745 591838 0 0 0 0 0 0 0 
_1.ptx 1105 : 50745 591182 0 0 0 0 0 0 0 
_1.ptx 1106 : 50745 497613 0 0 0 0 0 0 0 
_1.ptx 1107 : 50745 608044 0 0 0 0 0 0 0 
_1.ptx 1108 : 50745 505569 0 0 0 0 0 0 0 
_1.ptx 1109 : 50745 379709 0 0 0 0 0 0 0 
_1.ptx 1110 : 50745 1097319 0 0 0 0 0 0 0 
_1.ptx 1111 : 50745 418186 0 0 0 0 0 0 0 
_1.ptx 1112 : 50745 1100242 0 0 0 0 0 0 0 
_1.ptx 1113 : 50745 422951 0 0 0 0 0 0 0 
_1.ptx 1114 : 50745 466005 0 0 0 0 0 0 0 
_1.ptx 1115 : 50745 371039 0 0 0 0 0 0 0 
_1.ptx 1121 : 50745 410897 0 0 0 0 0 0 0 
_1.ptx 1122 : 50745 361270 0 0 0 0 0 0 0 
_1.ptx 1123 : 50745 432027 0 0 0 0 0 0 0 
_1.ptx 1124 : 50745 0 0 0 0 0 0 0 0 
_1.ptx 1125 : 50745 327709 0 0 0 0 0 0 0 
_1.ptx 1133 : 50745 326067 0 0 0 0 0 0 0 
_1.ptx 1134 : 50745 422576 0 0 0 0 0 0 0 
_1.ptx 1135 : 50745 336168 0 0 0 0 0 0 0 
_1.ptx 1140 : 50745 330782 0 0 0 0 0 0 0 
_1.ptx 1141 : 50745 424092 0 0 0 0 0 0 0 
_1.ptx 1142 : 50745 334092 0 0 0 0 0 0 0 
_1.ptx 1157 : 50745 329455 0 0 0 0 0 0 0 
_1.ptx 1158 : 50745 427163 0 0 0 0 0 0 0 
_1.ptx 1159 : 50745 329681 0 0 0 0 0 0 0 
_1.ptx 1181 : 50745 328939 0 0 0 0 0 0 0 
_1.ptx 1182 : 50745 426338 0 0 0 0 0 0 0 
_1.ptx 1183 : 50745 331528 0 0 0 0 0 0 0 
_1.ptx 1196 : 50745 377919 0 0 0 0 0 0 0 
_1.ptx 1197 : 50745 378713 0 0 0 0 0 0 0 
_1.ptx 1198 : 50745 382390 0 0 0 0 0 0 0 
_1.ptx 1199 : 50745 390325 0 0 0 0 0 0 0 
_1.ptx 1200 : 50745 346950 0 0 0 0 0 0 0 
_1.ptx 1201 : 50745 430354 0 0 0 0 0 0 0 
_1.ptx 1202 : 50745 338633 0 0 0 0 0 0 0 
_1.ptx 1213 : 50745 421274 0 0 0 0 0 0 0 
_1.ptx 1216 : 50745 575621 0 0 0 0 0 0 0 
_1.ptx 1218 : 50745 428967 0 0 0 0 0 0 0 
_1.ptx 1219 : 50745 403829 0 0 0 0 0 0 0 
_1.ptx 1220 : 50745 399377 0 0 0 0 0 0 0 
_1.ptx 1221 : 50745 405225 0 0 0 0 0 0 0 
_1.ptx 1222 : 50745 363635 0 0 0 0 0 0 0 
_1.ptx 1223 : 50745 440712 0 0 0 0 0 0 0 
_1.ptx 1224 : 50745 211189 0 0 0 0 0 0 727 
_1.ptx 1226 : 21083 158718 0 0 0 0 0 0 0 
_1.ptx 1227 : 21083 250361 0 0 0 0 0 0 0 
_1.ptx 1229 : 21083 240199 0 0 0 0 0 0 0 
_1.ptx 1232 : 50745 393839 0 0 0 0 0 0 0 
_1.ptx 1233 : 50745 596307 0 0 0 0 0 0 0 
_1.ptx 1234 : 50745 332068 0 0 0 0 0 0 0 
_1.ptx 1235 : 50745 588579 0 0 0 0 0 0 0 
_1.ptx 1236 : 50745 617702 0 0 0 0 0 0 0 
_1.ptx 1237 : 50745 477982 0 0 0 0 0 0 0 
_1.ptx 1238 : 50745 2436690 0 0 0 0 0 0 0 
_1.ptx 1239 : 50745 408268 0 0 0 0 0 0 0 
_1.ptx 1240 : 50745 624277 0 0 0 0 0 0 0 
_1.ptx 1241 : 50745 408858 0 0 0 0 0 0 0 
_1.ptx 1242 : 50745 411621 0 0 0 0 0 0 0 
_1.ptx 1243 : 50745 410121 0 0 0 0 0 0 0 
_1.ptx 1244 : 50745 409709 0 0 0 0 0 0 0 
_1.ptx 1245 : 50745 410390 0 0 0 0 0 0 0 
_1.ptx 1246 : 50745 590787 0 0 0 0 0 0 0 
_1.ptx 1247 : 50745 592902 0 0 0 0 0 0 0 
_1.ptx 1248 : 50745 599980 0 0 0 0 0 0 0 
_1.ptx 1249 : 50745 480587 0 0 0 0 0 0 0 
_1.ptx 1250 : 50745 482484 0 0 0 0 0 0 0 
_1.ptx 1252 : 50745 608374 0 0 0 0 0 0 0 
_1.ptx 1253 : 50745 642353 0 0 0 0 0 0 0 
_1.ptx 1254 : 50745 436465 0 0 0 0 0 0 0 
_1.ptx 1255 : 50745 440230 0 0 0 0 0 0 0 
_1.ptx 1256 : 50745 521968 0 0 0 0 0 0 0 
_1.ptx 1257 : 50745 399934 0 0 0 0 0 0 0 
_1.ptx 1258 : 50745 512265 0 0 0 0 0 0 0 
_1.ptx 1259 : 50745 622821 0 0 0 0 0 0 0 
_1.ptx 1260 : 50745 625323 0 0 0 0 0 0 0 
_1.ptx 1261 : 50745 613412 0 0 0 0 0 0 0 
_1.ptx 1262 : 50745 610898 0 0 0 0 0 0 0 
_1.ptx 1263 : 50745 605686 0 0 0 0 0 0 0 
_1.ptx 1264 : 50745 601515 0 0 0 0 0 0 0 
_1.ptx 1265 : 50745 597707 0 0 0 0 0 0 0 
_1.ptx 1266 : 50745 597545 0 0 0 0 0 0 0 
_1.ptx 1267 : 50745 570108 0 0 0 0 0 0 0 
_1.ptx 1269 : 50745 579140 0 0 0 0 0 0 0 
_1.ptx 1271 : 50745 591459 0 0 0 0 0 0 0 
_1.ptx 1272 : 50745 618870 0 0 0 0 0 0 0 
_1.ptx 1274 : 50745 480208 0 0 0 0 0 0 0 
_1.ptx 1275 : 50745 432651 0 0 0 0 0 0 0 
_1.ptx 1276 : 50745 619665 0 0 0 0 0 0 0 
_1.ptx 1277 : 50745 625183 0 0 0 0 0 0 0 
_1.ptx 1279 : 50745 416412 0 0 0 0 0 0 0 
_1.ptx 1280 : 50745 617078 0 0 0 0 0 0 0 
_1.ptx 1281 : 50745 620156 0 0 0 0 0 0 0 
_1.ptx 1282 : 50745 610654 0 0 0 0 0 0 0 
_1.ptx 1283 : 50745 602759 0 0 0 0 0 0 0 
_1.ptx 1284 : 50745 602508 0 0 0 0 0 0 0 
_1.ptx 1286 : 50745 605085 0 0 0 0 0 0 0 
_1.ptx 1288 : 50745 370173 0 0 0 0 0 0 0 
_1.ptx 1289 : 50745 586097 0 0 0 0 0 0 0 
_1.ptx 1290 : 50745 595799 0 0 0 0 0 0 0 
_1.ptx 1291 : 50745 471325 0 0 0 0 0 0 0 
_1.ptx 1292 : 50745 641379 0 0 0 0 0 0 0 
_1.ptx 1293 : 50745 406363 0 0 0 0 0 0 0 
_1.ptx 1294 : 50745 493899 0 0 0 0 0 0 0 
_1.ptx 1295 : 50745 361783 0 0 0 0 0 0 0 
_1.ptx 1296 : 50745 487762 0 0 0 0 0 0 0 
_1.ptx 1297 : 50745 354524 0 0 0 0 0 0 0 
_1.ptx 1298 : 50745 488725 0 0 0 0 0 0 0 
_1.ptx 1299 : 50745 355678 0 0 0 0 0 0 0 
_1.ptx 1300 : 50745 489609 0 0 0 0 0 0 0 
_1.ptx 1301 : 50745 601516 0 0 0 0 0 0 0 
_1.ptx 1303 : 50745 420121 0 0 0 0 0 0 0 
_1.ptx 1304 : 50745 598074 0 0 0 0 0 0 0 
_1.ptx 1305 : 50745 589635 0 0 0 0 0 0 0 
_1.ptx 1307 : 50745 381162 0 0 0 0 0 0 0 
_1.ptx 1308 : 50745 388847 0 0 0 0 0 0 0 
_1.ptx 1309 : 50745 406534 0 0 0 0 0 0 0 
_1.ptx 1310 : 50745 358096 0 0 0 0 0 0 0 
_1.ptx 1311 : 50745 425811 0 0 0 0 0 0 0 
_1.ptx 1312 : 50745 329288 0 0 0 0 0 0 0 
_1.ptx 1321 : 50745 384926 0 0 0 0 0 0 0 
_1.ptx 1322 : 50745 345094 0 0 0 0 0 0 0 
_1.ptx 1323 : 50745 575536 0 0 0 0 0 0 0 
_1.ptx 1324 : 50745 409647 0 0 0 0 0 0 0 
_1.ptx 1325 : 50745 363746 0 0 0 0 0 0 0 
_1.ptx 1326 : 50745 365463 0 0 0 0 0 0 0 
_1.ptx 1327 : 50745 2597927 0 0 0 0 0 0 0 
_1.ptx 1328 : 50745 315348 0 0 0 0 0 0 0 
_1.ptx 1329 : 50745 328705 0 0 0 0 0 0 0 
_1.ptx 1330 : 50745 477035 0 0 0 0 0 0 0 
_1.ptx 1331 : 50745 485409 0 0 0 0 0 0 0 
_1.ptx 1332 : 50745 351556 0 0 0 0 0 0 0 
_1.ptx 1333 : 50745 672416 0 0 0 0 0 0 0 
_1.ptx 1334 : 50745 3452838 0 0 0 0 0 0 0 
_1.ptx 1335 : 50745 591309 0 0 0 0 0 0 0 
_1.ptx 1336 : 50745 325844 0 0 0 0 0 0 0 
_1.ptx 1337 : 50745 432514 0 0 0 0 0 0 0 
_1.ptx 1338 : 50745 474610 0 0 0 0 0 0 0 
_1.ptx 1339 : 50745 330920 0 0 0 0 0 0 0 
_1.ptx 1340 : 50745 428590 0 0 0 0 0 0 0 
_1.ptx 1341 : 50745 469306 0 0 0 0 0 0 0 
_1.ptx 1343 : 50745 381866 0 0 0 0 0 0 0 
_1.ptx 1344 : 50745 324481 0 0 0 0 0 0 0 
_1.ptx 1345 : 50745 430802 0 0 0 0 0 0 0 
_1.ptx 1346 : 50745 0 0 0 0 0 0 0 0 
_1.ptx 1348 : 50745 485328 0 0 0 0 0 0 0 
_1.ptx 1351 : 50745 420469 0 0 0 0 0 0 0 
_1.ptx 1352 : 50745 367742 0 0 0 0 0 0 0 
_1.ptx 1353 : 50745 408648 0 0 0 0 0 0 0 
_1.ptx 1354 : 50745 413390 0 0 0 0 0 0 0 
_1.ptx 1355 : 50745 368507 0 0 0 0 0 0 0 
_1.ptx 1356 : 50745 609070 0 0 0 0 0 0 0 
_1.ptx 1357 : 50745 602733 0 0 0 0 0 0 0 
_1.ptx 1358 : 50745 421660 0 0 0 0 0 0 0 
_1.ptx 1359 : 50745 362739 0 0 0 0 0 0 0 
_1.ptx 1360 : 50745 436212 0 0 0 0 0 0 0 
_1.ptx 1361 : 50745 398988 0 0 0 0 0 0 0 
_1.ptx 1362 : 50745 429525 0 0 0 0 0 0 0 
_1.ptx 1363 : 50745 321505 0 0 0 0 0 0 0 
_1.ptx 1364 : 50745 423924 0 0 0 0 0 0 0 
_1.ptx 1365 : 50745 330084 0 0 0 0 0 0 0 
_1.ptx 1372 : 50745 385372 0 0 0 0 0 0 0 
_1.ptx 1375 : 50745 339893 0 0 0 0 0 0 0 
_1.ptx 1376 : 50745 579159 0 0 0 0 0 0 0 
_1.ptx 1377 : 50745 578569 0 0 0 0 0 0 0 
_1.ptx 1378 : 50745 541541 0 0 0 0 0 0 0 
_1.ptx 1380 : 50745 573401 0 0 0 0 0 0 0 
_1.ptx 1381 : 50745 699467 0 0 0 0 0 0 0 
_1.ptx 1383 : 50745 580284 0 0 0 0 0 0 0 
_1.ptx 1384 : 50745 829452 0 0 0 0 0 0 0 
_1.ptx 1388 : 62282 715586 0 0 0 0 0 0 0 
_1.ptx 1389 : 62282 729900 0 0 0 0 0 0 0 
_1.ptx 1390 : 62282 729533 0 0 0 0 0 0 0 
_1.ptx 1391 : 62282 755071 0 0 0 0 0 0 0 
_1.ptx 1392 : 62282 740192 0 0 0 0 0 0 0 
_1.ptx 1393 : 62282 778347 0 0 0 0 0 0 0 
_1.ptx 1395 : 62282 738657 0 0 0 0 0 0 0 
_1.ptx 1396 : 62282 759417 0 0 0 0 0 0 0 
_1.ptx 1397 : 62282 751877 0 0 0 0 0 0 0 
_1.ptx 1398 : 62282 777965 0 0 0 0 0 0 0 
_1.ptx 1399 : 62282 631864 0 0 0 0 0 0 0 
_1.ptx 1400 : 62282 610582 0 0 0 0 0 0 0 
_1.ptx 1401 : 62282 2396509 0 0 0 0 0 0 0 
_1.ptx 1402 : 62282 742563 0 0 0 0 0 0 0 
_1.ptx 1403 : 62282 748986 0 0 0 0 0 0 0 
_1.ptx 1404 : 62282 768067 0 0 0 0 0 0 0 
_1.ptx 1405 : 62282 499086 0 0 0 0 0 0 0 
_1.ptx 1406 : 62282 490828 0 0 0 0 0 0 0 
_1.ptx 1408 : 62282 425511 0 0 0 0 0 0 0 
_1.ptx 1409 : 62282 590796 0 0 0 0 0 0 0 
_1.ptx 1410 : 62282 420458 0 0 0 0 0 0 0 
_1.ptx 1411 : 62282 590759 0 0 0 0 0 0 0 
_1.ptx 1412 : 62282 428939 0 0 0 0 0 0 0 
_1.ptx 1413 : 62282 612571 0 0 0 0 0 0 0 
_1.ptx 1416 : 127467 1410219 0 0 0 0 0 0 0 
_1.ptx 1417 : 127467 954627 0 0 0 0 0 0 0 
_1.ptx 1418 : 127467 1101061 0 0 0 0 0 0 0 
_1.ptx 1419 : 127467 6925 0 0 0 0 0 0 0 
_1.ptx 1420 : 126435 1087292 0 0 0 0 0 0 0 
_1.ptx 1421 : 126435 422784 0 0 0 0 0 0 550 
_1.ptx 1424 : 65536 711936 0 0 0 0 0 0 0 
_1.ptx 1425 : 65536 523616 0 0 0 0 0 0 0 
_1.ptx 1426 : 65536 427360 0 0 0 0 0 0 0 
_1.ptx 1427 : 65536 548320 0 0 0 0 0 0 0 
_1.ptx 604 : 65536 405664 0 0 0 0 0 0 0 
_1.ptx 1428 : 65536 361355 0 0 0 0 0 0 218 
_1.ptx 605 : 65536 465920 34816 0 0 0 0 0 0 
_1.ptx 1429 : 10434 80025 0 0 0 0 0 0 0 
_1.ptx 606 : 65536 405760 0 0 0 0 0 0 0 
_1.ptx 1430 : 10434 77983 0 0 0 0 0 0 0 
_1.ptx 607 : 65536 1461856 27264 0 0 0 0 0 0 
_1.ptx 1431 : 10434 117371 0 0 0 0 0 0 0 
_1.ptx 608 : 65536 405952 0 0 0 0 0 0 0 
_1.ptx 1432 : 10434 120678 0 0 0 0 0 0 0 
_1.ptx 609 : 65536 1721056 24704 0 0 0 0 0 0 
_1.ptx 1433 : 10434 81921 0 0 0 0 0 0 0 
_1.ptx 610 : 65536 408480 0 0 0 0 0 0 0 
_1.ptx 611 : 65536 2798112 19328 0 0 0 0 0 0 
_1.ptx 612 : 65536 407776 0 0 0 0 0 0 0 
_1.ptx 613 : 65536 2275520 19200 0 0 0 0 0 0 
_1.ptx 1437 : 15923 1972069 0 0 0 0 0 0 0 
_1.ptx 614 : 65536 408256 0 0 0 0 0 0 0 
_1.ptx 1438 : 15923 2054460 0 0 0 0 0 0 0 
_1.ptx 615 : 65536 2323328 19200 0 0 0 0 0 0 
_1.ptx 1439 : 15923 2365415 0 0 0 0 0 0 0 
_1.ptx 616 : 65536 409184 0 0 0 0 0 0 0 
_1.ptx 1440 : 15923 2478113 0 0 0 0 0 0 0 
_1.ptx 617 : 65536 2691744 19200 0 0 0 0 0 0 
_1.ptx 1441 : 15923 2315296 0 0 0 0 0 0 0 
_1.ptx 618 : 65536 410368 0 0 0 0 0 0 0 
_1.ptx 1442 : 15923 2491968 0 0 0 0 0 0 0 
_1.ptx 619 : 65536 2715072 19200 0 0 0 0 0 0 
_1.ptx 1443 : 15923 2394320 0 0 0 0 0 0 0 
_1.ptx 620 : 65536 409696 0 0 0 0 0 0 0 
_1.ptx 1444 : 15923 2498807 0 0 0 0 0 0 0 
_1.ptx 621 : 65536 2752864 19328 0 0 0 0 0 0 
_1.ptx 1445 : 15923 100309 0 0 0 0 0 0 0 
_1.ptx 622 : 65536 410752 0 0 0 0 0 0 0 
_1.ptx 1446 : 15923 146696 0 0 0 0 0 0 0 
_1.ptx 623 : 65536 2816160 19200 0 0 0 0 0 0 
_1.ptx 1447 : 15923 130923 0 0 0 0 0 0 0 
_1.ptx 624 : 65536 410848 0 0 0 0 0 0 0 
_1.ptx 1448 : 15923 100917 0 0 0 0 0 0 0 
_1.ptx 625 : 65536 3031456 19200 0 0 0 0 0 0 
_1.ptx 1449 : 15923 146955 0 0 0 0 0 0 0 
_1.ptx 626 : 65536 417664 0 0 0 0 0 0 0 
_1.ptx 1450 : 15923 136920 0 0 0 0 0 0 0 
_1.ptx 627 : 65536 2021024 19200 0 0 0 0 0 0 
_1.ptx 1451 : 15923 101535 0 0 0 0 0 0 0 
_1.ptx 628 : 65536 414592 0 0 0 0 0 0 0 
_1.ptx 1452 : 15923 147476 0 0 0 0 0 0 0 
_1.ptx 629 : 65536 2163200 19328 0 0 0 0 0 0 
_1.ptx 1453 : 15923 136005 0 0 0 0 0 0 0 
_1.ptx 630 : 65536 415648 0 0 0 0 0 0 0 
_1.ptx 1454 : 15923 101791 0 0 0 0 0 0 0 
_1.ptx 631 : 65536 2231936 19200 0 0 0 0 0 0 
_1.ptx 1455 : 15923 148836 0 0 0 0 0 0 0 
_1.ptx 632 : 65536 414592 0 0 0 0 0 0 0 
_1.ptx 1456 : 15923 129153 0 0 0 0 0 0 0 
_1.ptx 633 : 65536 2388960 19200 0 0 0 0 0 0 
_1.ptx 1457 : 15923 165139 0 0 0 0 0 0 0 
_1.ptx 634 : 65536 412288 0 0 0 0 0 0 0 
_1.ptx 1458 : 15923 166621 0 0 0 0 0 0 0 
_1.ptx 635 : 65536 2528736 19200 0 0 0 0 0 0 
_1.ptx 1459 : 15923 107955 0 0 0 0 0 0 0 
_1.ptx 636 : 65536 414432 0 0 0 0 0 0 0 
_1.ptx 1460 : 15923 133148 0 0 0 0 0 0 0 
_1.ptx 637 : 65536 2461984 19200 0 0 0 0 0 0 
_1.ptx 1461 : 15923 35229 0 0 0 0 0 0 386 
_1.ptx 638 : 65536 413312 0 0 0 0 0 0 0 
_1.ptx 639 : 65536 2719264 19200 0 0 0 0 0 0 
_1.ptx 640 : 65536 415232 0 0 0 0 0 0 0 
_1.ptx 1464 : 65536 13932416 0 0 0 4096 2048 0 0 
_1.ptx 641 : 65536 2632704 19328 0 0 0 0 0 0 
_1.ptx 1465 : 65536 5086688 0 0 0 0 0 0 0 
_1.ptx 642 : 65536 420256 0 0 0 0 0 0 0 
_1.ptx 1466 : 65536 490880 0 0 0 0 0 0 0 
_1.ptx 643 : 65536 2186624 19200 0 0 0 0 0 0 
_1.ptx 1467 : 65536 426784 0 0 0 0 0 0 0 
_1.ptx 644 : 65536 420832 0 0 0 0 0 0 0 
_1.ptx 1468 : 65536 739584 0 0 0 0 0 0 0 
_1.ptx 645 : 65536 426208 0 0 0 0 0 0 0 
_1.ptx 1469 : 65536 489504 0 0 0 0 0 0 0 
_1.ptx 646 : 65536 548544 0 0 0 0 0 0 0 
_1.ptx 1470 : 65536 4838784 0 0 0 0 0 0 0 
_1.ptx 647 : 65536 418560 0 0 0 0 0 0 0 
_1.ptx 1471 : 65536 491552 0 0 0 0 0 0 0 
_1.ptx 648 : 65536 423968 0 0 0 0 0 0 0 
_1.ptx 1472 : 65536 430688 0 0 0 0 0 0 0 
_1.ptx 649 : 65536 549472 0 0 0 0 0 0 0 
_1.ptx 1473 : 65536 740576 0 0 0 0 0 0 0 
_1.ptx 650 : 65536 423200 0 0 0 0 0 0 0 
_1.ptx 1474 : 65536 492128 0 0 0 0 0 0 0 
_1.ptx 651 : 65536 737728 0 0 0 0 0 0 0 
_1.ptx 1475 : 65536 492704 0 0 0 0 0 0 0 
_1.ptx 652 : 65536 419072 0 0 0 0 0 0 0 
_1.ptx 1476 : 65536 542976 0 0 0 0 0 0 0 
_1.ptx 653 : 65536 734176 0 0 0 0 0 0 0 
_1.ptx 1477 : 65536 3842208 0 0 0 0 0 0 0 
_1.ptx 654 : 65536 3341024 1024 0 0 0 0 0 0 
_1.ptx 1478 : 65536 492992 0 0 0 0 0 0 0 
_1.ptx 655 : 65536 3020736 0 0 0 0 0 0 0 
_1.ptx 1479 : 65536 430560 0 0 0 0 0 0 0 
_1.ptx 656 : 65536 543328 0 0 0 0 0 0 0 
_1.ptx 1480 : 65536 741088 0 0 0 0 0 0 0 
_1.ptx 657 : 65536 487520 0 0 0 0 0 0 0 
_1.ptx 1481 : 65536 496288 0 0 0 0 0 0 0 
_1.ptx 658 : 65536 547392 0 0 0 0 0 0 0 
_1.ptx 1482 : 65536 491872 0 0 0 0 0 0 0 
_1.ptx 659 : 65536 491936 0 0 0 0 0 0 0 
_1.ptx 1483 : 65536 4377024 0 0 0 0 0 0 0 
_1.ptx 660 : 65536 553152 0 0 0 0 0 0 0 
_1.ptx 1484 : 65536 497472 0 0 0 0 0 0 0 
_1.ptx 661 : 65536 424320 0 0 0 0 0 0 0 
_1.ptx 1485 : 65536 435328 0 0 0 0 0 0 0 
_1.ptx 662 : 65536 547136 0 0 0 0 0 0 0 
_1.ptx 1486 : 65536 743072 0 0 0 0 0 0 0 
_1.ptx 663 : 65536 0 0 0 0 0 0 0 0 
_1.ptx 1487 : 65536 496096 0 0 0 0 0 0 0 
_1.ptx 1488 : 65536 490816 0 0 0 0 0 0 0 
_1.ptx 665 : 65536 808768 0 0 0 0 0 0 0 
_1.ptx 1489 : 65536 545024 0 0 0 0 0 0 0 
_1.ptx 666 : 65536 922496 0 0 0 0 0 0 0 
_1.ptx 1490 : 65536 547200 0 0 0 0 0 0 0 
_1.ptx 667 : 65536 737184 0 0 0 0 0 0 0 
_1.ptx 1491 : 65536 740224 0 0 0 0 0 0 0 
_1.ptx 668 : 65536 493888 0 0 0 0 0 0 0 
_1.ptx 1492 : 65536 520928 0 0 0 4096 2048 0 0 
_1.ptx 669 : 65536 721088 0 0 0 0 0 0 0 
_1.ptx 670 : 65536 744160 0 0 0 0 0 0 0 
_1.ptx 671 : 65536 432896 0 0 0 0 0 0 0 
_1.ptx 1495 : 65536 416704 0 0 0 0 0 0 0 
_1.ptx 672 : 65536 2742464 120128 0 0 4096 2048 0 0 
_1.ptx 674 : 65536 5210976 1024 0 0 0 0 0 0 
_1.ptx 675 : 65536 4809792 0 0 0 0 0 0 0 
_1.ptx 676 : 65536 1106848 0 0 0 0 0 0 0 
_1.ptx 678 : 65536 470880 0 0 0 0 0 0 0 
_1.ptx 679 : 65536 913760 0 0 0 0 0 0 0 
_1.ptx 680 : 65536 749888 0 0 0 0 0 0 0 
_1.ptx 681 : 65536 1350208 0 0 0 0 0 0 0 
_1.ptx 682 : 65536 549664 0 0 0 0 0 0 0 
_1.ptx 683 : 65536 535904 0 0 0 0 0 0 0 
_1.ptx 684 : 65536 677440 0 0 0 0 0 0 0 
_1.ptx 685 : 65536 754624 0 0 0 0 0 0 0 
_1.ptx 686 : 65536 698240 0 0 0 0 0 0 0 
_1.ptx 687 : 65536 772832 0 0 0 0 0 0 0 
_1.ptx 688 : 65536 518784 0 0 0 0 0 0 0 
_1.ptx 689 : 65536 519008 0 0 0 0 0 0 0 
_1.ptx 690 : 65536 520736 0 0 0 0 0 0 0 
_1.ptx 691 : 65536 451040 0 0 0 0 0 0 0 
_1.ptx 692 : 65536 3146944 0 0 0 0 0 0 0 
_1.ptx 693 : 65536 430272 0 0 0 0 0 0 0 
_1.ptx 694 : 65536 743744 0 0 0 0 0 0 0 
_1.ptx 695 : 65536 759872 0 0 0 0 0 0 0 
_1.ptx 696 : 65536 442272 0 0 0 0 0 0 0 
_1.ptx 697 : 65536 758016 0 0 0 0 0 0 0 
_1.ptx 698 : 65536 747040 0 0 0 0 0 0 0 
_1.ptx 699 : 65536 725216 0 0 0 0 0 0 0 
_1.ptx 700 : 65536 743712 0 0 0 0 0 0 0 
_1.ptx 701 : 65536 567584 0 0 0 0 0 0 0 
_1.ptx 702 : 65536 744544 0 0 0 0 0 0 0 
_1.ptx 703 : 65536 562688 0 0 0 0 0 0 0 
_1.ptx 704 : 65536 742240 0 0 0 0 0 0 0 
_1.ptx 705 : 65536 536608 0 0 0 0 0 0 0 
_1.ptx 706 : 65536 743936 0 0 0 0 0 0 0 
_1.ptx 707 : 65536 420576 0 0 0 0 0 0 0 
_1.ptx 708 : 65536 743040 0 0 0 0 0 0 0 
_1.ptx 709 : 65536 478912 0 0 0 0 0 0 0 
_1.ptx 710 : 65536 761824 0 0 0 0 0 0 0 
_1.ptx 711 : 65536 778304 0 0 0 0 0 0 0 
_1.ptx 712 : 65536 790624 0 0 0 0 0 0 0 
_1.ptx 713 : 65536 799200 0 0 0 0 0 0 0 
_1.ptx 714 : 65536 803360 0 0 0 0 0 0 0 
_1.ptx 715 : 65536 809856 0 0 0 0 0 0 0 
_1.ptx 716 : 65536 822688 0 0 0 0 0 0 0 
_1.ptx 717 : 65536 808512 0 0 0 0 0 0 0 
_1.ptx 718 : 65536 801216 0 0 0 0 0 0 0 
_1.ptx 719 : 65536 798688 0 0 0 0 0 0 0 
_1.ptx 720 : 65536 789280 0 0 0 0 0 0 0 
_1.ptx 721 : 65536 791328 0 0 0 0 0 0 0 
_1.ptx 722 : 65536 785184 0 0 0 0 0 0 0 
_1.ptx 723 : 65536 795904 0 0 0 0 0 0 0 
_1.ptx 724 : 65536 646496 0 0 0 0 0 0 0 
_1.ptx 725 : 65536 622848 0 0 0 0 0 0 0 
_1.ptx 726 : 65536 1846688 0 0 0 0 0 0 0 
_1.ptx 727 : 65536 769312 0 0 0 0 0 0 0 
_1.ptx 728 : 65536 775488 0 0 0 0 0 0 0 
_1.ptx 729 : 65536 785696 0 0 0 0 0 0 0 
_1.ptx 731 : 65536 455872 0 0 0 0 0 0 0 
_1.ptx 733 : 65536 505088 0 0 0 0 0 0 0 
_1.ptx 734 : 65536 510720 0 0 0 0 0 0 0 
_1.ptx 735 : 65536 495648 0 0 0 0 0 0 0 
_1.ptx 736 : 65536 493440 0 0 0 0 0 0 0 
_1.ptx 738 : 127467 1010481 0 0 0 0 0 0 0 
_1.ptx 739 : 127467 890570 0 0 0 0 0 0 0 
_1.ptx 740 : 127467 852143 0 0 0 0 0 0 0 
_1.ptx 744 : 509868 4147858 1024 0 0 17236 17236 0 0 
_1.ptx 745 : 509868 3904256 0 0 0 17236 17236 0 0 
_1.ptx 746 : 509868 4199362 0 0 0 17236 17236 0 0 
_1.ptx 747 : 509868 2887114 0 0 0 17236 17236 0 0 
_1.ptx 748 : 509868 2701826 0 0 0 17236 17236 0 0 
_1.ptx 749 : 509868 3429511 0 0 0 0 0 0 0 
_1.ptx 750 : 509868 4429064 0 0 0 0 0 0 0 
_1.ptx 751 : 509868 2713502 0 0 0 0 0 0 0 
_1.ptx 753 : 127467 995028 0 0 0 0 0 0 0 
_1.ptx 754 : 127467 877887 0 0 0 0 0 0 0 
_1.ptx 755 : 127467 1092983 0 0 0 0 0 0 0 
_1.ptx 756 : 127467 873971 0 0 0 0 0 0 0 
_1.ptx 761 : 127467 1460822 0 0 0 0 0 0 0 
_1.ptx 762 : 127467 6235835 0 0 0 0 0 0 0 
_1.ptx 763 : 127467 846701 0 0 0 0 0 0 0 
_1.ptx 764 : 127467 862667 0 0 0 0 0 0 0 
_1.ptx 765 : 127467 1084970 0 0 0 0 0 0 0 
_1.ptx 766 : 127467 1205589 0 0 0 0 0 0 0 
_1.ptx 769 : 127467 1017269 0 0 0 0 0 0 0 
_1.ptx 770 : 127467 894093 0 0 0 0 0 0 0 
_1.ptx 773 : 382401 4488919 0 0 0 0 0 0 0 
_1.ptx 774 : 382401 1295322 0 0 0 0 0 0 0 
_1.ptx 775 : 382401 4536479 0 0 0 0 0 0 0 
_1.ptx 776 : 382401 4530415 0 0 0 0 0 0 0 
_1.ptx 777 : 382401 4579474 0 0 0 0 0 0 0 
_1.ptx 778 : 382401 4590596 0 0 0 0 0 0 0 
_1.ptx 779 : 382401 4602292 0 0 0 0 0 0 0 
_1.ptx 780 : 382401 4597394 0 0 0 0 0 0 0 
_1.ptx 781 : 382401 3762990 0 0 0 0 0 0 0 
_1.ptx 782 : 382401 3845903 0 0 0 0 0 0 0 
_1.ptx 783 : 382401 3729312 0 0 0 0 0 0 0 
_1.ptx 784 : 382401 3832056 0 0 0 0 0 0 0 
_1.ptx 785 : 382401 3399299 0 0 0 0 0 0 0 
_1.ptx 786 : 382401 3165914 0 0 0 0 0 0 0 
_1.ptx 787 : 382401 2767820 0 0 0 0 0 0 0 
_1.ptx 788 : 382401 3391623 0 0 0 0 0 0 0 
_1.ptx 789 : 382401 3157428 0 0 0 0 0 0 0 
_1.ptx 790 : 382401 3405837 0 0 0 0 0 0 0 
_1.ptx 791 : 382401 2782845 0 0 0 0 0 0 0 
_1.ptx 792 : 382401 3387260 0 0 0 0 0 0 0 
_1.ptx 793 : 382401 1991623 0 0 0 0 0 0 1523 
_1.ptx 794 : 105477 784630 0 0 0 0 0 0 0 
_1.ptx 795 : 105477 778112 0 0 0 0 0 0 0 
_1.ptx 797 : 276924 3270437 0 0 0 0 0 0 0 
_1.ptx 798 : 276924 3261718 0 0 0 0 0 0 0 
_1.ptx 799 : 276924 2437385 0 0 0 0 0 0 0 
_1.ptx 800 : 276924 141294 0 0 0 0 0 0 715 
_1.ptx 801 : 257599 1871426 0 0 0 0 0 0 0 
_1.ptx 802 : 257599 1887446 0 0 0 0 0 0 0 
_1.ptx 805 : 19325 226753 0 0 0 0 0 0 0 
_1.ptx 806 : 19325 348420 0 0 0 0 0 0 0 
_1.ptx 807 : 19325 226372 0 0 0 0 0 0 0 
_1.ptx 808 : 19325 231842 0 0 0 0 0 0 0 
_1.ptx 809 : 19325 186771 0 0 0 0 0 0 0 
_1.ptx 813 : 382401 3175667 0 0 0 0 0 0 0 
_1.ptx 815 : 509868 3629777 0 0 0 0 0 0 0 
_1.ptx 816 : 509868 4413147 0 0 0 0 0 0 0 
_1.ptx 817 : 509868 4097271 0 0 0 0 0 0 0 
_1.ptx 818 : 509868 4418852 0 0 0 0 0 0 0 
_1.ptx 819 : 509868 4109274 0 0 0 0 0 0 0 
_1.ptx 820 : 509868 4486936 0 0 0 0 0 0 0 
_1.ptx 821 : 509868 3577345 0 0 0 0 0 0 0 
_1.ptx 822 : 509868 4438662 0 0 0 0 0 0 0 
