kernel line : count latency dram_traffic smem_bk_conflicts smem_warp gmem_access_generated gmem_warp exposed_latency warp_divergence
_1.ptx 823 : 509868 3058978 0 0 0 0 0 0 1125 
_1.ptx 825 : 74702 590576 0 0 0 0 0 0 0 
_1.ptx 827 : 74702 614814 0 0 0 0 0 0 0 
_1.ptx 829 : 509868 5562550 0 0 0 0 0 0 0 
_1.ptx 830 : 509868 5602084 0 0 0 0 0 0 0 
_1.ptx 831 : 509868 3785228 0 0 0 0 0 0 0 
_1.ptx 832 : 509868 4472488 0 0 0 0 0 0 0 
_1.ptx 833 : 509868 2658989 0 0 0 0 0 0 0 
_1.ptx 834 : 127467 909174 0 0 0 0 0 0 0 
_1.ptx 835 : 127467 1101041 0 0 0 0 0 0 0 
_1.ptx 836 : 127467 1024817 0 0 0 0 0 0 0 
_1.ptx 837 : 127467 893952 0 0 0 0 0 0 0 
_1.ptx 838 : 127467 1102190 0 0 0 0 0 0 0 
_1.ptx 839 : 127467 1009439 0 0 0 0 0 0 0 
_1.ptx 840 : 127467 1105253 0 0 0 0 0 0 0 
_1.ptx 841 : 127467 894946 0 0 0 0 0 0 0 
_1.ptx 842 : 127467 1094954 0 0 0 0 0 0 0 
_1.ptx 843 : 127467 447123 0 0 0 0 0 0 631 
_1.ptx 845 : 62282 682762 0 0 0 0 0 0 0 
_1.ptx 847 : 62282 511434 0 0 0 0 0 0 0 
_1.ptx 848 : 62282 485678 0 0 0 0 0 0 0 
_1.ptx 849 : 62282 800534 0 0 0 0 0 0 0 
_1.ptx 850 : 62282 718205 0 0 0 0 0 0 0 
_1.ptx 851 : 62282 327156 0 0 0 2349 2349 0 0 
_1.ptx 852 : 62282 321219 0 0 0 2349 2349 0 0 
_1.ptx 853 : 62282 314895 0 0 0 2544 2349 0 0 
_1.ptx 854 : 62282 317270 0 0 0 2544 2349 0 0 
_1.ptx 855 : 62282 313144 0 0 0 2544 2349 0 0 
_1.ptx 856 : 62282 316974 0 0 0 2544 2349 0 0 
_1.ptx 857 : 62282 306000 0 0 0 2544 2349 0 0 
_1.ptx 859 : 62282 705662 0 0 0 0 0 0 0 
_1.ptx 860 : 62282 708870 0 0 0 0 0 0 0 
_1.ptx 861 : 62282 713894 0 0 0 0 0 0 0 
_1.ptx 862 : 62282 721900 0 0 0 0 0 0 0 
_1.ptx 863 : 62282 729445 0 0 0 0 0 0 0 
_1.ptx 864 : 62282 722288 0 0 0 0 0 0 0 
_1.ptx 865 : 62282 349682 0 0 0 2544 2349 0 0 
_1.ptx 866 : 62282 441236 0 0 0 0 0 0 0 
_1.ptx 867 : 62282 537437 0 0 0 0 0 0 0 
_1.ptx 868 : 62282 129270 0 0 0 0 0 0 305 
_1.ptx 870 : 43133 311176 0 0 0 0 0 0 0 
_1.ptx 871 : 43133 306966 0 0 0 0 0 0 0 
_1.ptx 872 : 43133 311510 0 0 0 0 0 0 0 
_1.ptx 873 : 43133 297819 0 0 0 0 0 0 0 
_1.ptx 875 : 19149 67135 0 0 0 0 0 0 0 
_1.ptx 876 : 19149 219147 0 0 0 0 0 0 0 
_1.ptx 877 : 19149 221764 0 0 0 0 0 0 0 
_1.ptx 878 : 19149 223452 0 0 0 0 0 0 0 
_1.ptx 879 : 19149 225191 0 0 0 0 0 0 0 
_1.ptx 880 : 19149 226522 0 0 0 0 0 0 0 
_1.ptx 881 : 19149 182212 0 0 0 0 0 0 0 
_1.ptx 882 : 19149 183993 0 0 0 0 0 0 0 
_1.ptx 883 : 19149 639545 0 0 0 0 0 0 0 
_1.ptx 884 : 19149 245655 0 0 0 0 0 0 0 
_1.ptx 885 : 19149 245920 0 0 0 0 0 0 0 
_1.ptx 886 : 19149 242394 0 0 0 0 0 0 0 
_1.ptx 888 : 62282 728253 0 0 0 0 0 0 0 
_1.ptx 889 : 62282 726303 0 0 0 0 0 0 0 
_1.ptx 890 : 62282 742610 0 0 0 0 0 0 0 
_1.ptx 891 : 62282 773144 0 0 0 0 0 0 0 
_1.ptx 892 : 62282 615735 0 0 0 0 0 0 0 
_1.ptx 893 : 62282 605462 0 0 0 0 0 0 0 
_1.ptx 894 : 62282 1976797 0 0 0 0 0 0 0 
_1.ptx 895 : 62282 739166 0 0 0 0 0 0 0 
_1.ptx 896 : 62282 742238 0 0 0 0 0 0 0 
_1.ptx 897 : 62282 739580 0 0 0 0 0 0 0 
_1.ptx 898 : 62282 716870 0 0 0 0 0 0 0 
_1.ptx 899 : 62282 598353 0 0 0 0 0 0 0 
_1.ptx 900 : 62282 597600 0 0 0 0 0 0 0 
_1.ptx 901 : 62282 428197 0 0 0 0 0 0 0 
_1.ptx 902 : 62282 535958 0 0 0 0 0 0 0 
_1.ptx 903 : 62282 431124 0 0 0 0 0 0 0 
_1.ptx 910 : 62282 485084 0 0 0 0 0 0 0 
_1.ptx 911 : 62282 491156 0 0 0 0 0 0 0 
_1.ptx 912 : 62282 505833 0 0 0 0 0 0 0 
_1.ptx 915 : 62282 448117 0 0 0 0 0 0 0 
_1.ptx 916 : 62282 723697 0 0 0 0 0 0 0 
_1.ptx 917 : 62282 489273 0 0 0 0 0 0 0 
_1.ptx 918 : 62282 979307 0 0 0 0 0 0 0 
_1.ptx 919 : 62282 708414 0 0 0 0 0 0 0 
_1.ptx 920 : 62282 575460 25504 0 0 0 0 0 0 
_1.ptx 921 : 62282 413990 0 0 0 0 0 0 0 
_1.ptx 922 : 62282 712325 0 0 0 0 0 0 0 
_1.ptx 923 : 62282 759219 49120 0 0 0 0 0 0 
_1.ptx 924 : 62282 410062 0 0 0 0 0 0 0 
_1.ptx 925 : 62282 709711 0 0 0 0 0 0 0 
_1.ptx 926 : 62282 979664 26592 0 0 0 0 0 0 
_1.ptx 927 : 62282 404035 0 0 0 0 0 0 0 
_1.ptx 928 : 62282 712622 0 0 0 0 0 0 0 
_1.ptx 929 : 62282 1020000 17152 0 0 0 0 0 0 
_1.ptx 931 : 62282 410285 0 0 0 0 0 0 0 
_1.ptx 932 : 62282 715215 0 0 0 0 0 0 0 
_1.ptx 933 : 62282 418754 0 0 0 0 0 0 0 
_1.ptx 934 : 62282 712395 0 0 0 0 0 0 0 
_1.ptx 935 : 62282 408104 0 0 0 0 0 0 0 
_1.ptx 936 : 62282 717289 0 0 0 0 0 0 0 
_1.ptx 937 : 62282 745960 0 0 0 0 0 0 0 
_1.ptx 938 : 62282 597776 0 0 0 0 0 0 0 
_1.ptx 939 : 62282 592403 0 0 0 0 0 0 0 
_1.ptx 940 : 62282 2287004 0 0 0 0 0 0 0 
_1.ptx 941 : 62282 774412 0 0 0 0 0 0 0 
_1.ptx 942 : 62282 768855 0 0 0 0 0 0 0 
_1.ptx 943 : 62282 800276 0 0 0 0 0 0 0 
_1.ptx 944 : 62282 788156 0 0 0 0 0 0 0 
_1.ptx 945 : 62282 603377 0 0 0 0 0 0 0 
_1.ptx 946 : 62282 601441 0 0 0 0 0 0 0 
_1.ptx 947 : 62282 442508 0 0 0 0 0 0 0 
_1.ptx 948 : 62282 544090 0 0 0 0 0 0 0 
_1.ptx 949 : 62282 36912 0 0 0 0 0 0 318 
_1.ptx 951 : 56815 450515 0 0 0 0 0 0 0 
_1.ptx 952 : 56815 357919 0 0 0 0 0 0 0 
_1.ptx 955 : 220903 1049453 0 0 0 8579 8579 0 0 
_1.ptx 956 : 220903 1051079 0 0 0 8579 8579 0 0 
_1.ptx 957 : 220903 1023745 0 0 0 8579 8579 0 0 
_1.ptx 958 : 220903 1012967 0 0 0 8579 8579 0 0 
_1.ptx 959 : 220903 1481876 0 0 0 0 0 0 0 
_1.ptx 960 : 220903 1901755 0 0 0 0 0 0 0 
_1.ptx 961 : 220903 1151194 0 0 0 0 0 0 0 
_1.ptx 963 : 56815 434714 0 0 0 0 0 0 0 
_1.ptx 964 : 56815 381061 0 0 0 0 0 0 0 
_1.ptx 965 : 56815 477687 0 0 0 0 0 0 0 
_1.ptx 966 : 56815 367968 0 0 0 0 0 0 0 
_1.ptx 971 : 56815 363975 0 0 0 0 0 0 0 
_1.ptx 972 : 56815 526391 0 0 0 0 0 0 0 
_1.ptx 973 : 56815 641069 0 0 0 0 0 0 0 
_1.ptx 974 : 56815 3273560 0 0 0 0 0 0 0 
_1.ptx 976 : 56815 371849 0 0 0 0 0 0 0 
_1.ptx 977 : 56815 375863 0 0 0 0 0 0 0 
_1.ptx 978 : 56815 490560 0 0 0 0 0 0 0 
_1.ptx 979 : 56815 532110 0 0 0 0 0 0 0 
_1.ptx 982 : 56815 439177 0 0 0 0 0 0 0 
_1.ptx 983 : 56815 387349 0 0 0 0 0 0 0 
_1.ptx 986 : 164088 751448 0 0 0 6402 6402 0 0 
_1.ptx 987 : 164088 619345 0 0 0 0 0 0 0 
_1.ptx 988 : 164088 1943236 0 0 0 0 0 0 0 
_1.ptx 989 : 164088 1158659 0 0 0 0 0 0 0 
_1.ptx 990 : 164088 1950855 0 0 0 0 0 0 0 
_1.ptx 991 : 164088 1189876 0 0 0 0 0 0 0 
_1.ptx 992 : 164088 1962632 0 0 0 0 0 0 0 
_1.ptx 993 : 164088 1199138 0 0 0 0 0 0 0 
_1.ptx 994 : 164088 1954071 0 0 0 0 0 0 0 
_1.ptx 995 : 164088 1948732 0 0 0 0 0 0 0 
_1.ptx 996 : 164088 1984268 0 0 0 0 0 0 0 
_1.ptx 997 : 164088 1986123 0 0 0 0 0 0 0 
_1.ptx 998 : 164088 1985898 0 0 0 0 0 0 0 
_1.ptx 999 : 164088 1982144 0 0 0 0 0 0 0 
_1.ptx 1000 : 164088 1999882 0 0 0 0 0 0 0 
_1.ptx 1001 : 164088 2017145 0 0 0 0 0 0 0 
_1.ptx 1002 : 164088 1666637 0 0 0 0 0 0 0 
_1.ptx 1003 : 164088 1658707 0 0 0 0 0 0 0 
_1.ptx 1004 : 164088 1995103 0 0 0 0 0 0 0 
_1.ptx 1005 : 164088 1636967 0 0 0 0 0 0 0 
_1.ptx 1006 : 164088 1640558 0 0 0 0 0 0 0 
_1.ptx 1007 : 164088 2002376 0 0 0 0 0 0 0 
_1.ptx 1008 : 164088 1500344 0 0 0 0 0 0 0 
_1.ptx 1009 : 164088 1389334 0 0 0 0 0 0 0 
_1.ptx 1010 : 164088 1178056 0 0 0 0 0 0 0 
_1.ptx 1011 : 164088 1456516 0 0 0 0 0 0 0 
_1.ptx 1012 : 164088 1357625 0 0 0 0 0 0 0 
_1.ptx 1013 : 164088 1467039 0 0 0 0 0 0 0 
_1.ptx 1014 : 164088 1203515 0 0 0 0 0 0 0 
_1.ptx 1015 : 164088 1459245 0 0 0 0 0 0 0 
_1.ptx 1016 : 164088 827480 0 0 0 0 0 0 965 
_1.ptx 1017 : 50431 374964 0 0 0 0 0 0 0 
_1.ptx 1018 : 50431 366895 0 0 0 0 0 0 0 
_1.ptx 1020 : 113657 1340608 0 0 0 0 0 0 0 
_1.ptx 1021 : 113657 1352033 0 0 0 0 0 0 0 
_1.ptx 1022 : 113657 1019923 0 0 0 0 0 0 0 
_1.ptx 1023 : 113657 45917 0 0 0 0 0 0 344 
_1.ptx 1024 : 107587 795126 0 0 0 0 0 0 0 
_1.ptx 1025 : 107587 805743 0 0 0 0 0 0 0 
_1.ptx 1028 : 6070 72202 0 0 0 0 0 0 0 
_1.ptx 1029 : 6070 112124 0 0 0 0 0 0 0 
_1.ptx 1030 : 6070 73009 0 0 0 0 0 0 0 
_1.ptx 1031 : 6070 74323 0 0 0 0 0 0 0 
_1.ptx 1032 : 6070 59978 0 0 0 0 0 0 0 
_1.ptx 1036 : 164088 1374392 0 0 0 0 0 0 0 
_1.ptx 1039 : 220903 1595817 0 0 0 0 0 0 0 
_1.ptx 1040 : 220903 1928043 0 0 0 0 0 0 0 
_1.ptx 1041 : 220903 1515761 0 0 0 0 0 0 370 
_1.ptx 1042 : 6068 72503 0 0 0 0 0 0 0 
_1.ptx 1043 : 6068 73302 0 0 0 0 0 0 0 
_1.ptx 1044 : 6068 73409 0 0 0 0 0 0 0 
_1.ptx 1045 : 6068 73215 0 0 0 0 0 0 0 
_1.ptx 1046 : 6068 72959 0 0 0 0 0 0 0 
_1.ptx 1047 : 6068 73906 0 0 0 0 0 0 0 
_1.ptx 1048 : 6068 74896 0 0 0 0 0 0 0 
_1.ptx 1049 : 6068 60676 0 0 0 0 0 0 0 
_1.ptx 1050 : 6068 61266 0 0 0 0 0 0 0 
_1.ptx 1051 : 6068 55821 0 0 0 0 0 0 0 
_1.ptx 1052 : 6068 46038 0 0 0 0 0 0 0 
_1.ptx 1057 : 220903 2404337 0 0 0 0 0 0 0 
_1.ptx 1058 : 220903 2415883 0 0 0 0 0 0 0 
_1.ptx 1059 : 220903 1695531 0 0 0 0 0 0 0 
_1.ptx 1060 : 220903 1937052 0 0 0 0 0 0 0 
_1.ptx 1061 : 220903 373608 0 0 0 0 0 0 0 
_1.ptx 1062 : 169119 1237129 0 0 0 0 0 0 0 
_1.ptx 1063 : 169119 1462868 0 0 0 0 0 0 0 
_1.ptx 1064 : 169119 1139618 0 0 0 0 0 0 295 
_1.ptx 1065 : 5031 36408 0 0 0 0 0 0 0 
_1.ptx 1067 : 51784 375017 0 0 0 0 0 0 0 
_1.ptx 1068 : 51784 458106 0 0 0 0 0 0 0 
_1.ptx 1071 : 56815 44274 0 0 0 0 0 0 318 
_1.ptx 1073 : 50745 599895 0 0 0 0 0 0 0 
_1.ptx 1074 : 50745 605394 0 0 0 0 0 0 0 
_1.ptx 1075 : 50745 606505 0 0 0 0 0 0 0 
_1.ptx 1076 : 50745 630846 0 0 0 0 0 0 0 
_1.ptx 1077 : 50745 500033 0 0 0 0 0 0 0 
_1.ptx 1078 : 50745 497303 0 0 0 0 0 0 0 
_1.ptx 1079 : 50745 1180875 0 0 0 0 0 0 0 
_1.ptx 1081 : 50745 366549 0 0 0 0 0 0 0 
_1.ptx 1082 : 50745 1077580 0 0 0 0 0 0 0 
_1.ptx 1083 : 50745 407869 0 0 0 0 0 0 0 
_1.ptx 1084 : 50745 714457 0 0 0 0 0 0 0 
_1.ptx 1085 : 50745 663839 0 0 0 0 0 0 0 
_1.ptx 1086 : 50745 602641 0 0 0 0 0 0 0 
_1.ptx 1087 : 50745 374348 128 0 0 0 0 0 0 
_1.ptx 1088 : 50745 363718 0 0 0 0 0 0 0 
_1.ptx 1089 : 50745 586519 0 0 0 0 0 0 0 
_1.ptx 1090 : 50745 595952 0 0 0 0 0 0 0 
_1.ptx 1091 : 50745 603795 0 0 0 0 0 0 0 
_1.ptx 1092 : 50745 360507 512 0 0 0 0 0 0 
_1.ptx 1093 : 50745 365592 0 0 0 0 0 0 0 
_1.ptx 1094 : 50745 595060 0 0 0 0 0 0 0 
_1.ptx 1095 : 50745 601588 0 0 0 0 0 0 0 
_1.ptx 1096 : 50745 606489 0 0 0 0 0 0 0 
_1.ptx 1097 : 50745 626273 128 0 0 0 0 0 0 
_1.ptx 1098 : 50745 360154 0 0 0 0 0 0 0 
_1.ptx 1099 : 50745 594325 0 0 0 0 0 0 0 
_1.ptx 1100 : 50745 491280 0 0 0 0 0 0 0 
_1.ptx 1101 : 50745 688439 128 0 0 0 0 0 0 
_1.ptx 1103 : 50745 584334 0 0 0 0 0 0 0 
_1.ptx 1104 : 50745 591444 0 0 0 0 0 0 0 
_1.ptx 1105 : 50745 588992 0 0 0 0 0 0 0 
_1.ptx 1106 : 50745 500574 0 0 0 0 0 0 0 
_1.ptx 1107 : 50745 608908 0 0 0 0 0 0 0 
_1.ptx 1108 : 50745 506943 0 0 0 0 0 0 0 
_1.ptx 1109 : 50745 381401 0 0 0 0 0 0 0 
_1.ptx 1110 : 50745 1098670 0 0 0 0 0 0 0 
_1.ptx 1111 : 50745 417131 0 0 0 0 0 0 0 
_1.ptx 1112 : 50745 1102631 0 0 0 0 0 0 0 
_1.ptx 1113 : 50745 421513 0 0 0 0 0 0 0 
_1.ptx 1114 : 50745 465866 0 0 0 0 0 0 0 
_1.ptx 1115 : 50745 368705 0 0 0 0 0 0 0 
_1.ptx 1121 : 50745 412692 0 0 0 0 0 0 0 
_1.ptx 1122 : 50745 363237 0 0 0 0 0 0 0 
_1.ptx 1123 : 50745 433690 0 0 0 0 0 0 0 
_1.ptx 1124 : 50745 0 0 0 0 0 0 0 0 
_1.ptx 1125 : 50745 325081 0 0 0 0 0 0 0 
_1.ptx 1133 : 50745 322325 0 0 0 0 0 0 0 
_1.ptx 1134 : 50745 422775 0 0 0 0 0 0 0 
_1.ptx 1135 : 50745 334589 0 0 0 0 0 0 0 
_1.ptx 1140 : 50745 328671 0 0 0 0 0 0 0 
_1.ptx 1141 : 50745 422591 0 0 0 0 0 0 0 
_1.ptx 1142 : 50745 334084 0 0 0 0 0 0 0 
_1.ptx 1157 : 50745 331528 0 0 0 0 0 0 0 
_1.ptx 1158 : 50745 429289 0 0 0 0 0 0 0 
_1.ptx 1159 : 50745 334537 0 0 0 0 0 0 0 
_1.ptx 1181 : 50745 330341 0 0 0 0 0 0 0 
_1.ptx 1182 : 50745 426690 0 0 0 0 0 0 0 
_1.ptx 1183 : 50745 332910 0 0 0 0 0 0 0 
_1.ptx 1196 : 50745 372997 0 0 0 0 0 0 0 
_1.ptx 1197 : 50745 378249 0 0 0 0 0 0 0 
_1.ptx 1198 : 50745 384211 0 0 0 0 0 0 0 
_1.ptx 1199 : 50745 389090 0 0 0 0 0 0 0 
_1.ptx 1200 : 50745 345198 0 0 0 0 0 0 0 
_1.ptx 1201 : 50745 429875 0 0 0 0 0 0 0 
_1.ptx 1202 : 50745 337733 0 0 0 0 0 0 0 
_1.ptx 1213 : 50745 421724 0 0 0 0 0 0 0 
_1.ptx 1216 : 50745 577769 0 0 0 0 0 0 0 
_1.ptx 1218 : 50745 428698 0 0 0 0 0 0 0 
_1.ptx 1219 : 50745 403213 0 0 0 0 0 0 0 
_1.ptx 1220 : 50745 396896 0 0 0 0 0 0 0 
_1.ptx 1221 : 50745 404915 0 0 0 0 0 0 0 
_1.ptx 1222 : 50745 362484 0 0 0 0 0 0 0 
_1.ptx 1223 : 50745 442209 0 0 0 0 0 0 0 
_1.ptx 1224 : 50745 211441 0 0 0 0 0 0 727 
_1.ptx 1226 : 21083 158287 0 0 0 0 0 0 0 
_1.ptx 1227 : 21083 250964 0 0 0 0 0 0 0 
_1.ptx 1229 : 21083 240083 0 0 0 0 0 0 0 
_1.ptx 1232 : 50745 392619 0 0 0 0 0 0 0 
_1.ptx 1233 : 50745 596009 0 0 0 0 0 0 0 
_1.ptx 1234 : 50745 329301 0 0 0 0 0 0 0 
_1.ptx 1235 : 50745 588025 0 0 0 0 0 0 0 
_1.ptx 1236 : 50745 613847 0 0 0 0 0 0 0 
_1.ptx 1237 : 50745 474703 0 0 0 0 0 0 0 
_1.ptx 1238 : 50745 2399768 0 0 0 0 0 0 0 
_1.ptx 1239 : 50745 408836 0 0 0 0 0 0 0 
_1.ptx 1240 : 50745 617263 0 0 0 0 0 0 0 
_1.ptx 1241 : 50745 408988 0 0 0 0 0 0 0 
_1.ptx 1242 : 50745 415948 0 0 0 0 0 0 0 
_1.ptx 1243 : 50745 410516 0 0 0 0 0 0 0 
_1.ptx 1244 : 50745 406614 0 0 0 0 0 0 0 
_1.ptx 1245 : 50745 411877 0 0 0 0 0 0 0 
_1.ptx 1246 : 50745 588549 0 0 0 0 0 0 0 
_1.ptx 1247 : 50745 589993 0 0 0 0 0 0 0 
_1.ptx 1248 : 50745 601846 0 0 0 0 0 0 0 
_1.ptx 1249 : 50745 482997 0 0 0 0 0 0 0 
_1.ptx 1250 : 50745 481472 0 0 0 0 0 0 0 
_1.ptx 1252 : 50745 612132 0 0 0 0 0 0 0 
_1.ptx 1253 : 50745 646940 0 0 0 0 0 0 0 
_1.ptx 1254 : 50745 442877 0 0 0 0 0 0 0 
_1.ptx 1255 : 50745 444680 0 0 0 0 0 0 0 
_1.ptx 1256 : 50745 524010 0 0 0 0 0 0 0 
_1.ptx 1257 : 50745 396730 0 0 0 0 0 0 0 
_1.ptx 1258 : 50745 512519 0 0 0 0 0 0 0 
_1.ptx 1259 : 50745 623438 0 0 0 0 0 0 0 
_1.ptx 1260 : 50745 627257 0 0 0 0 0 0 0 
_1.ptx 1261 : 50745 617751 0 0 0 0 0 0 0 
_1.ptx 1262 : 50745 612580 0 0 0 0 0 0 0 
_1.ptx 1263 : 50745 603948 0 0 0 0 0 0 0 
_1.ptx 1264 : 50745 601130 0 0 0 0 0 0 0 
_1.ptx 1265 : 50745 599622 0 0 0 0 0 0 0 
_1.ptx 1266 : 50745 594622 0 0 0 0 0 0 0 
_1.ptx 1267 : 50745 570294 0 0 0 0 0 0 0 
_1.ptx 1269 : 50745 577504 0 0 0 0 0 0 0 
_1.ptx 1271 : 50745 591625 0 0 0 0 0 0 0 
_1.ptx 1272 : 50745 620172 0 0 0 0 0 0 0 
_1.ptx 1274 : 50745 479598 0 0 0 0 0 0 0 
_1.ptx 1275 : 50745 437905 0 0 0 0 0 0 0 
_1.ptx 1276 : 50745 623382 0 0 0 0 0 0 0 
_1.ptx 1277 : 50745 627200 0 0 0 0 0 0 0 
_1.ptx 1279 : 50745 418625 0 0 0 0 0 0 0 
_1.ptx 1280 : 50745 618568 0 0 0 0 0 0 0 
_1.ptx 1281 : 50745 626095 0 0 0 0 0 0 0 
_1.ptx 1282 : 50745 610170 0 0 0 0 0 0 0 
_1.ptx 1283 : 50745 599828 0 0 0 0 0 0 0 
_1.ptx 1284 : 50745 595882 0 0 0 0 0 0 0 
_1.ptx 1286 : 50745 600967 0 0 0 0 0 0 0 
_1.ptx 1288 : 50745 366118 0 0 0 0 0 0 0 
_1.ptx 1289 : 50745 591552 0 0 0 0 0 0 0 
_1.ptx 1290 : 50745 593832 0 0 0 0 0 0 0 
_1.ptx 1291 : 50745 466695 0 0 0 0 0 0 0 
_1.ptx 1292 : 50745 639661 0 0 0 0 0 0 0 
_1.ptx 1293 : 50745 407862 0 0 0 0 0 0 0 
_1.ptx 1294 : 50745 492987 0 0 0 0 0 0 0 
_1.ptx 1295 : 50745 362483 0 0 0 0 0 0 0 
_1.ptx 1296 : 50745 492918 0 0 0 0 0 0 0 
_1.ptx 1297 : 50745 354422 0 0 0 0 0 0 0 
_1.ptx 1298 : 50745 492366 0 0 0 0 0 0 0 
_1.ptx 1299 : 50745 357484 0 0 0 0 0 0 0 
_1.ptx 1300 : 50745 489799 0 0 0 0 0 0 0 
_1.ptx 1301 : 50745 601809 0 0 0 0 0 0 0 
_1.ptx 1303 : 50745 417862 0 0 0 0 0 0 0 
_1.ptx 1304 : 50745 596339 0 0 0 0 0 0 0 
_1.ptx 1305 : 50745 589882 0 0 0 0 0 0 0 
_1.ptx 1307 : 50745 380117 0 0 0 0 0 0 0 
_1.ptx 1308 : 50745 388554 0 0 0 0 0 0 0 
_1.ptx 1309 : 50745 406218 0 0 0 0 0 0 0 
_1.ptx 1310 : 50745 359834 0 0 0 0 0 0 0 
_1.ptx 1311 : 50745 423556 0 0 0 0 0 0 0 
_1.ptx 1312 : 50745 327411 0 0 0 0 0 0 0 
_1.ptx 1321 : 50745 386129 0 0 0 0 0 0 0 
_1.ptx 1322 : 50745 342235 0 0 0 0 0 0 0 
_1.ptx 1323 : 50745 575294 0 0 0 0 0 0 0 
_1.ptx 1324 : 50745 409358 0 0 0 0 0 0 0 
_1.ptx 1325 : 50745 363232 0 0 0 0 0 0 0 
_1.ptx 1326 : 50745 366139 0 0 0 0 0 0 0 
_1.ptx 1327 : 50745 2615590 0 0 0 0 0 0 0 
_1.ptx 1328 : 50745 314705 0 0 0 0 0 0 0 
_1.ptx 1329 : 50745 326394 0 0 0 0 0 0 0 
_1.ptx 1330 : 50745 475696 0 0 0 0 0 0 0 
_1.ptx 1331 : 50745 485910 0 0 0 0 0 0 0 
_1.ptx 1332 : 50745 353425 0 0 0 0 0 0 0 
_1.ptx 1333 : 50745 668784 0 0 0 0 0 0 0 
_1.ptx 1334 : 50745 3514824 0 0 0 0 0 0 0 
_1.ptx 1335 : 50745 597656 0 0 0 0 0 0 0 
_1.ptx 1336 : 50745 327485 0 0 0 0 0 0 0 
_1.ptx 1337 : 50745 434737 0 0 0 0 0 0 0 
_1.ptx 1338 : 50745 474970 0 0 0 0 0 0 0 
_1.ptx 1339 : 50745 330652 0 0 0 0 0 0 0 
_1.ptx 1340 : 50745 428492 0 0 0 0 0 0 0 
_1.ptx 1341 : 50745 470908 0 0 0 0 0 0 0 
_1.ptx 1343 : 50745 383296 0 0 0 0 0 0 0 
_1.ptx 1344 : 50745 323087 0 0 0 0 0 0 0 
_1.ptx 1345 : 50745 430934 0 0 0 0 0 0 0 
_1.ptx 1346 : 50745 0 0 0 0 0 0 0 0 
_1.ptx 1348 : 50745 482814 0 0 0 0 0 0 0 
_1.ptx 1351 : 50745 420002 0 0 0 0 0 0 0 
_1.ptx 1352 : 50745 372877 0 0 0 0 0 0 0 
_1.ptx 1353 : 50745 413288 0 0 0 0 0 0 0 
_1.ptx 1354 : 50745 419606 0 0 0 0 0 0 0 
_1.ptx 1355 : 50745 377589 0 0 0 0 0 0 0 
_1.ptx 1356 : 50745 609970 0 0 0 0 0 0 0 
_1.ptx 1357 : 50745 606477 0 0 0 0 0 0 0 
_1.ptx 1358 : 50745 427837 0 0 0 0 0 0 0 
_1.ptx 1359 : 50745 366146 0 0 0 0 0 0 0 
_1.ptx 1360 : 50745 441829 0 0 0 0 0 0 0 
_1.ptx 1361 : 50745 401637 0 0 0 0 0 0 0 
_1.ptx 1362 : 50745 431063 0 0 0 0 0 0 0 
_1.ptx 1363 : 50745 319023 0 0 0 0 0 0 0 
_1.ptx 1364 : 50745 423116 0 0 0 0 0 0 0 
_1.ptx 1365 : 50745 324698 0 0 0 0 0 0 0 
_1.ptx 1372 : 50745 381917 0 0 0 0 0 0 0 
_1.ptx 1375 : 50745 334834 0 0 0 0 0 0 0 
_1.ptx 1376 : 50745 576112 0 0 0 0 0 0 0 
_1.ptx 1377 : 50745 576882 0 0 0 0 0 0 0 
_1.ptx 1378 : 50745 541711 0 0 0 0 0 0 0 
_1.ptx 1380 : 50745 572784 0 0 0 0 0 0 0 
_1.ptx 1381 : 50745 695439 0 0 0 0 0 0 0 
_1.ptx 1383 : 50745 579950 0 0 0 0 0 0 0 
_1.ptx 1384 : 50745 897377 0 0 0 0 0 0 0 
_1.ptx 1388 : 62282 713886 0 0 0 0 0 0 0 
_1.ptx 1389 : 62282 725985 0 0 0 0 0 0 0 
_1.ptx 1390 : 62282 723526 0 0 0 0 0 0 0 
_1.ptx 1391 : 62282 755411 0 0 0 0 0 0 0 
_1.ptx 1392 : 62282 741656 0 0 0 0 0 0 0 
_1.ptx 1393 : 62282 785329 0 0 0 0 0 0 0 
_1.ptx 1395 : 62282 743101 0 0 0 0 0 0 0 
_1.ptx 1396 : 62282 759380 0 0 0 0 0 0 0 
_1.ptx 1397 : 62282 754826 0 0 0 0 0 0 0 
_1.ptx 1398 : 62282 793946 0 0 0 0 0 0 0 
_1.ptx 1399 : 62282 632634 0 0 0 0 0 0 0 
_1.ptx 1400 : 62282 611121 0 0 0 0 0 0 0 
_1.ptx 1401 : 62282 2516116 0 0 0 0 0 0 0 
_1.ptx 1402 : 62282 745092 0 0 0 0 0 0 0 
_1.ptx 1403 : 62282 742776 0 0 0 0 0 0 0 
_1.ptx 1404 : 62282 754123 0 0 0 0 0 0 0 
_1.ptx 1405 : 62282 496238 0 0 0 0 0 0 0 
_1.ptx 1406 : 62282 491027 0 0 0 0 0 0 0 
_1.ptx 1408 : 62282 426735 0 0 0 0 0 0 0 
_1.ptx 1409 : 62282 591575 0 0 0 0 0 0 0 
_1.ptx 1410 : 62282 419428 0 0 0 0 0 0 0 
_1.ptx 1411 : 62282 591388 0 0 0 0 0 0 0 
_1.ptx 1412 : 62282 425758 0 0 0 0 0 0 0 
_1.ptx 1413 : 62282 611606 0 0 0 0 0 0 0 
_1.ptx 1416 : 127467 1417033 0 0 0 0 0 0 0 
_1.ptx 1417 : 127467 960559 0 0 0 0 0 0 0 
_1.ptx 1418 : 127467 1106260 0 0 0 0 0 0 0 
_1.ptx 1419 : 127467 6906 0 0 0 0 0 0 0 
_1.ptx 1420 : 126435 1088866 0 0 0 0 0 0 0 
_1.ptx 1421 : 126435 425418 0 0 0 0 0 0 550 
_1.ptx 1424 : 65536 712448 0 0 0 0 0 0 0 
_1.ptx 1425 : 65536 524128 0 0 0 0 0 0 0 
_1.ptx 1426 : 65536 430688 0 0 0 0 0 0 0 
_1.ptx 1427 : 65536 551008 0 0 0 0 0 0 0 
_1.ptx 604 : 65536 408960 0 0 0 0 0 0 0 
_1.ptx 1428 : 65536 369185 0 0 0 0 0 0 218 
_1.ptx 605 : 65536 514144 38912 0 0 0 0 0 0 
_1.ptx 1429 : 10434 80294 0 0 0 0 0 0 0 
_1.ptx 606 : 65536 406656 0 0 0 0 0 0 0 
_1.ptx 1430 : 10434 78629 0 0 0 0 0 0 0 
_1.ptx 607 : 65536 929760 38784 0 0 0 0 0 0 
_1.ptx 1431 : 10434 117234 0 0 0 0 0 0 0 
_1.ptx 608 : 65536 406016 0 0 0 0 0 0 0 
_1.ptx 1432 : 10434 119357 0 0 0 0 0 0 0 
_1.ptx 609 : 65536 912800 38912 0 0 0 0 0 0 
_1.ptx 1433 : 10434 80111 0 0 0 0 0 0 0 
_1.ptx 610 : 65536 409440 0 0 0 0 0 0 0 
_1.ptx 611 : 65536 1294336 39296 0 0 0 0 0 0 
_1.ptx 612 : 65536 406752 0 0 0 0 0 0 0 
_1.ptx 613 : 65536 1293856 51712 0 0 0 0 0 0 
_1.ptx 1437 : 15923 2431458 16768 0 0 0 0 0 0 
_1.ptx 614 : 65536 409824 0 0 0 0 0 0 0 
_1.ptx 1438 : 15923 2421682 9856 0 0 0 0 0 0 
_1.ptx 615 : 65536 1428256 52352 0 0 0 0 0 0 
_1.ptx 1439 : 15923 2717108 11904 0 0 0 0 0 0 
_1.ptx 616 : 65536 411296 0 0 0 0 0 0 0 
_1.ptx 1440 : 15923 2618901 0 0 0 0 0 0 0 
_1.ptx 617 : 65536 1718624 54784 0 0 0 0 0 0 
_1.ptx 1441 : 15923 2569352 256 0 0 0 0 0 0 
_1.ptx 618 : 65536 411200 0 0 0 0 0 0 0 
_1.ptx 1442 : 15923 2712486 256 0 0 0 0 0 0 
_1.ptx 619 : 65536 1841984 48512 0 0 0 0 0 0 
_1.ptx 1443 : 15923 2780421 15104 0 0 0 0 0 0 
_1.ptx 620 : 65536 411488 0 0 0 0 0 0 0 
_1.ptx 1444 : 15923 2723860 128 0 0 0 0 0 0 
_1.ptx 621 : 65536 1857856 55040 0 0 0 0 0 0 
_1.ptx 1445 : 15923 99806 0 0 0 0 0 0 0 
_1.ptx 622 : 65536 411872 0 0 0 0 0 0 0 
_1.ptx 1446 : 15923 147974 0 0 0 0 0 0 0 
_1.ptx 623 : 65536 1942016 59392 0 0 0 0 0 0 
_1.ptx 1447 : 15923 145218 128 0 0 0 0 0 0 
_1.ptx 624 : 65536 411584 0 0 0 0 0 0 0 
_1.ptx 1448 : 15923 100730 0 0 0 0 0 0 0 
_1.ptx 625 : 65536 1983968 52224 0 0 0 0 0 0 
_1.ptx 1449 : 15923 148336 0 0 0 0 0 0 0 
_1.ptx 626 : 65536 416416 0 0 0 0 0 0 0 
_1.ptx 1450 : 15923 146106 384 0 0 0 0 0 0 
_1.ptx 627 : 65536 1382112 60544 0 0 0 0 0 0 
_1.ptx 1451 : 15923 102735 0 0 0 0 0 0 0 
_1.ptx 628 : 65536 414368 0 0 0 0 0 0 0 
_1.ptx 1452 : 15923 147671 0 0 0 0 0 0 0 
_1.ptx 629 : 65536 1443616 60032 0 0 0 0 0 0 
_1.ptx 1453 : 15923 135579 0 0 0 0 0 0 0 
_1.ptx 630 : 65536 413600 0 0 0 0 0 0 0 
_1.ptx 1454 : 15923 101932 0 0 0 0 0 0 0 
_1.ptx 631 : 65536 1597344 57856 0 0 0 0 0 0 
_1.ptx 1455 : 15923 147592 0 0 0 0 0 0 0 
_1.ptx 632 : 65536 414496 0 0 0 0 0 0 0 
_1.ptx 1456 : 15923 127458 256 0 0 0 0 0 0 
_1.ptx 633 : 65536 1563264 66176 0 0 0 0 0 0 
_1.ptx 1457 : 15923 165507 0 0 0 0 0 0 0 
_1.ptx 634 : 65536 414176 0 0 0 0 0 0 0 
_1.ptx 1458 : 15923 166439 0 0 0 0 0 0 0 
_1.ptx 635 : 65536 1623584 54144 0 0 0 0 0 0 
_1.ptx 1459 : 15923 107194 0 0 0 0 0 0 0 
_1.ptx 636 : 65536 414208 0 0 0 0 0 0 0 
_1.ptx 1460 : 15923 134343 0 0 0 0 0 0 0 
_1.ptx 637 : 65536 1761056 63232 0 0 0 0 0 0 
_1.ptx 1461 : 15923 35393 0 0 0 0 0 0 386 
_1.ptx 638 : 65536 414720 0 0 0 0 0 0 0 
_1.ptx 639 : 65536 1902432 59136 0 0 0 0 0 0 
_1.ptx 640 : 65536 415616 0 0 0 0 0 0 0 
_1.ptx 1464 : 65536 14566240 20096 0 0 4096 2048 0 0 
_1.ptx 641 : 65536 1822176 66432 0 0 0 0 0 0 
_1.ptx 1465 : 65536 5430368 128 0 0 0 0 0 0 
_1.ptx 642 : 65536 416032 0 0 0 0 0 0 0 
_1.ptx 1466 : 65536 487424 0 0 0 0 0 0 0 
_1.ptx 643 : 65536 1499264 73344 0 0 0 0 0 0 
_1.ptx 1467 : 65536 423616 0 0 0 0 0 0 0 
_1.ptx 644 : 65536 417952 0 0 0 0 0 0 0 
_1.ptx 1468 : 65536 739520 0 0 0 0 0 0 0 
_1.ptx 645 : 65536 422304 0 0 0 0 0 0 0 
_1.ptx 1469 : 65536 488096 0 0 0 0 0 0 0 
_1.ptx 646 : 65536 547488 0 0 0 0 0 0 0 
_1.ptx 1470 : 65536 5120288 640 0 0 0 0 0 0 
_1.ptx 647 : 65536 417472 0 0 0 0 0 0 0 
_1.ptx 1471 : 65536 488704 0 0 0 0 0 0 0 
_1.ptx 648 : 65536 420704 0 0 0 0 0 0 0 
_1.ptx 1472 : 65536 424928 0 0 0 0 0 0 0 
_1.ptx 649 : 65536 544896 0 0 0 0 0 0 0 
_1.ptx 1473 : 65536 739744 0 0 0 0 0 0 0 
_1.ptx 650 : 65536 422624 0 0 0 0 0 0 0 
_1.ptx 1474 : 65536 490400 0 0 0 0 0 0 0 
_1.ptx 651 : 65536 736512 0 0 0 0 0 0 0 
_1.ptx 1475 : 65536 489632 0 0 0 0 0 0 0 
_1.ptx 652 : 65536 420768 0 0 0 0 0 0 0 
_1.ptx 1476 : 65536 543584 0 0 0 0 0 0 0 
_1.ptx 653 : 65536 733600 0 0 0 0 0 0 0 
_1.ptx 1477 : 65536 4039296 0 0 0 0 0 0 0 
_1.ptx 654 : 65536 1836448 128 0 0 0 0 0 0 
_1.ptx 1478 : 65536 491808 0 0 0 0 0 0 0 
_1.ptx 655 : 65536 1617248 0 0 0 0 0 0 0 
_1.ptx 1479 : 65536 429504 0 0 0 0 0 0 0 
_1.ptx 656 : 65536 540992 0 0 0 0 0 0 0 
_1.ptx 1480 : 65536 737216 0 0 0 0 0 0 0 
_1.ptx 657 : 65536 486112 0 0 0 0 0 0 0 
_1.ptx 1481 : 65536 490304 0 0 0 0 0 0 0 
_1.ptx 658 : 65536 545280 0 0 0 0 0 0 0 
_1.ptx 1482 : 65536 486592 0 0 0 0 0 0 0 
_1.ptx 659 : 65536 491616 0 0 0 0 0 0 0 
_1.ptx 1483 : 65536 4833472 256 0 0 0 0 0 0 
_1.ptx 660 : 65536 551424 0 0 0 0 0 0 0 
_1.ptx 1484 : 65536 493760 0 0 0 0 0 0 0 
_1.ptx 661 : 65536 422048 0 0 0 0 0 0 0 
_1.ptx 1485 : 65536 430464 0 0 0 0 0 0 0 
_1.ptx 662 : 65536 546944 0 0 0 0 0 0 0 
_1.ptx 1486 : 65536 740960 0 0 0 0 0 0 0 
_1.ptx 663 : 65536 0 0 0 0 0 0 0 0 
_1.ptx 1487 : 65536 491776 0 0 0 0 0 0 0 
_1.ptx 1488 : 65536 491616 0 0 0 0 0 0 0 
_1.ptx 665 : 65536 826624 0 0 0 0 0 0 0 
_1.ptx 1489 : 65536 545824 0 0 0 0 0 0 0 
_1.ptx 666 : 65536 751328 0 0 0 0 0 0 0 
_1.ptx 1490 : 65536 547136 0 0 0 0 0 0 0 
_1.ptx 667 : 65536 737536 0 0 0 0 0 0 0 
_1.ptx 1491 : 65536 739232 0 0 0 0 0 0 0 
_1.ptx 668 : 65536 492768 0 0 0 0 0 0 0 
_1.ptx 1492 : 65536 563392 0 0 0 4096 2048 0 0 
_1.ptx 669 : 65536 735456 0 0 0 0 0 0 0 
_1.ptx 670 : 65536 743456 0 0 0 0 0 0 0 
_1.ptx 671 : 65536 428768 0 0 0 0 0 0 0 
_1.ptx 1495 : 65536 413088 0 0 0 0 0 0 0 
_1.ptx 672 : 65536 1540256 172224 0 0 4096 2048 0 0 
_1.ptx 674 : 65536 2269152 128 0 0 0 0 0 0 
_1.ptx 675 : 65536 2062336 0 0 0 0 0 0 0 
_1.ptx 676 : 65536 710432 0 0 0 0 0 0 0 
_1.ptx 678 : 65536 399168 0 0 0 0 0 0 0 
_1.ptx 679 : 65536 582944 0 0 0 0 0 0 0 
_1.ptx 680 : 65536 750016 0 0 0 0 0 0 0 
_1.ptx 681 : 65536 1346880 0 0 0 0 0 0 0 
_1.ptx 682 : 65536 542240 0 0 0 0 0 0 0 
_1.ptx 683 : 65536 533824 0 0 0 0 0 0 0 
_1.ptx 684 : 65536 562176 0 0 0 0 0 0 0 
_1.ptx 685 : 65536 757856 0 0 0 0 0 0 0 
_1.ptx 686 : 65536 534048 0 0 0 0 0 0 0 
_1.ptx 687 : 65536 768512 0 0 0 0 0 0 0 
_1.ptx 688 : 65536 520576 0 0 0 0 0 0 0 
_1.ptx 689 : 65536 518208 0 0 0 0 0 0 0 
_1.ptx 690 : 65536 522912 0 0 0 0 0 0 0 
_1.ptx 691 : 65536 451936 0 0 0 0 0 0 0 
_1.ptx 692 : 65536 3175744 0 0 0 0 0 0 0 
_1.ptx 693 : 65536 427392 0 0 0 0 0 0 0 
_1.ptx 694 : 65536 746112 0 0 0 0 0 0 0 
_1.ptx 695 : 65536 759200 0 0 0 0 0 0 0 
_1.ptx 696 : 65536 442720 0 0 0 0 0 0 0 
_1.ptx 697 : 65536 753504 0 0 0 0 0 0 0 
_1.ptx 698 : 65536 744256 0 0 0 0 0 0 0 
_1.ptx 699 : 65536 566368 0 0 0 0 0 0 0 
_1.ptx 700 : 65536 742176 0 0 0 0 0 0 0 
_1.ptx 701 : 65536 439328 0 0 0 0 0 0 0 
_1.ptx 702 : 65536 742912 0 0 0 0 0 0 0 
_1.ptx 703 : 65536 431616 0 0 0 0 0 0 0 
_1.ptx 704 : 65536 745344 0 0 0 0 0 0 0 
_1.ptx 705 : 65536 465536 0 0 0 0 0 0 0 
_1.ptx 706 : 65536 743488 0 0 0 0 0 0 0 
_1.ptx 707 : 65536 449632 0 0 0 0 0 0 0 
_1.ptx 708 : 65536 745216 0 0 0 0 0 0 0 
_1.ptx 709 : 65536 407904 0 0 0 0 0 0 0 
_1.ptx 710 : 65536 755808 0 0 0 0 0 0 0 
_1.ptx 711 : 65536 769760 0 0 0 0 0 0 0 
_1.ptx 712 : 65536 778912 0 0 0 0 0 0 0 
_1.ptx 713 : 65536 785920 0 0 0 0 0 0 0 
_1.ptx 714 : 65536 792000 0 0 0 0 0 0 0 
_1.ptx 715 : 65536 803104 0 0 0 0 0 0 0 
_1.ptx 716 : 65536 819968 0 0 0 0 0 0 0 
_1.ptx 717 : 65536 796000 0 0 0 0 0 0 0 
_1.ptx 718 : 65536 792704 0 0 0 0 0 0 0 
_1.ptx 719 : 65536 793888 0 0 0 0 0 0 0 
_1.ptx 720 : 65536 786144 0 0 0 0 0 0 0 
_1.ptx 721 : 65536 784928 0 0 0 0 0 0 0 
_1.ptx 722 : 65536 781088 0 0 0 0 0 0 0 
_1.ptx 723 : 65536 794368 0 0 0 0 0 0 0 
_1.ptx 724 : 65536 643008 0 0 0 0 0 0 0 
_1.ptx 725 : 65536 625824 0 0 0 0 0 0 0 
_1.ptx 726 : 65536 1732384 0 0 0 0 0 0 0 
_1.ptx 727 : 65536 770176 0 0 0 0 0 0 0 
_1.ptx 728 : 65536 770080 0 0 0 0 0 0 0 
_1.ptx 729 : 65536 783872 0 0 0 0 0 0 0 
_1.ptx 731 : 65536 453632 0 0 0 0 0 0 0 
_1.ptx 733 : 65536 500544 0 0 0 0 0 0 0 
_1.ptx 734 : 65536 509824 0 0 0 0 0 0 0 
_1.ptx 735 : 65536 498144 0 0 0 0 0 0 0 
_1.ptx 736 : 65536 493472 0 0 0 0 0 0 0 
_1.ptx 738 : 127467 1007342 0 0 0 0 0 0 0 
_1.ptx 739 : 127467 883971 0 0 0 0 0 0 0 
_1.ptx 740 : 127467 857011 0 0 0 0 0 0 0 
_1.ptx 744 : 509868 3623663 128 0 0 17236 17236 0 0 
_1.ptx 745 : 509868 3409880 0 0 0 17236 17236 0 0 
_1.ptx 746 : 509868 3875706 128 0 0 17236 17236 0 0 
_1.ptx 747 : 509868 3030068 0 0 0 17236 17236 0 0 
_1.ptx 748 : 509868 2776212 0 0 0 17236 17236 0 0 
_1.ptx 749 : 509868 3422170 0 0 0 0 0 0 0 
_1.ptx 750 : 509868 4425347 0 0 0 0 0 0 0 
_1.ptx 751 : 509868 2718240 0 0 0 0 0 0 0 
_1.ptx 753 : 127467 988320 0 0 0 0 0 0 0 
_1.ptx 754 : 127467 875566 0 0 0 0 0 0 0 
_1.ptx 755 : 127467 1089059 0 0 0 0 0 0 0 
_1.ptx 756 : 127467 872629 0 0 0 0 0 0 0 
_1.ptx 761 : 127467 1455396 0 0 0 0 0 0 0 
_1.ptx 762 : 127467 6235050 0 0 0 0 0 0 0 
_1.ptx 763 : 127467 844680 0 0 0 0 0 0 0 
_1.ptx 764 : 127467 858717 0 0 0 0 0 0 0 
_1.ptx 765 : 127467 1088602 0 0 0 0 0 0 0 
_1.ptx 766 : 127467 1209650 0 0 0 0 0 0 0 
_1.ptx 769 : 127467 1018500 0 0 0 0 0 0 0 
_1.ptx 770 : 127467 896461 0 0 0 0 0 0 0 
_1.ptx 773 : 382401 4487127 0 0 0 0 0 0 0 
_1.ptx 774 : 382401 1310142 0 0 0 0 0 0 0 
_1.ptx 775 : 382401 4534641 0 0 0 0 0 0 0 
_1.ptx 776 : 382401 4524630 0 0 0 0 0 0 0 
_1.ptx 777 : 382401 4574470 0 0 0 0 0 0 0 
_1.ptx 778 : 382401 4587241 0 0 0 0 0 0 0 
_1.ptx 779 : 382401 4593131 0 0 0 0 0 0 0 
_1.ptx 780 : 382401 4593179 0 0 0 0 0 0 0 
_1.ptx 781 : 382401 3757201 0 0 0 0 0 0 0 
_1.ptx 782 : 382401 3840014 0 0 0 0 0 0 0 
_1.ptx 783 : 382401 3740160 0 0 0 0 0 0 0 
_1.ptx 784 : 382401 3831754 0 0 0 0 0 0 0 
_1.ptx 785 : 382401 3397071 0 0 0 0 0 0 0 
_1.ptx 786 : 382401 3166224 0 0 0 0 0 0 0 
_1.ptx 787 : 382401 2765137 0 0 0 0 0 0 0 
_1.ptx 788 : 382401 3383465 0 0 0 0 0 0 0 
_1.ptx 789 : 382401 3156571 0 0 0 0 0 0 0 
_1.ptx 790 : 382401 3405368 0 0 0 0 0 0 0 
_1.ptx 791 : 382401 2781308 0 0 0 0 0 0 0 
_1.ptx 792 : 382401 3385534 0 0 0 0 0 0 0 
_1.ptx 793 : 382401 1995688 0 0 0 0 0 0 1523 
_1.ptx 794 : 105477 781462 0 0 0 0 0 0 0 
_1.ptx 795 : 105477 767891 0 0 0 0 0 0 0 
_1.ptx 797 : 276924 3274043 0 0 0 0 0 0 0 
_1.ptx 798 : 276924 3269708 0 0 0 0 0 0 0 
_1.ptx 799 : 276924 2441579 0 0 0 0 0 0 0 
_1.ptx 800 : 276924 140033 0 0 0 0 0 0 715 
_1.ptx 801 : 257599 1874318 0 0 0 0 0 0 0 
_1.ptx 802 : 257599 1892424 0 0 0 0 0 0 0 
_1.ptx 805 : 19325 227633 0 0 0 0 0 0 0 
_1.ptx 806 : 19325 337373 0 0 0 0 0 0 0 
_1.ptx 807 : 19325 228045 0 0 0 0 0 0 0 
_1.ptx 808 : 19325 231448 0 0 0 0 0 0 0 
_1.ptx 809 : 19325 186777 0 0 0 0 0 0 0 
_1.ptx 813 : 382401 3170356 0 0 0 0 0 0 0 
_1.ptx 815 : 509868 3636697 0 0 0 0 0 0 0 
_1.ptx 816 : 509868 4409513 0 0 0 0 0 0 0 
_1.ptx 817 : 509868 4095159 0 0 0 0 0 0 0 
_1.ptx 818 : 509868 4412988 0 0 0 0 0 0 0 
_1.ptx 819 : 509868 4101050 0 0 0 0 0 0 0 
_1.ptx 820 : 509868 4480119 0 0 0 0 0 0 0 
_1.ptx 821 : 509868 3574275 0 0 0 0 0 0 0 
_1.ptx 822 : 509868 4439740 0 0 0 0 0 0 0 
