kernel line : count latency dram_traffic smem_bk_conflicts smem_warp gmem_access_generated gmem_warp exposed_latency warp_divergence
_1.ptx 823 : 509868 3042866 0 0 0 0 0 0 1125 
_1.ptx 825 : 74702 586117 0 0 0 0 0 0 0 
_1.ptx 827 : 74702 613084 0 0 0 0 0 0 0 
_1.ptx 829 : 509868 5546360 0 0 0 0 0 0 0 
_1.ptx 830 : 509868 5593017 0 0 0 0 0 0 0 
_1.ptx 831 : 509868 3778524 0 0 0 0 0 0 0 
_1.ptx 832 : 509868 4468102 0 0 0 0 0 0 0 
_1.ptx 833 : 509868 2645574 0 0 0 0 0 0 0 
_1.ptx 834 : 127467 902997 0 0 0 0 0 0 0 
_1.ptx 835 : 127467 1100131 0 0 0 0 0 0 0 
_1.ptx 836 : 127467 1025235 0 0 0 0 0 0 0 
_1.ptx 837 : 127467 895157 0 0 0 0 0 0 0 
_1.ptx 838 : 127467 1102978 0 0 0 0 0 0 0 
_1.ptx 839 : 127467 1007827 0 0 0 0 0 0 0 
_1.ptx 840 : 127467 1101572 0 0 0 0 0 0 0 
_1.ptx 841 : 127467 890435 0 0 0 0 0 0 0 
_1.ptx 842 : 127467 1092244 0 0 0 0 0 0 0 
_1.ptx 843 : 127467 445471 0 0 0 0 0 0 631 
_1.ptx 845 : 62282 684902 0 0 0 0 0 0 0 
_1.ptx 847 : 62282 510445 0 0 0 0 0 0 0 
_1.ptx 848 : 62282 487381 0 0 0 0 0 0 0 
_1.ptx 849 : 62282 793037 0 0 0 0 0 0 0 
_1.ptx 850 : 62282 717490 0 0 0 0 0 0 0 
_1.ptx 851 : 62282 370003 0 0 0 2349 2349 0 0 
_1.ptx 852 : 62282 366362 0 0 0 2349 2349 0 0 
_1.ptx 853 : 62282 328891 0 0 0 2544 2349 0 0 
_1.ptx 854 : 62282 324395 0 0 0 2544 2349 0 0 
_1.ptx 855 : 62282 341812 128 0 0 2544 2349 0 0 
_1.ptx 856 : 62282 344574 0 0 0 2544 2349 0 0 
_1.ptx 857 : 62282 339294 0 0 0 2544 2349 0 0 
_1.ptx 859 : 62282 702357 0 0 0 0 0 0 0 
_1.ptx 860 : 62282 706085 0 0 0 0 0 0 0 
_1.ptx 861 : 62282 710807 0 0 0 0 0 0 0 
_1.ptx 862 : 62282 719995 0 0 0 0 0 0 0 
_1.ptx 863 : 62282 729700 0 0 0 0 0 0 0 
_1.ptx 864 : 62282 720358 0 0 0 0 0 0 0 
_1.ptx 865 : 62282 365558 128 0 0 2544 2349 0 0 
_1.ptx 866 : 62282 437179 0 0 0 0 0 0 0 
_1.ptx 867 : 62282 534898 0 0 0 0 0 0 0 
_1.ptx 868 : 62282 129180 0 0 0 0 0 0 305 
_1.ptx 870 : 43133 306613 0 0 0 0 0 0 0 
_1.ptx 871 : 43133 301949 0 0 0 0 0 0 0 
_1.ptx 872 : 43133 304563 0 0 0 0 0 0 0 
_1.ptx 873 : 43133 293258 0 0 0 0 0 0 0 
_1.ptx 875 : 19149 66289 0 0 0 0 0 0 0 
_1.ptx 876 : 19149 220946 0 0 0 0 0 0 0 
_1.ptx 877 : 19149 219870 0 0 0 0 0 0 0 
_1.ptx 878 : 19149 223267 0 0 0 0 0 0 0 
_1.ptx 879 : 19149 225389 0 0 0 0 0 0 0 
_1.ptx 880 : 19149 232020 0 0 0 0 0 0 0 
_1.ptx 881 : 19149 184025 0 0 0 0 0 0 0 
_1.ptx 882 : 19149 184982 0 0 0 0 0 0 0 
_1.ptx 883 : 19149 617572 0 0 0 0 0 0 0 
_1.ptx 884 : 19149 245940 0 0 0 0 0 0 0 
_1.ptx 885 : 19149 245922 0 0 0 0 0 0 0 
_1.ptx 886 : 19149 254602 0 0 0 0 0 0 0 
_1.ptx 888 : 62282 726676 0 0 0 0 0 0 0 
_1.ptx 889 : 62282 725960 0 0 0 0 0 0 0 
_1.ptx 890 : 62282 745178 0 0 0 0 0 0 0 
_1.ptx 891 : 62282 778316 0 0 0 0 0 0 0 
_1.ptx 892 : 62282 612647 0 0 0 0 0 0 0 
_1.ptx 893 : 62282 605089 0 0 0 0 0 0 0 
_1.ptx 894 : 62282 2069543 0 0 0 0 0 0 0 
_1.ptx 895 : 62282 737169 0 0 0 0 0 0 0 
_1.ptx 896 : 62282 725398 0 0 0 0 0 0 0 
_1.ptx 897 : 62282 732393 0 0 0 0 0 0 0 
_1.ptx 898 : 62282 712763 0 0 0 0 0 0 0 
_1.ptx 899 : 62282 595772 0 0 0 0 0 0 0 
_1.ptx 900 : 62282 597403 0 0 0 0 0 0 0 
_1.ptx 901 : 62282 427498 0 0 0 0 0 0 0 
_1.ptx 902 : 62282 538193 0 0 0 0 0 0 0 
_1.ptx 903 : 62282 431778 0 0 0 0 0 0 0 
_1.ptx 910 : 62282 488344 0 0 0 0 0 0 0 
_1.ptx 911 : 62282 493386 0 0 0 0 0 0 0 
_1.ptx 912 : 62282 505177 0 0 0 0 0 0 0 
_1.ptx 915 : 62282 449886 0 0 0 0 0 0 0 
_1.ptx 916 : 62282 726510 0 0 0 0 0 0 0 
_1.ptx 917 : 62282 489717 0 0 0 0 0 0 0 
_1.ptx 918 : 62282 935651 0 0 0 0 0 0 0 
_1.ptx 919 : 62282 707449 0 0 0 0 0 0 0 
_1.ptx 920 : 62282 768525 128832 0 0 0 0 0 0 
_1.ptx 921 : 62282 412867 0 0 0 0 0 0 0 
_1.ptx 922 : 62282 709622 0 0 0 0 0 0 0 
_1.ptx 923 : 62282 1256162 123872 0 0 0 0 0 0 
_1.ptx 924 : 62282 411415 0 0 0 0 0 0 0 
_1.ptx 925 : 62282 706499 0 0 0 0 0 0 0 
_1.ptx 926 : 62282 1582676 120288 0 0 0 0 0 0 
_1.ptx 927 : 62282 403335 0 0 0 0 0 0 0 
_1.ptx 928 : 62282 706977 0 0 0 0 0 0 0 
_1.ptx 929 : 62282 1612391 121088 0 0 0 0 0 0 
_1.ptx 931 : 62282 406513 0 0 0 0 0 0 0 
_1.ptx 932 : 62282 709682 0 0 0 0 0 0 0 
_1.ptx 933 : 62282 414433 0 0 0 0 0 0 0 
_1.ptx 934 : 62282 708164 0 0 0 0 0 0 0 
_1.ptx 935 : 62282 404779 0 0 0 0 0 0 0 
_1.ptx 936 : 62282 714870 0 0 0 0 0 0 0 
_1.ptx 937 : 62282 744937 0 0 0 0 0 0 0 
_1.ptx 938 : 62282 598639 0 0 0 0 0 0 0 
_1.ptx 939 : 62282 591610 0 0 0 0 0 0 0 
_1.ptx 940 : 62282 2296291 0 0 0 0 0 0 0 
_1.ptx 941 : 62282 754878 0 0 0 0 0 0 0 
_1.ptx 942 : 62282 753418 0 0 0 0 0 0 0 
_1.ptx 943 : 62282 778247 0 0 0 0 0 0 0 
_1.ptx 944 : 62282 748014 0 0 0 0 0 0 0 
_1.ptx 945 : 62282 595982 0 0 0 0 0 0 0 
_1.ptx 946 : 62282 597023 0 0 0 0 0 0 0 
_1.ptx 947 : 62282 430623 0 0 0 0 0 0 0 
_1.ptx 948 : 62282 537463 0 0 0 0 0 0 0 
_1.ptx 949 : 62282 37348 0 0 0 0 0 0 318 
_1.ptx 951 : 56815 442134 0 0 0 0 0 0 0 
_1.ptx 952 : 56815 356104 0 0 0 0 0 0 0 
_1.ptx 955 : 220903 1040079 128 0 0 8579 8579 0 0 
_1.ptx 956 : 220903 1019897 128 0 0 8579 8579 0 0 
_1.ptx 957 : 220903 1005605 0 0 0 8579 8579 0 0 
_1.ptx 958 : 220903 996756 0 0 0 8579 8579 0 0 
_1.ptx 959 : 220903 1467900 0 0 0 0 0 0 0 
_1.ptx 960 : 220903 1889345 0 0 0 0 0 0 0 
_1.ptx 961 : 220903 1139604 0 0 0 0 0 0 0 
_1.ptx 963 : 56815 434815 0 0 0 0 0 0 0 
_1.ptx 964 : 56815 380700 0 0 0 0 0 0 0 
_1.ptx 965 : 56815 479381 0 0 0 0 0 0 0 
_1.ptx 966 : 56815 372374 0 0 0 0 0 0 0 
_1.ptx 971 : 56815 363260 0 0 0 0 0 0 0 
_1.ptx 972 : 56815 526682 0 0 0 0 0 0 0 
_1.ptx 973 : 56815 638045 0 0 0 0 0 0 0 
_1.ptx 974 : 56815 3399320 0 0 0 0 0 0 0 
_1.ptx 976 : 56815 369453 0 0 0 0 0 0 0 
_1.ptx 977 : 56815 372980 0 0 0 0 0 0 0 
_1.ptx 978 : 56815 489976 0 0 0 0 0 0 0 
_1.ptx 979 : 56815 531557 0 0 0 0 0 0 0 
_1.ptx 982 : 56815 437761 0 0 0 0 0 0 0 
_1.ptx 983 : 56815 384500 0 0 0 0 0 0 0 
_1.ptx 986 : 164088 752891 0 0 0 6402 6402 0 0 
_1.ptx 987 : 164088 627129 0 0 0 0 0 0 0 
_1.ptx 988 : 164088 1938383 0 0 0 0 0 0 0 
_1.ptx 989 : 164088 1146020 0 0 0 0 0 0 0 
_1.ptx 990 : 164088 1934754 0 0 0 0 0 0 0 
_1.ptx 991 : 164088 1175818 0 0 0 0 0 0 0 
_1.ptx 992 : 164088 1957502 0 0 0 0 0 0 0 
_1.ptx 993 : 164088 1193433 0 0 0 0 0 0 0 
_1.ptx 994 : 164088 1953903 0 0 0 0 0 0 0 
_1.ptx 995 : 164088 1948765 0 0 0 0 0 0 0 
_1.ptx 996 : 164088 1981803 0 0 0 0 0 0 0 
_1.ptx 997 : 164088 1977466 0 0 0 0 0 0 0 
_1.ptx 998 : 164088 1984445 0 0 0 0 0 0 0 
_1.ptx 999 : 164088 1975942 0 0 0 0 0 0 0 
_1.ptx 1000 : 164088 1997814 0 0 0 0 0 0 0 
_1.ptx 1001 : 164088 2023265 0 0 0 0 0 0 0 
_1.ptx 1002 : 164088 1670028 0 0 0 0 0 0 0 
_1.ptx 1003 : 164088 1652695 0 0 0 0 0 0 0 
_1.ptx 1004 : 164088 1989237 0 0 0 0 0 0 0 
_1.ptx 1005 : 164088 1632173 0 0 0 0 0 0 0 
_1.ptx 1006 : 164088 1636678 0 0 0 0 0 0 0 
_1.ptx 1007 : 164088 1993532 0 0 0 0 0 0 0 
_1.ptx 1008 : 164088 1494626 0 0 0 0 0 0 0 
_1.ptx 1009 : 164088 1380188 0 0 0 0 0 0 0 
_1.ptx 1010 : 164088 1171643 0 0 0 0 0 0 0 
_1.ptx 1011 : 164088 1449817 0 0 0 0 0 0 0 
_1.ptx 1012 : 164088 1351728 0 0 0 0 0 0 0 
_1.ptx 1013 : 164088 1465709 0 0 0 0 0 0 0 
_1.ptx 1014 : 164088 1194659 0 0 0 0 0 0 0 
_1.ptx 1015 : 164088 1454901 0 0 0 0 0 0 0 
_1.ptx 1016 : 164088 824565 0 0 0 0 0 0 965 
_1.ptx 1017 : 50431 369409 0 0 0 0 0 0 0 
_1.ptx 1018 : 50431 366997 0 0 0 0 0 0 0 
_1.ptx 1020 : 113657 1348303 0 0 0 0 0 0 0 
_1.ptx 1021 : 113657 1348832 0 0 0 0 0 0 0 
_1.ptx 1022 : 113657 1014498 0 0 0 0 0 0 0 
_1.ptx 1023 : 113657 45032 0 0 0 0 0 0 344 
_1.ptx 1024 : 107587 794593 0 0 0 0 0 0 0 
_1.ptx 1025 : 107587 804423 0 0 0 0 0 0 0 
_1.ptx 1028 : 6070 70683 0 0 0 0 0 0 0 
_1.ptx 1029 : 6070 112407 0 0 0 0 0 0 0 
_1.ptx 1030 : 6070 72399 0 0 0 0 0 0 0 
_1.ptx 1031 : 6070 73080 0 0 0 0 0 0 0 
_1.ptx 1032 : 6070 59321 0 0 0 0 0 0 0 
_1.ptx 1036 : 164088 1364219 0 0 0 0 0 0 0 
_1.ptx 1039 : 220903 1576343 0 0 0 0 0 0 0 
_1.ptx 1040 : 220903 1918680 0 0 0 0 0 0 0 
_1.ptx 1041 : 220903 1506539 0 0 0 0 0 0 370 
_1.ptx 1042 : 6068 73513 0 0 0 0 0 0 0 
_1.ptx 1043 : 6068 72827 0 0 0 0 0 0 0 
_1.ptx 1044 : 6068 74353 0 0 0 0 0 0 0 
_1.ptx 1045 : 6068 72191 0 0 0 0 0 0 0 
_1.ptx 1046 : 6068 72714 0 0 0 0 0 0 0 
_1.ptx 1047 : 6068 72916 0 0 0 0 0 0 0 
_1.ptx 1048 : 6068 73386 0 0 0 0 0 0 0 
_1.ptx 1049 : 6068 59976 0 0 0 0 0 0 0 
_1.ptx 1050 : 6068 60545 0 0 0 0 0 0 0 
_1.ptx 1051 : 6068 54982 0 0 0 0 0 0 0 
_1.ptx 1052 : 6068 44868 0 0 0 0 0 0 0 
_1.ptx 1057 : 220903 2396457 0 0 0 0 0 0 0 
_1.ptx 1058 : 220903 2410341 0 0 0 0 0 0 0 
_1.ptx 1059 : 220903 1681334 0 0 0 0 0 0 0 
_1.ptx 1060 : 220903 1933625 0 0 0 0 0 0 0 
_1.ptx 1061 : 220903 368654 0 0 0 0 0 0 0 
_1.ptx 1062 : 169119 1229679 0 0 0 0 0 0 0 
_1.ptx 1063 : 169119 1454813 0 0 0 0 0 0 0 
_1.ptx 1064 : 169119 1133938 0 0 0 0 0 0 295 
_1.ptx 1065 : 5031 37171 0 0 0 0 0 0 0 
_1.ptx 1067 : 51784 370371 0 0 0 0 0 0 0 
_1.ptx 1068 : 51784 456334 0 0 0 0 0 0 0 
_1.ptx 1071 : 56815 43957 0 0 0 0 0 0 318 
_1.ptx 1073 : 50745 599214 0 0 0 0 0 0 0 
_1.ptx 1074 : 50745 605280 0 0 0 0 0 0 0 
_1.ptx 1075 : 50745 606296 0 0 0 0 0 0 0 
_1.ptx 1076 : 50745 629567 0 0 0 0 0 0 0 
_1.ptx 1077 : 50745 503589 0 0 0 0 0 0 0 
_1.ptx 1078 : 50745 497295 0 0 0 0 0 0 0 
_1.ptx 1079 : 50745 1271455 0 0 0 0 0 0 0 
_1.ptx 1081 : 50745 373819 0 0 0 0 0 0 0 
_1.ptx 1082 : 50745 1076537 0 0 0 0 0 0 0 
_1.ptx 1083 : 50745 410661 0 0 0 0 0 0 0 
_1.ptx 1084 : 50745 733011 0 0 0 0 0 0 0 
_1.ptx 1085 : 50745 663243 0 0 0 0 0 0 0 
_1.ptx 1086 : 50745 600881 0 0 0 0 0 0 0 
_1.ptx 1087 : 50745 372185 10208 0 0 0 0 0 0 
_1.ptx 1088 : 50745 359482 0 0 0 0 0 0 0 
_1.ptx 1089 : 50745 584822 0 0 0 0 0 0 0 
_1.ptx 1090 : 50745 595067 0 0 0 0 0 0 0 
_1.ptx 1091 : 50745 601171 0 0 0 0 0 0 0 
_1.ptx 1092 : 50745 369564 8320 0 0 0 0 0 0 
_1.ptx 1093 : 50745 364138 0 0 0 0 0 0 0 
_1.ptx 1094 : 50745 596168 0 0 0 0 0 0 0 
_1.ptx 1095 : 50745 599972 0 0 0 0 0 0 0 
_1.ptx 1096 : 50745 605048 0 0 0 0 0 0 0 
_1.ptx 1097 : 50745 677807 8512 0 0 0 0 0 0 
_1.ptx 1098 : 50745 358370 0 0 0 0 0 0 0 
_1.ptx 1099 : 50745 591332 0 0 0 0 0 0 0 
_1.ptx 1100 : 50745 492527 0 0 0 0 0 0 0 
_1.ptx 1101 : 50745 711863 8480 0 0 0 0 0 0 
_1.ptx 1103 : 50745 586118 0 0 0 0 0 0 0 
_1.ptx 1104 : 50745 591548 0 0 0 0 0 0 0 
_1.ptx 1105 : 50745 591346 0 0 0 0 0 0 0 
_1.ptx 1106 : 50745 502766 0 0 0 0 0 0 0 
_1.ptx 1107 : 50745 614292 0 0 0 0 0 0 0 
_1.ptx 1108 : 50745 511422 0 0 0 0 0 0 0 
_1.ptx 1109 : 50745 384580 0 0 0 0 0 0 0 
_1.ptx 1110 : 50745 1100457 0 0 0 0 0 0 0 
_1.ptx 1111 : 50745 418186 0 0 0 0 0 0 0 
_1.ptx 1112 : 50745 1106995 0 0 0 0 0 0 0 
_1.ptx 1113 : 50745 427781 0 0 0 0 0 0 0 
_1.ptx 1114 : 50745 469310 0 0 0 0 0 0 0 
_1.ptx 1115 : 50745 377452 0 0 0 0 0 0 0 
_1.ptx 1121 : 50745 420510 0 0 0 0 0 0 0 
_1.ptx 1122 : 50745 369717 0 0 0 0 0 0 0 
_1.ptx 1123 : 50745 438663 0 0 0 0 0 0 0 
_1.ptx 1124 : 50745 0 0 0 0 0 0 0 0 
_1.ptx 1125 : 50745 325953 0 0 0 0 0 0 0 
_1.ptx 1133 : 50745 324513 0 0 0 0 0 0 0 
_1.ptx 1134 : 50745 424080 0 0 0 0 0 0 0 
_1.ptx 1135 : 50745 334876 0 0 0 0 0 0 0 
_1.ptx 1140 : 50745 331013 0 0 0 0 0 0 0 
_1.ptx 1141 : 50745 423974 0 0 0 0 0 0 0 
_1.ptx 1142 : 50745 334447 0 0 0 0 0 0 0 
_1.ptx 1157 : 50745 330265 0 0 0 0 0 0 0 
_1.ptx 1158 : 50745 424942 0 0 0 0 0 0 0 
_1.ptx 1159 : 50745 329121 0 0 0 0 0 0 0 
_1.ptx 1181 : 50745 328056 0 0 0 0 0 0 0 
_1.ptx 1182 : 50745 427012 0 0 0 0 0 0 0 
_1.ptx 1183 : 50745 329709 0 0 0 0 0 0 0 
_1.ptx 1196 : 50745 372941 0 0 0 0 0 0 0 
_1.ptx 1197 : 50745 375182 0 0 0 0 0 0 0 
_1.ptx 1198 : 50745 382122 0 0 0 0 0 0 0 
_1.ptx 1199 : 50745 388923 0 0 0 0 0 0 0 
_1.ptx 1200 : 50745 348644 0 0 0 0 0 0 0 
_1.ptx 1201 : 50745 429721 0 0 0 0 0 0 0 
_1.ptx 1202 : 50745 335882 0 0 0 0 0 0 0 
_1.ptx 1213 : 50745 423092 0 0 0 0 0 0 0 
_1.ptx 1216 : 50745 577323 0 0 0 0 0 0 0 
_1.ptx 1218 : 50745 427574 0 0 0 0 0 0 0 
_1.ptx 1219 : 50745 401005 0 0 0 0 0 0 0 
_1.ptx 1220 : 50745 397899 0 0 0 0 0 0 0 
_1.ptx 1221 : 50745 403176 0 0 0 0 0 0 0 
_1.ptx 1222 : 50745 361742 0 0 0 0 0 0 0 
_1.ptx 1223 : 50745 443339 0 0 0 0 0 0 0 
_1.ptx 1224 : 50745 213164 0 0 0 0 0 0 727 
_1.ptx 1226 : 21083 159007 0 0 0 0 0 0 0 
_1.ptx 1227 : 21083 251114 0 0 0 0 0 0 0 
_1.ptx 1229 : 21083 241560 0 0 0 0 0 0 0 
_1.ptx 1232 : 50745 395583 0 0 0 0 0 0 0 
_1.ptx 1233 : 50745 596129 0 0 0 0 0 0 0 
_1.ptx 1234 : 50745 327264 0 0 0 0 0 0 0 
_1.ptx 1235 : 50745 587312 0 0 0 0 0 0 0 
_1.ptx 1236 : 50745 613958 0 0 0 0 0 0 0 
_1.ptx 1237 : 50745 476256 0 0 0 0 0 0 0 
_1.ptx 1238 : 50745 2392813 0 0 0 0 0 0 0 
_1.ptx 1239 : 50745 408765 0 0 0 0 0 0 0 
_1.ptx 1240 : 50745 619722 0 0 0 0 0 0 0 
_1.ptx 1241 : 50745 407090 0 0 0 0 0 0 0 
_1.ptx 1242 : 50745 412443 0 0 0 0 0 0 0 
_1.ptx 1243 : 50745 407258 0 0 0 0 0 0 0 
_1.ptx 1244 : 50745 410086 0 0 0 0 0 0 0 
_1.ptx 1245 : 50745 412240 0 0 0 0 0 0 0 
_1.ptx 1246 : 50745 588686 0 0 0 0 0 0 0 
_1.ptx 1247 : 50745 589822 0 0 0 0 0 0 0 
_1.ptx 1248 : 50745 600504 0 0 0 0 0 0 0 
_1.ptx 1249 : 50745 480902 0 0 0 0 0 0 0 
_1.ptx 1250 : 50745 479825 0 0 0 0 0 0 0 
_1.ptx 1252 : 50745 612691 0 0 0 0 0 0 0 
_1.ptx 1253 : 50745 644603 0 0 0 0 0 0 0 
_1.ptx 1254 : 50745 443552 0 0 0 0 0 0 0 
_1.ptx 1255 : 50745 444164 0 0 0 0 0 0 0 
_1.ptx 1256 : 50745 525175 0 0 0 0 0 0 0 
_1.ptx 1257 : 50745 400494 0 0 0 0 0 0 0 
_1.ptx 1258 : 50745 510412 0 0 0 0 0 0 0 
_1.ptx 1259 : 50745 620554 0 0 0 0 0 0 0 
_1.ptx 1260 : 50745 620723 0 0 0 0 0 0 0 
_1.ptx 1261 : 50745 615689 0 0 0 0 0 0 0 
_1.ptx 1262 : 50745 607579 0 0 0 0 0 0 0 
_1.ptx 1263 : 50745 602635 0 0 0 0 0 0 0 
_1.ptx 1264 : 50745 595122 0 0 0 0 0 0 0 
_1.ptx 1265 : 50745 595747 0 0 0 0 0 0 0 
_1.ptx 1266 : 50745 591147 0 0 0 0 0 0 0 
_1.ptx 1267 : 50745 568178 0 0 0 0 0 0 0 
_1.ptx 1269 : 50745 578934 0 0 0 0 0 0 0 
_1.ptx 1271 : 50745 590911 0 0 0 0 0 0 0 
_1.ptx 1272 : 50745 620008 0 0 0 0 0 0 0 
_1.ptx 1274 : 50745 480066 0 0 0 0 0 0 0 
_1.ptx 1275 : 50745 434009 0 0 0 0 0 0 0 
_1.ptx 1276 : 50745 621078 0 0 0 0 0 0 0 
_1.ptx 1277 : 50745 627175 0 0 0 0 0 0 0 
_1.ptx 1279 : 50745 415470 0 0 0 0 0 0 0 
_1.ptx 1280 : 50745 615572 0 0 0 0 0 0 0 
_1.ptx 1281 : 50745 619215 0 0 0 0 0 0 0 
_1.ptx 1282 : 50745 607449 0 0 0 0 0 0 0 
_1.ptx 1283 : 50745 602932 0 0 0 0 0 0 0 
_1.ptx 1284 : 50745 597831 0 0 0 0 0 0 0 
_1.ptx 1286 : 50745 600335 0 0 0 0 0 0 0 
_1.ptx 1288 : 50745 361639 0 0 0 0 0 0 0 
_1.ptx 1289 : 50745 587980 0 0 0 0 0 0 0 
_1.ptx 1290 : 50745 593649 0 0 0 0 0 0 0 
_1.ptx 1291 : 50745 470093 0 0 0 0 0 0 0 
_1.ptx 1292 : 50745 640094 0 0 0 0 0 0 0 
_1.ptx 1293 : 50745 406962 0 0 0 0 0 0 0 
_1.ptx 1294 : 50745 492594 0 0 0 0 0 0 0 
_1.ptx 1295 : 50745 366563 0 0 0 0 0 0 0 
_1.ptx 1296 : 50745 491765 0 0 0 0 0 0 0 
_1.ptx 1297 : 50745 358769 0 0 0 0 0 0 0 
_1.ptx 1298 : 50745 491416 0 0 0 0 0 0 0 
_1.ptx 1299 : 50745 359383 0 0 0 0 0 0 0 
_1.ptx 1300 : 50745 492068 0 0 0 0 0 0 0 
_1.ptx 1301 : 50745 604156 0 0 0 0 0 0 0 
_1.ptx 1303 : 50745 422549 0 0 0 0 0 0 0 
_1.ptx 1304 : 50745 597995 0 0 0 0 0 0 0 
_1.ptx 1305 : 50745 589436 0 0 0 0 0 0 0 
_1.ptx 1307 : 50745 378715 0 0 0 0 0 0 0 
_1.ptx 1308 : 50745 388458 0 0 0 0 0 0 0 
_1.ptx 1309 : 50745 404411 0 0 0 0 0 0 0 
_1.ptx 1310 : 50745 359044 0 0 0 0 0 0 0 
_1.ptx 1311 : 50745 423267 0 0 0 0 0 0 0 
_1.ptx 1312 : 50745 327045 0 0 0 0 0 0 0 
_1.ptx 1321 : 50745 381536 0 0 0 0 0 0 0 
_1.ptx 1322 : 50745 340302 0 0 0 0 0 0 0 
_1.ptx 1323 : 50745 577584 0 0 0 0 0 0 0 
_1.ptx 1324 : 50745 406340 0 0 0 0 0 0 0 
_1.ptx 1325 : 50745 363363 0 0 0 0 0 0 0 
_1.ptx 1326 : 50745 365898 0 0 0 0 0 0 0 
_1.ptx 1327 : 50745 2576429 0 0 0 0 0 0 0 
_1.ptx 1328 : 50745 315749 0 0 0 0 0 0 0 
_1.ptx 1329 : 50745 328915 0 0 0 0 0 0 0 
_1.ptx 1330 : 50745 477007 0 0 0 0 0 0 0 
_1.ptx 1331 : 50745 487032 0 0 0 0 0 0 0 
_1.ptx 1332 : 50745 352888 0 0 0 0 0 0 0 
_1.ptx 1333 : 50745 674123 0 0 0 0 0 0 0 
_1.ptx 1334 : 50745 3466344 0 0 0 0 0 0 0 
_1.ptx 1335 : 50745 600942 0 0 0 0 0 0 0 
_1.ptx 1336 : 50745 330234 0 0 0 0 0 0 0 
_1.ptx 1337 : 50745 436069 0 0 0 0 0 0 0 
_1.ptx 1338 : 50745 476720 0 0 0 0 0 0 0 
_1.ptx 1339 : 50745 333340 0 0 0 0 0 0 0 
_1.ptx 1340 : 50745 429437 0 0 0 0 0 0 0 
_1.ptx 1341 : 50745 469977 0 0 0 0 0 0 0 
_1.ptx 1343 : 50745 383593 0 0 0 0 0 0 0 
_1.ptx 1344 : 50745 320227 0 0 0 0 0 0 0 
_1.ptx 1345 : 50745 428826 0 0 0 0 0 0 0 
_1.ptx 1346 : 50745 0 0 0 0 0 0 0 0 
_1.ptx 1348 : 50745 481824 0 0 0 0 0 0 0 
_1.ptx 1351 : 50745 419446 0 0 0 0 0 0 0 
_1.ptx 1352 : 50745 366925 0 0 0 0 0 0 0 
_1.ptx 1353 : 50745 411791 0 0 0 0 0 0 0 
_1.ptx 1354 : 50745 415119 0 0 0 0 0 0 0 
_1.ptx 1355 : 50745 371789 0 0 0 0 0 0 0 
_1.ptx 1356 : 50745 610515 0 0 0 0 0 0 0 
_1.ptx 1357 : 50745 605383 0 0 0 0 0 0 0 
_1.ptx 1358 : 50745 423962 0 0 0 0 0 0 0 
_1.ptx 1359 : 50745 360971 0 0 0 0 0 0 0 
_1.ptx 1360 : 50745 438448 0 0 0 0 0 0 0 
_1.ptx 1361 : 50745 400397 0 0 0 0 0 0 0 
_1.ptx 1362 : 50745 426998 0 0 0 0 0 0 0 
_1.ptx 1363 : 50745 322864 0 0 0 0 0 0 0 
_1.ptx 1364 : 50745 424416 0 0 0 0 0 0 0 
_1.ptx 1365 : 50745 331082 0 0 0 0 0 0 0 
_1.ptx 1372 : 50745 382941 0 0 0 0 0 0 0 
_1.ptx 1375 : 50745 337533 0 0 0 0 0 0 0 
_1.ptx 1376 : 50745 577897 0 0 0 0 0 0 0 
_1.ptx 1377 : 50745 579594 0 0 0 0 0 0 0 
_1.ptx 1378 : 50745 563919 6048 0 0 0 0 0 0 
_1.ptx 1380 : 50745 571989 0 0 0 0 0 0 0 
_1.ptx 1381 : 50745 734402 5504 0 0 0 0 0 0 
_1.ptx 1383 : 50745 581514 0 0 0 0 0 0 0 
_1.ptx 1384 : 50745 871993 4896 0 0 0 0 0 0 
_1.ptx 1388 : 62282 716631 0 0 0 0 0 0 0 
_1.ptx 1389 : 62282 729780 0 0 0 0 0 0 0 
_1.ptx 1390 : 62282 726096 0 0 0 0 0 0 0 
_1.ptx 1391 : 62282 757929 0 0 0 0 0 0 0 
_1.ptx 1392 : 62282 738758 0 0 0 0 0 0 0 
_1.ptx 1393 : 62282 768070 0 0 0 0 0 0 0 
_1.ptx 1395 : 62282 739149 0 0 0 0 0 0 0 
_1.ptx 1396 : 62282 761514 0 0 0 0 0 0 0 
_1.ptx 1397 : 62282 751821 0 0 0 0 0 0 0 
_1.ptx 1398 : 62282 789879 0 0 0 0 0 0 0 
_1.ptx 1399 : 62282 634272 0 0 0 0 0 0 0 
_1.ptx 1400 : 62282 612037 0 0 0 0 0 0 0 
_1.ptx 1401 : 62282 2474680 0 0 0 0 0 0 0 
_1.ptx 1402 : 62282 745163 0 0 0 0 0 0 0 
_1.ptx 1403 : 62282 758077 0 0 0 0 0 0 0 
_1.ptx 1404 : 62282 763579 0 0 0 0 0 0 0 
_1.ptx 1405 : 62282 499392 0 0 0 0 0 0 0 
_1.ptx 1406 : 62282 496726 0 0 0 0 0 0 0 
_1.ptx 1408 : 62282 433785 0 0 0 0 0 0 0 
_1.ptx 1409 : 62282 592959 0 0 0 0 0 0 0 
_1.ptx 1410 : 62282 422150 0 0 0 0 0 0 0 
_1.ptx 1411 : 62282 593097 0 0 0 0 0 0 0 
_1.ptx 1412 : 62282 430669 0 0 0 0 0 0 0 
_1.ptx 1413 : 62282 612458 0 0 0 0 0 0 0 
_1.ptx 1416 : 127467 1409280 0 0 0 0 0 0 0 
_1.ptx 1417 : 127467 950176 0 0 0 0 0 0 0 
_1.ptx 1418 : 127467 1103490 0 0 0 0 0 0 0 
_1.ptx 1419 : 127467 7160 0 0 0 0 0 0 0 
_1.ptx 1420 : 126435 1091389 0 0 0 0 0 0 0 
_1.ptx 1421 : 126435 427989 0 0 0 0 0 0 550 
_1.ptx 1424 : 65536 717728 0 0 0 0 0 0 0 
_1.ptx 1425 : 65536 526496 0 0 0 0 0 0 0 
_1.ptx 1426 : 65536 434464 0 0 0 0 0 0 0 
_1.ptx 1427 : 65536 550976 0 0 0 0 0 0 0 
_1.ptx 604 : 65536 410976 0 0 0 0 0 0 0 
_1.ptx 1428 : 65536 362355 0 0 0 0 0 0 218 
_1.ptx 605 : 65536 538464 45696 0 0 0 0 0 0 
_1.ptx 1429 : 10434 79678 0 0 0 0 0 0 0 
_1.ptx 606 : 65536 410112 0 0 0 0 0 0 0 
_1.ptx 1430 : 10434 78769 0 0 0 0 0 0 0 
_1.ptx 607 : 65536 931712 44160 0 0 0 0 0 0 
_1.ptx 1431 : 10434 118378 0 0 0 0 0 0 0 
_1.ptx 608 : 65536 408192 0 0 0 0 0 0 0 
_1.ptx 1432 : 10434 120889 0 0 0 0 0 0 0 
_1.ptx 609 : 65536 950592 43520 0 0 0 0 0 0 
_1.ptx 1433 : 10434 81772 0 0 0 0 0 0 0 
_1.ptx 610 : 65536 409824 0 0 0 0 0 0 0 
_1.ptx 611 : 65536 1364032 44416 0 0 0 0 0 0 
_1.ptx 612 : 65536 409536 0 0 0 0 0 0 0 
_1.ptx 613 : 65536 1358688 156032 0 0 0 0 0 0 
_1.ptx 1437 : 15923 3499433 75264 0 0 0 0 0 0 
_1.ptx 614 : 65536 411616 0 0 0 0 0 0 0 
_1.ptx 1438 : 15923 3647075 74880 0 0 0 0 0 0 
_1.ptx 615 : 65536 1580448 161152 0 0 0 0 0 0 
_1.ptx 1439 : 15923 4077235 79232 0 0 0 0 0 0 
_1.ptx 616 : 65536 412064 0 0 0 0 0 0 0 
_1.ptx 1440 : 15923 3074646 5376 0 0 0 0 0 0 
_1.ptx 617 : 65536 1909152 163456 0 0 0 0 0 0 
_1.ptx 1441 : 15923 3109185 4096 0 0 0 0 0 0 
_1.ptx 618 : 65536 409376 0 0 0 0 0 0 0 
_1.ptx 1442 : 15923 3516852 12672 0 0 0 0 0 0 
_1.ptx 619 : 65536 1967264 164352 0 0 0 0 0 0 
_1.ptx 1443 : 15923 4027294 77568 0 0 0 0 0 0 
_1.ptx 620 : 65536 410624 0 0 0 0 0 0 0 
_1.ptx 1444 : 15923 3461308 5120 0 0 0 0 0 0 
_1.ptx 621 : 65536 2087744 200064 0 0 0 0 0 0 
_1.ptx 1445 : 15923 100788 0 0 0 0 0 0 0 
_1.ptx 622 : 65536 411808 0 0 0 0 0 0 0 
_1.ptx 1446 : 15923 147535 0 0 0 0 0 0 0 
_1.ptx 623 : 65536 2100064 200192 0 0 0 0 0 0 
_1.ptx 1447 : 15923 131464 0 0 0 0 0 0 0 
_1.ptx 624 : 65536 410400 0 0 0 0 0 0 0 
_1.ptx 1448 : 15923 102541 0 0 0 0 0 0 0 
_1.ptx 625 : 65536 2234080 201728 0 0 0 0 0 0 
_1.ptx 1449 : 15923 148325 0 0 0 0 0 0 0 
_1.ptx 626 : 65536 412928 0 0 0 0 0 0 0 
_1.ptx 1450 : 15923 133970 0 0 0 0 0 0 0 
_1.ptx 627 : 65536 1637376 202112 0 0 0 0 0 0 
_1.ptx 1451 : 15923 104024 0 0 0 0 0 0 0 
_1.ptx 628 : 65536 411904 0 0 0 0 0 0 0 
_1.ptx 1452 : 15923 149087 0 0 0 0 0 0 0 
_1.ptx 629 : 65536 1709824 224896 0 0 0 0 0 0 
_1.ptx 1453 : 15923 124403 896 0 0 0 0 0 0 
_1.ptx 630 : 65536 411104 0 0 0 0 0 0 0 
_1.ptx 1454 : 15923 103095 0 0 0 0 0 0 0 
_1.ptx 631 : 65536 1852448 223744 0 0 0 0 0 0 
_1.ptx 1455 : 15923 149012 0 0 0 0 0 0 0 
_1.ptx 632 : 65536 413664 0 0 0 0 0 0 0 
_1.ptx 1456 : 15923 122363 384 0 0 0 0 0 0 
_1.ptx 633 : 65536 1828736 223360 0 0 0 0 0 0 
_1.ptx 1457 : 15923 167276 0 0 0 0 0 0 0 
_1.ptx 634 : 65536 409984 0 0 0 0 0 0 0 
_1.ptx 1458 : 15923 166910 0 0 0 0 0 0 0 
_1.ptx 635 : 65536 1997408 221696 0 0 0 0 0 0 
_1.ptx 1459 : 15923 108347 0 0 0 0 0 0 0 
_1.ptx 636 : 65536 410400 0 0 0 0 0 0 0 
_1.ptx 1460 : 15923 134253 0 0 0 0 0 0 0 
_1.ptx 637 : 65536 2164896 231936 0 0 0 0 0 0 
_1.ptx 1461 : 15923 35312 0 0 0 0 0 0 386 
_1.ptx 638 : 65536 410464 0 0 0 0 0 0 0 
_1.ptx 639 : 65536 2244288 225024 0 0 0 0 0 0 
_1.ptx 640 : 65536 411872 0 0 0 0 0 0 0 
_1.ptx 1464 : 65536 21858912 192512 0 0 4096 2048 0 0 
_1.ptx 641 : 65536 2033952 231040 0 0 0 0 0 0 
_1.ptx 1465 : 65536 6502336 13184 0 0 0 0 0 0 
_1.ptx 642 : 65536 413376 0 0 0 0 0 0 0 
_1.ptx 1466 : 65536 489152 0 0 0 0 0 0 0 
_1.ptx 643 : 65536 1745440 235904 0 0 0 0 0 0 
_1.ptx 1467 : 65536 424480 0 0 0 0 0 0 0 
_1.ptx 644 : 65536 416032 0 0 0 0 0 0 0 
_1.ptx 1468 : 65536 737056 0 0 0 0 0 0 0 
_1.ptx 645 : 65536 420032 0 0 0 0 0 0 0 
_1.ptx 1469 : 65536 485920 0 0 0 0 0 0 0 
_1.ptx 646 : 65536 545728 0 0 0 0 0 0 0 
_1.ptx 1470 : 65536 6683584 11520 0 0 0 0 0 0 
_1.ptx 647 : 65536 415872 0 0 0 0 0 0 0 
_1.ptx 1471 : 65536 488064 0 0 0 0 0 0 0 
_1.ptx 648 : 65536 418784 0 0 0 0 0 0 0 
_1.ptx 1472 : 65536 423360 0 0 0 0 0 0 0 
_1.ptx 649 : 65536 546144 0 0 0 0 0 0 0 
_1.ptx 1473 : 65536 740096 0 0 0 0 0 0 0 
_1.ptx 650 : 65536 422272 0 0 0 0 0 0 0 
_1.ptx 1474 : 65536 486624 0 0 0 0 0 0 0 
_1.ptx 651 : 65536 737632 0 0 0 0 0 0 0 
_1.ptx 1475 : 65536 485024 0 0 0 0 0 0 0 
_1.ptx 652 : 65536 418720 0 0 0 0 0 0 0 
_1.ptx 1476 : 65536 542784 0 0 0 0 0 0 0 
_1.ptx 653 : 65536 733184 0 0 0 0 0 0 0 
_1.ptx 1477 : 65536 5067008 8448 0 0 0 0 0 0 
_1.ptx 654 : 65536 1940512 128 0 0 0 0 0 0 
_1.ptx 1478 : 65536 487424 0 0 0 0 0 0 0 
_1.ptx 655 : 65536 1682912 0 0 0 0 0 0 0 
_1.ptx 1479 : 65536 424992 0 0 0 0 0 0 0 
_1.ptx 656 : 65536 543648 0 0 0 0 0 0 0 
_1.ptx 1480 : 65536 735872 0 0 0 0 0 0 0 
_1.ptx 657 : 65536 487232 0 0 0 0 0 0 0 
_1.ptx 1481 : 65536 489248 0 0 0 0 0 0 0 
_1.ptx 658 : 65536 545760 0 0 0 0 0 0 0 
_1.ptx 1482 : 65536 484992 0 0 0 0 0 0 0 
_1.ptx 659 : 65536 490944 0 0 0 0 0 0 0 
_1.ptx 1483 : 65536 5924768 11392 0 0 0 0 0 0 
_1.ptx 660 : 65536 551328 0 0 0 0 0 0 0 
_1.ptx 1484 : 65536 490048 0 0 0 0 0 0 0 
_1.ptx 661 : 65536 420320 0 0 0 0 0 0 0 
_1.ptx 1485 : 65536 426880 0 0 0 0 0 0 0 
_1.ptx 662 : 65536 545024 0 0 0 0 0 0 0 
_1.ptx 1486 : 65536 738240 0 0 0 0 0 0 0 
_1.ptx 663 : 65536 0 0 0 0 0 0 0 0 
_1.ptx 1487 : 65536 486944 0 0 0 0 0 0 0 
_1.ptx 1488 : 65536 489024 0 0 0 0 0 0 0 
_1.ptx 665 : 65536 792768 0 0 0 0 0 0 0 
_1.ptx 1489 : 65536 544288 0 0 0 0 0 0 0 
_1.ptx 666 : 65536 819072 0 0 0 0 0 0 0 
_1.ptx 1490 : 65536 542720 0 0 0 0 0 0 0 
_1.ptx 667 : 65536 736064 0 0 0 0 0 0 0 
_1.ptx 1491 : 65536 736160 0 0 0 0 0 0 0 
_1.ptx 668 : 65536 489120 0 0 0 0 0 0 0 
_1.ptx 1492 : 65536 661600 320 0 0 4096 2048 0 0 
_1.ptx 669 : 65536 708064 0 0 0 0 0 0 0 
_1.ptx 670 : 65536 742528 0 0 0 0 0 0 0 
_1.ptx 671 : 65536 428384 0 0 0 0 0 0 0 
_1.ptx 1495 : 65536 410496 0 0 0 0 0 0 0 
_1.ptx 672 : 65536 1792128 181184 0 0 4096 2048 0 0 
_1.ptx 674 : 65536 2495328 128 0 0 0 0 0 0 
_1.ptx 675 : 65536 2271424 0 0 0 0 0 0 0 
_1.ptx 676 : 65536 830112 0 0 0 0 0 0 0 
_1.ptx 678 : 65536 436224 0 0 0 0 0 0 0 
_1.ptx 679 : 65536 629952 0 0 0 0 0 0 0 
_1.ptx 680 : 65536 751872 0 0 0 0 0 0 0 
_1.ptx 681 : 65536 1346400 0 0 0 0 0 0 0 
_1.ptx 682 : 65536 543360 0 0 0 0 0 0 0 
_1.ptx 683 : 65536 534816 0 0 0 0 0 0 0 
_1.ptx 684 : 65536 630176 0 0 0 0 0 0 0 
_1.ptx 685 : 65536 761312 0 0 0 0 0 0 0 
_1.ptx 686 : 65536 579328 0 0 0 0 0 0 0 
_1.ptx 687 : 65536 765664 0 0 0 0 0 0 0 
_1.ptx 688 : 65536 519872 0 0 0 0 0 0 0 
_1.ptx 689 : 65536 516224 0 0 0 0 0 0 0 
_1.ptx 690 : 65536 517568 0 0 0 0 0 0 0 
_1.ptx 691 : 65536 448576 0 0 0 0 0 0 0 
_1.ptx 692 : 65536 3155456 0 0 0 0 0 0 0 
_1.ptx 693 : 65536 425024 0 0 0 0 0 0 0 
_1.ptx 694 : 65536 740704 0 0 0 0 0 0 0 
_1.ptx 695 : 65536 758368 0 0 0 0 0 0 0 
_1.ptx 696 : 65536 439136 0 0 0 0 0 0 0 
_1.ptx 697 : 65536 752768 0 0 0 0 0 0 0 
_1.ptx 698 : 65536 744640 0 0 0 0 0 0 0 
_1.ptx 699 : 65536 652096 0 0 0 0 0 0 0 
_1.ptx 700 : 65536 743136 0 0 0 0 0 0 0 
_1.ptx 701 : 65536 484640 0 0 0 0 0 0 0 
_1.ptx 702 : 65536 743104 0 0 0 0 0 0 0 
_1.ptx 703 : 65536 467264 0 0 0 0 0 0 0 
_1.ptx 704 : 65536 742240 0 0 0 0 0 0 0 
_1.ptx 705 : 65536 537312 0 0 0 0 0 0 0 
_1.ptx 706 : 65536 741472 0 0 0 0 0 0 0 
_1.ptx 707 : 65536 464352 0 0 0 0 0 0 0 
_1.ptx 708 : 65536 741856 0 0 0 0 0 0 0 
_1.ptx 709 : 65536 435392 0 0 0 0 0 0 0 
_1.ptx 710 : 65536 756480 0 0 0 0 0 0 0 
_1.ptx 711 : 65536 770560 0 0 0 0 0 0 0 
_1.ptx 712 : 65536 782784 0 0 0 0 0 0 0 
_1.ptx 713 : 65536 784672 0 0 0 0 0 0 0 
_1.ptx 714 : 65536 791744 0 0 0 0 0 0 0 
_1.ptx 715 : 65536 800224 0 0 0 0 0 0 0 
_1.ptx 716 : 65536 819712 0 0 0 0 0 0 0 
_1.ptx 717 : 65536 801952 0 0 0 0 0 0 0 
_1.ptx 718 : 65536 791968 0 0 0 0 0 0 0 
_1.ptx 719 : 65536 787456 0 0 0 0 0 0 0 
_1.ptx 720 : 65536 783936 0 0 0 0 0 0 0 
_1.ptx 721 : 65536 782528 0 0 0 0 0 0 0 
_1.ptx 722 : 65536 780960 0 0 0 0 0 0 0 
_1.ptx 723 : 65536 794400 0 0 0 0 0 0 0 
_1.ptx 724 : 65536 643680 0 0 0 0 0 0 0 
_1.ptx 725 : 65536 621600 0 0 0 0 0 0 0 
_1.ptx 726 : 65536 1832544 0 0 0 0 0 0 0 
_1.ptx 727 : 65536 768544 0 0 0 0 0 0 0 
_1.ptx 728 : 65536 768448 0 0 0 0 0 0 0 
_1.ptx 729 : 65536 776768 0 0 0 0 0 0 0 
_1.ptx 731 : 65536 449728 0 0 0 0 0 0 0 
_1.ptx 733 : 65536 495232 0 0 0 0 0 0 0 
_1.ptx 734 : 65536 511232 0 0 0 0 0 0 0 
_1.ptx 735 : 65536 496224 0 0 0 0 0 0 0 
_1.ptx 736 : 65536 489280 0 0 0 0 0 0 0 
_1.ptx 738 : 127467 1002385 0 0 0 0 0 0 0 
_1.ptx 739 : 127467 886318 0 0 0 0 0 0 0 
_1.ptx 740 : 127467 856847 0 0 0 0 0 0 0 
_1.ptx 744 : 509868 3648965 768 0 0 17236 17236 0 0 
_1.ptx 745 : 509868 3394664 0 0 0 17236 17236 0 0 
_1.ptx 746 : 509868 3960107 1024 0 0 17236 17236 0 0 
_1.ptx 747 : 509868 3304613 0 0 0 17236 17236 0 0 
_1.ptx 748 : 509868 2970056 0 0 0 17236 17236 0 0 
_1.ptx 749 : 509868 3417686 0 0 0 0 0 0 0 
_1.ptx 750 : 509868 4416717 0 0 0 0 0 0 0 
_1.ptx 751 : 509868 2713112 0 0 0 0 0 0 0 
_1.ptx 753 : 127467 987451 0 0 0 0 0 0 0 
_1.ptx 754 : 127467 869996 0 0 0 0 0 0 0 
_1.ptx 755 : 127467 1090449 0 0 0 0 0 0 0 
_1.ptx 756 : 127467 869647 0 0 0 0 0 0 0 
_1.ptx 761 : 127467 1457357 0 0 0 0 0 0 0 
_1.ptx 762 : 127467 6202782 0 0 0 0 0 0 0 
_1.ptx 763 : 127467 843093 0 0 0 0 0 0 0 
_1.ptx 764 : 127467 859138 0 0 0 0 0 0 0 
_1.ptx 765 : 127467 1078597 0 0 0 0 0 0 0 
_1.ptx 766 : 127467 1205342 0 0 0 0 0 0 0 
_1.ptx 769 : 127467 1010219 0 0 0 0 0 0 0 
_1.ptx 770 : 127467 892462 0 0 0 0 0 0 0 
_1.ptx 773 : 382401 4486195 0 0 0 0 0 0 0 
_1.ptx 774 : 382401 1328759 0 0 0 0 0 0 0 
_1.ptx 775 : 382401 4528315 0 0 0 0 0 0 0 
_1.ptx 776 : 382401 4527086 0 0 0 0 0 0 0 
_1.ptx 777 : 382401 4557015 0 0 0 0 0 0 0 
_1.ptx 778 : 382401 4581235 0 0 0 0 0 0 0 
_1.ptx 779 : 382401 4594084 0 0 0 0 0 0 0 
_1.ptx 780 : 382401 4598207 0 0 0 0 0 0 0 
_1.ptx 781 : 382401 3745461 0 0 0 0 0 0 0 
_1.ptx 782 : 382401 3829228 0 0 0 0 0 0 0 
_1.ptx 783 : 382401 3729628 0 0 0 0 0 0 0 
_1.ptx 784 : 382401 3824456 0 0 0 0 0 0 0 
_1.ptx 785 : 382401 3391567 0 0 0 0 0 0 0 
_1.ptx 786 : 382401 3170223 0 0 0 0 0 0 0 
_1.ptx 787 : 382401 2779701 0 0 0 0 0 0 0 
_1.ptx 788 : 382401 3388189 0 0 0 0 0 0 0 
_1.ptx 789 : 382401 3160531 0 0 0 0 0 0 0 
_1.ptx 790 : 382401 3404810 0 0 0 0 0 0 0 
_1.ptx 791 : 382401 2783026 0 0 0 0 0 0 0 
_1.ptx 792 : 382401 3388794 0 0 0 0 0 0 0 
_1.ptx 793 : 382401 1992186 0 0 0 0 0 0 1523 
_1.ptx 794 : 105477 777100 0 0 0 0 0 0 0 
_1.ptx 795 : 105477 768442 0 0 0 0 0 0 0 
_1.ptx 797 : 276924 3270125 0 0 0 0 0 0 0 
_1.ptx 798 : 276924 3273496 0 0 0 0 0 0 0 
_1.ptx 799 : 276924 2440400 0 0 0 0 0 0 0 
_1.ptx 800 : 276924 141074 0 0 0 0 0 0 715 
_1.ptx 801 : 257599 1870884 0 0 0 0 0 0 0 
_1.ptx 802 : 257599 1885409 0 0 0 0 0 0 0 
_1.ptx 805 : 19325 226523 0 0 0 0 0 0 0 
_1.ptx 806 : 19325 352768 0 0 0 0 0 0 0 
_1.ptx 807 : 19325 227484 0 0 0 0 0 0 0 
_1.ptx 808 : 19325 232435 0 0 0 0 0 0 0 
_1.ptx 809 : 19325 185637 0 0 0 0 0 0 0 
_1.ptx 813 : 382401 3167241 0 0 0 0 0 0 0 
_1.ptx 815 : 509868 3631040 0 0 0 0 0 0 0 
_1.ptx 816 : 509868 4402986 0 0 0 0 0 0 0 
_1.ptx 817 : 509868 4085986 0 0 0 0 0 0 0 
_1.ptx 818 : 509868 4399202 0 0 0 0 0 0 0 
_1.ptx 819 : 509868 4087474 0 0 0 0 0 0 0 
_1.ptx 820 : 509868 4468007 0 0 0 0 0 0 0 
_1.ptx 821 : 509868 3566854 0 0 0 0 0 0 0 
_1.ptx 822 : 509868 4437604 0 0 0 0 0 0 0 
