kernel line : count latency dram_traffic smem_bk_conflicts smem_warp gmem_access_generated gmem_warp exposed_latency warp_divergence
_1.ptx 823 : 509868 3067147 0 0 0 0 0 0 1125 
_1.ptx 825 : 74702 592190 0 0 0 0 0 0 0 
_1.ptx 827 : 74702 618037 0 0 0 0 0 0 0 
_1.ptx 829 : 509868 5562718 0 0 0 0 0 0 0 
_1.ptx 830 : 509868 5604903 0 0 0 0 0 0 0 
_1.ptx 831 : 509868 3786135 0 0 0 0 0 0 0 
_1.ptx 832 : 509868 4479580 0 0 0 0 0 0 0 
_1.ptx 833 : 509868 2663014 0 0 0 0 0 0 0 
_1.ptx 834 : 127467 905431 0 0 0 0 0 0 0 
_1.ptx 835 : 127467 1097769 0 0 0 0 0 0 0 
_1.ptx 836 : 127467 1022986 0 0 0 0 0 0 0 
_1.ptx 837 : 127467 893039 0 0 0 0 0 0 0 
_1.ptx 838 : 127467 1100569 0 0 0 0 0 0 0 
_1.ptx 839 : 127467 1009966 0 0 0 0 0 0 0 
_1.ptx 840 : 127467 1103788 0 0 0 0 0 0 0 
_1.ptx 841 : 127467 890801 0 0 0 0 0 0 0 
_1.ptx 842 : 127467 1091185 0 0 0 0 0 0 0 
_1.ptx 843 : 127467 445284 0 0 0 0 0 0 631 
_1.ptx 845 : 62282 683299 0 0 0 0 0 0 0 
_1.ptx 847 : 62282 510236 0 0 0 0 0 0 0 
_1.ptx 848 : 62282 491204 0 0 0 0 0 0 0 
_1.ptx 849 : 62282 793941 0 0 0 0 0 0 0 
_1.ptx 850 : 62282 717888 0 0 0 0 0 0 0 
_1.ptx 851 : 62282 303137 0 0 0 2349 2349 0 0 
_1.ptx 852 : 62282 302794 0 0 0 2349 2349 0 0 
_1.ptx 853 : 62282 291960 0 0 0 2544 2349 0 0 
_1.ptx 854 : 62282 296390 0 0 0 2544 2349 0 0 
_1.ptx 855 : 62282 288602 0 0 0 2544 2349 0 0 
_1.ptx 856 : 62282 294179 0 0 0 2544 2349 0 0 
_1.ptx 857 : 62282 292691 0 0 0 2544 2349 0 0 
_1.ptx 859 : 62282 705368 0 0 0 0 0 0 0 
_1.ptx 860 : 62282 708019 0 0 0 0 0 0 0 
_1.ptx 861 : 62282 710691 0 0 0 0 0 0 0 
_1.ptx 862 : 62282 719647 0 0 0 0 0 0 0 
_1.ptx 863 : 62282 727780 0 0 0 0 0 0 0 
_1.ptx 864 : 62282 723124 0 0 0 0 0 0 0 
_1.ptx 865 : 62282 319005 0 0 0 2544 2349 0 0 
_1.ptx 866 : 62282 438323 0 0 0 0 0 0 0 
_1.ptx 867 : 62282 536577 0 0 0 0 0 0 0 
_1.ptx 868 : 62282 130621 0 0 0 0 0 0 305 
_1.ptx 870 : 43133 306564 0 0 0 0 0 0 0 
_1.ptx 871 : 43133 303933 0 0 0 0 0 0 0 
_1.ptx 872 : 43133 306064 0 0 0 0 0 0 0 
_1.ptx 873 : 43133 299259 0 0 0 0 0 0 0 
_1.ptx 875 : 19149 63348 0 0 0 0 0 0 0 
_1.ptx 876 : 19149 220992 0 0 0 0 0 0 0 
_1.ptx 877 : 19149 220125 0 0 0 0 0 0 0 
_1.ptx 878 : 19149 223086 0 0 0 0 0 0 0 
_1.ptx 879 : 19149 224275 0 0 0 0 0 0 0 
_1.ptx 880 : 19149 228405 0 0 0 0 0 0 0 
_1.ptx 881 : 19149 183970 0 0 0 0 0 0 0 
_1.ptx 882 : 19149 183063 0 0 0 0 0 0 0 
_1.ptx 883 : 19149 605499 0 0 0 0 0 0 0 
_1.ptx 884 : 19149 245520 0 0 0 0 0 0 0 
_1.ptx 885 : 19149 237860 0 0 0 0 0 0 0 
_1.ptx 886 : 19149 244676 0 0 0 0 0 0 0 
_1.ptx 888 : 62282 729971 0 0 0 0 0 0 0 
_1.ptx 889 : 62282 729984 0 0 0 0 0 0 0 
_1.ptx 890 : 62282 749905 0 0 0 0 0 0 0 
_1.ptx 891 : 62282 767423 0 0 0 0 0 0 0 
_1.ptx 892 : 62282 614545 0 0 0 0 0 0 0 
_1.ptx 893 : 62282 603412 0 0 0 0 0 0 0 
_1.ptx 894 : 62282 1859507 0 0 0 0 0 0 0 
_1.ptx 895 : 62282 735262 0 0 0 0 0 0 0 
_1.ptx 896 : 62282 732136 0 0 0 0 0 0 0 
_1.ptx 897 : 62282 740533 0 0 0 0 0 0 0 
_1.ptx 898 : 62282 714248 0 0 0 0 0 0 0 
_1.ptx 899 : 62282 595122 0 0 0 0 0 0 0 
_1.ptx 900 : 62282 594622 0 0 0 0 0 0 0 
_1.ptx 901 : 62282 425020 0 0 0 0 0 0 0 
_1.ptx 902 : 62282 537236 0 0 0 0 0 0 0 
_1.ptx 903 : 62282 429046 0 0 0 0 0 0 0 
_1.ptx 910 : 62282 485044 0 0 0 0 0 0 0 
_1.ptx 911 : 62282 488826 0 0 0 0 0 0 0 
_1.ptx 912 : 62282 501652 0 0 0 0 0 0 0 
_1.ptx 915 : 62282 445381 0 0 0 0 0 0 0 
_1.ptx 916 : 62282 718513 0 0 0 0 0 0 0 
_1.ptx 917 : 62282 487549 0 0 0 0 0 0 0 
_1.ptx 918 : 62282 953492 0 0 0 0 0 0 0 
_1.ptx 919 : 62282 710913 0 0 0 0 0 0 0 
_1.ptx 920 : 62282 456258 15936 0 0 0 0 0 0 
_1.ptx 921 : 62282 417944 0 0 0 0 0 0 0 
_1.ptx 922 : 62282 716228 0 0 0 0 0 0 0 
_1.ptx 923 : 62282 637519 15936 0 0 0 0 0 0 
_1.ptx 924 : 62282 413575 0 0 0 0 0 0 0 
_1.ptx 925 : 62282 711078 0 0 0 0 0 0 0 
_1.ptx 926 : 62282 817539 10112 0 0 0 0 0 0 
_1.ptx 927 : 62282 406838 0 0 0 0 0 0 0 
_1.ptx 928 : 62282 719304 0 0 0 0 0 0 0 
_1.ptx 929 : 62282 820274 7904 0 0 0 0 0 0 
_1.ptx 931 : 62282 412712 0 0 0 0 0 0 0 
_1.ptx 932 : 62282 715121 0 0 0 0 0 0 0 
_1.ptx 933 : 62282 420733 0 0 0 0 0 0 0 
_1.ptx 934 : 62282 711289 0 0 0 0 0 0 0 
_1.ptx 935 : 62282 407304 0 0 0 0 0 0 0 
_1.ptx 936 : 62282 716525 0 0 0 0 0 0 0 
_1.ptx 937 : 62282 745659 0 0 0 0 0 0 0 
_1.ptx 938 : 62282 601676 0 0 0 0 0 0 0 
_1.ptx 939 : 62282 594222 0 0 0 0 0 0 0 
_1.ptx 940 : 62282 2367679 0 0 0 0 0 0 0 
_1.ptx 941 : 62282 772792 0 0 0 0 0 0 0 
_1.ptx 942 : 62282 766270 0 0 0 0 0 0 0 
_1.ptx 943 : 62282 800210 0 0 0 0 0 0 0 
_1.ptx 944 : 62282 776853 0 0 0 0 0 0 0 
_1.ptx 945 : 62282 603686 0 0 0 0 0 0 0 
_1.ptx 946 : 62282 602725 0 0 0 0 0 0 0 
_1.ptx 947 : 62282 439195 0 0 0 0 0 0 0 
_1.ptx 948 : 62282 546314 0 0 0 0 0 0 0 
_1.ptx 949 : 62282 37182 0 0 0 0 0 0 318 
_1.ptx 951 : 56815 448537 0 0 0 0 0 0 0 
_1.ptx 952 : 56815 358682 0 0 0 0 0 0 0 
_1.ptx 955 : 220903 1030429 256 0 0 8579 8579 0 0 
_1.ptx 956 : 220903 1008544 0 0 0 8579 8579 0 0 
_1.ptx 957 : 220903 974057 0 0 0 8579 8579 0 0 
_1.ptx 958 : 220903 976637 0 0 0 8579 8579 0 0 
_1.ptx 959 : 220903 1478595 0 0 0 0 0 0 0 
_1.ptx 960 : 220903 1891861 0 0 0 0 0 0 0 
_1.ptx 961 : 220903 1143910 0 0 0 0 0 0 0 
_1.ptx 963 : 56815 436916 0 0 0 0 0 0 0 
_1.ptx 964 : 56815 379410 0 0 0 0 0 0 0 
_1.ptx 965 : 56815 480290 0 0 0 0 0 0 0 
_1.ptx 966 : 56815 371819 0 0 0 0 0 0 0 
_1.ptx 971 : 56815 364867 0 0 0 0 0 0 0 
_1.ptx 972 : 56815 526197 0 0 0 0 0 0 0 
_1.ptx 973 : 56815 640584 0 0 0 0 0 0 0 
_1.ptx 974 : 56815 3310089 0 0 0 0 0 0 0 
_1.ptx 976 : 56815 365186 0 0 0 0 0 0 0 
_1.ptx 977 : 56815 366885 0 0 0 0 0 0 0 
_1.ptx 978 : 56815 489391 0 0 0 0 0 0 0 
_1.ptx 979 : 56815 531150 0 0 0 0 0 0 0 
_1.ptx 982 : 56815 439861 0 0 0 0 0 0 0 
_1.ptx 983 : 56815 386307 0 0 0 0 0 0 0 
_1.ptx 986 : 164088 740330 0 0 0 6402 6402 0 0 
_1.ptx 987 : 164088 616101 0 0 0 0 0 0 0 
_1.ptx 988 : 164088 1939339 0 0 0 0 0 0 0 
_1.ptx 989 : 164088 1151646 0 0 0 0 0 0 0 
_1.ptx 990 : 164088 1942132 0 0 0 0 0 0 0 
_1.ptx 991 : 164088 1180850 0 0 0 0 0 0 0 
_1.ptx 992 : 164088 1962910 0 0 0 0 0 0 0 
_1.ptx 993 : 164088 1207703 0 0 0 0 0 0 0 
_1.ptx 994 : 164088 1962061 0 0 0 0 0 0 0 
_1.ptx 995 : 164088 1946959 0 0 0 0 0 0 0 
_1.ptx 996 : 164088 1984079 0 0 0 0 0 0 0 
_1.ptx 997 : 164088 1979637 0 0 0 0 0 0 0 
_1.ptx 998 : 164088 1981324 0 0 0 0 0 0 0 
_1.ptx 999 : 164088 1979938 0 0 0 0 0 0 0 
_1.ptx 1000 : 164088 2003918 0 0 0 0 0 0 0 
_1.ptx 1001 : 164088 2021808 0 0 0 0 0 0 0 
_1.ptx 1002 : 164088 1669127 0 0 0 0 0 0 0 
_1.ptx 1003 : 164088 1660867 0 0 0 0 0 0 0 
_1.ptx 1004 : 164088 2011309 0 0 0 0 0 0 0 
_1.ptx 1005 : 164088 1638591 0 0 0 0 0 0 0 
_1.ptx 1006 : 164088 1642054 0 0 0 0 0 0 0 
_1.ptx 1007 : 164088 2000232 0 0 0 0 0 0 0 
_1.ptx 1008 : 164088 1499025 0 0 0 0 0 0 0 
_1.ptx 1009 : 164088 1389505 0 0 0 0 0 0 0 
_1.ptx 1010 : 164088 1180117 0 0 0 0 0 0 0 
_1.ptx 1011 : 164088 1457277 0 0 0 0 0 0 0 
_1.ptx 1012 : 164088 1353321 0 0 0 0 0 0 0 
_1.ptx 1013 : 164088 1469218 0 0 0 0 0 0 0 
_1.ptx 1014 : 164088 1203748 0 0 0 0 0 0 0 
_1.ptx 1015 : 164088 1464089 0 0 0 0 0 0 0 
_1.ptx 1016 : 164088 830166 0 0 0 0 0 0 965 
_1.ptx 1017 : 50431 369883 0 0 0 0 0 0 0 
_1.ptx 1018 : 50431 370435 0 0 0 0 0 0 0 
_1.ptx 1020 : 113657 1349309 0 0 0 0 0 0 0 
_1.ptx 1021 : 113657 1351702 0 0 0 0 0 0 0 
_1.ptx 1022 : 113657 1023363 0 0 0 0 0 0 0 
_1.ptx 1023 : 113657 46049 0 0 0 0 0 0 344 
_1.ptx 1024 : 107587 800568 0 0 0 0 0 0 0 
_1.ptx 1025 : 107587 807822 0 0 0 0 0 0 0 
_1.ptx 1028 : 6070 72051 0 0 0 0 0 0 0 
_1.ptx 1029 : 6070 117124 0 0 0 0 0 0 0 
_1.ptx 1030 : 6070 72530 0 0 0 0 0 0 0 
_1.ptx 1031 : 6070 74121 0 0 0 0 0 0 0 
_1.ptx 1032 : 6070 59990 0 0 0 0 0 0 0 
_1.ptx 1036 : 164088 1373127 0 0 0 0 0 0 0 
_1.ptx 1039 : 220903 1588268 0 0 0 0 0 0 0 
_1.ptx 1040 : 220903 1935772 0 0 0 0 0 0 0 
_1.ptx 1041 : 220903 1511860 0 0 0 0 0 0 370 
_1.ptx 1042 : 6068 74309 0 0 0 0 0 0 0 
_1.ptx 1043 : 6068 74138 0 0 0 0 0 0 0 
_1.ptx 1044 : 6068 75640 0 0 0 0 0 0 0 
_1.ptx 1045 : 6068 73600 0 0 0 0 0 0 0 
_1.ptx 1046 : 6068 73489 0 0 0 0 0 0 0 
_1.ptx 1047 : 6068 73370 0 0 0 0 0 0 0 
_1.ptx 1048 : 6068 73587 0 0 0 0 0 0 0 
_1.ptx 1049 : 6068 61418 0 0 0 0 0 0 0 
_1.ptx 1050 : 6068 61703 0 0 0 0 0 0 0 
_1.ptx 1051 : 6068 55954 0 0 0 0 0 0 0 
_1.ptx 1052 : 6068 45854 0 0 0 0 0 0 0 
_1.ptx 1057 : 220903 2410618 0 0 0 0 0 0 0 
_1.ptx 1058 : 220903 2417998 0 0 0 0 0 0 0 
_1.ptx 1059 : 220903 1683307 0 0 0 0 0 0 0 
_1.ptx 1060 : 220903 1931980 0 0 0 0 0 0 0 
_1.ptx 1061 : 220903 372155 0 0 0 0 0 0 0 
_1.ptx 1062 : 169119 1228282 0 0 0 0 0 0 0 
_1.ptx 1063 : 169119 1465194 0 0 0 0 0 0 0 
_1.ptx 1064 : 169119 1138522 0 0 0 0 0 0 295 
_1.ptx 1065 : 5031 35942 0 0 0 0 0 0 0 
_1.ptx 1067 : 51784 373189 0 0 0 0 0 0 0 
_1.ptx 1068 : 51784 459779 0 0 0 0 0 0 0 
_1.ptx 1071 : 56815 43879 0 0 0 0 0 0 318 
_1.ptx 1073 : 50745 598499 0 0 0 0 0 0 0 
_1.ptx 1074 : 50745 604694 0 0 0 0 0 0 0 
_1.ptx 1075 : 50745 608471 0 0 0 0 0 0 0 
_1.ptx 1076 : 50745 630723 0 0 0 0 0 0 0 
_1.ptx 1077 : 50745 502508 0 0 0 0 0 0 0 
_1.ptx 1078 : 50745 498474 0 0 0 0 0 0 0 
_1.ptx 1079 : 50745 1223581 0 0 0 0 0 0 0 
_1.ptx 1081 : 50745 367591 0 0 0 0 0 0 0 
_1.ptx 1082 : 50745 1077743 0 0 0 0 0 0 0 
_1.ptx 1083 : 50745 411504 0 0 0 0 0 0 0 
_1.ptx 1084 : 50745 722661 0 0 0 0 0 0 0 
_1.ptx 1085 : 50745 660266 0 0 0 0 0 0 0 
_1.ptx 1086 : 50745 602116 0 0 0 0 0 0 0 
_1.ptx 1087 : 50745 345700 416 0 0 0 0 0 0 
_1.ptx 1088 : 50745 364284 0 0 0 0 0 0 0 
_1.ptx 1089 : 50745 588862 0 0 0 0 0 0 0 
_1.ptx 1090 : 50745 601828 0 0 0 0 0 0 0 
_1.ptx 1091 : 50745 602205 0 0 0 0 0 0 0 
_1.ptx 1092 : 50745 334491 64 0 0 0 0 0 0 
_1.ptx 1093 : 50745 362823 0 0 0 0 0 0 0 
_1.ptx 1094 : 50745 592060 0 0 0 0 0 0 0 
_1.ptx 1095 : 50745 603196 0 0 0 0 0 0 0 
_1.ptx 1096 : 50745 608540 0 0 0 0 0 0 0 
_1.ptx 1097 : 50745 521741 0 0 0 0 0 0 0 
_1.ptx 1098 : 50745 365767 0 0 0 0 0 0 0 
_1.ptx 1099 : 50745 597590 0 0 0 0 0 0 0 
_1.ptx 1100 : 50745 497615 0 0 0 0 0 0 0 
_1.ptx 1101 : 50745 616901 256 0 0 0 0 0 0 
_1.ptx 1103 : 50745 589408 0 0 0 0 0 0 0 
_1.ptx 1104 : 50745 592518 0 0 0 0 0 0 0 
_1.ptx 1105 : 50745 593551 0 0 0 0 0 0 0 
_1.ptx 1106 : 50745 500121 0 0 0 0 0 0 0 
_1.ptx 1107 : 50745 609256 0 0 0 0 0 0 0 
_1.ptx 1108 : 50745 508678 0 0 0 0 0 0 0 
_1.ptx 1109 : 50745 381151 0 0 0 0 0 0 0 
_1.ptx 1110 : 50745 1097239 0 0 0 0 0 0 0 
_1.ptx 1111 : 50745 424355 0 0 0 0 0 0 0 
_1.ptx 1112 : 50745 1104031 0 0 0 0 0 0 0 
_1.ptx 1113 : 50745 425255 0 0 0 0 0 0 0 
_1.ptx 1114 : 50745 468609 0 0 0 0 0 0 0 
_1.ptx 1115 : 50745 374548 0 0 0 0 0 0 0 
_1.ptx 1121 : 50745 415595 0 0 0 0 0 0 0 
_1.ptx 1122 : 50745 367549 0 0 0 0 0 0 0 
_1.ptx 1123 : 50745 436297 0 0 0 0 0 0 0 
_1.ptx 1124 : 50745 0 0 0 0 0 0 0 0 
_1.ptx 1125 : 50745 329641 0 0 0 0 0 0 0 
_1.ptx 1133 : 50745 325672 0 0 0 0 0 0 0 
_1.ptx 1134 : 50745 422123 0 0 0 0 0 0 0 
_1.ptx 1135 : 50745 333139 0 0 0 0 0 0 0 
_1.ptx 1140 : 50745 330757 0 0 0 0 0 0 0 
_1.ptx 1141 : 50745 426082 0 0 0 0 0 0 0 
_1.ptx 1142 : 50745 338190 0 0 0 0 0 0 0 
_1.ptx 1157 : 50745 334715 0 0 0 0 0 0 0 
_1.ptx 1158 : 50745 430554 0 0 0 0 0 0 0 
_1.ptx 1159 : 50745 334847 0 0 0 0 0 0 0 
_1.ptx 1181 : 50745 331817 0 0 0 0 0 0 0 
_1.ptx 1182 : 50745 427672 0 0 0 0 0 0 0 
_1.ptx 1183 : 50745 331028 0 0 0 0 0 0 0 
_1.ptx 1196 : 50745 375717 0 0 0 0 0 0 0 
_1.ptx 1197 : 50745 377339 0 0 0 0 0 0 0 
_1.ptx 1198 : 50745 381441 0 0 0 0 0 0 0 
_1.ptx 1199 : 50745 386998 0 0 0 0 0 0 0 
_1.ptx 1200 : 50745 346665 0 0 0 0 0 0 0 
_1.ptx 1201 : 50745 428437 0 0 0 0 0 0 0 
_1.ptx 1202 : 50745 335157 0 0 0 0 0 0 0 
_1.ptx 1213 : 50745 422270 0 0 0 0 0 0 0 
_1.ptx 1216 : 50745 578540 0 0 0 0 0 0 0 
_1.ptx 1218 : 50745 429568 0 0 0 0 0 0 0 
_1.ptx 1219 : 50745 404092 0 0 0 0 0 0 0 
_1.ptx 1220 : 50745 399725 0 0 0 0 0 0 0 
_1.ptx 1221 : 50745 405820 0 0 0 0 0 0 0 
_1.ptx 1222 : 50745 358762 0 0 0 0 0 0 0 
_1.ptx 1223 : 50745 444395 0 0 0 0 0 0 0 
_1.ptx 1224 : 50745 213550 0 0 0 0 0 0 727 
_1.ptx 1226 : 21083 159190 0 0 0 0 0 0 0 
_1.ptx 1227 : 21083 250697 0 0 0 0 0 0 0 
_1.ptx 1229 : 21083 240183 0 0 0 0 0 0 0 
_1.ptx 1232 : 50745 393727 0 0 0 0 0 0 0 
_1.ptx 1233 : 50745 598505 0 0 0 0 0 0 0 
_1.ptx 1234 : 50745 330285 0 0 0 0 0 0 0 
_1.ptx 1235 : 50745 588540 0 0 0 0 0 0 0 
_1.ptx 1236 : 50745 614911 0 0 0 0 0 0 0 
_1.ptx 1237 : 50745 476752 0 0 0 0 0 0 0 
_1.ptx 1238 : 50745 2390879 0 0 0 0 0 0 0 
_1.ptx 1239 : 50745 409419 0 0 0 0 0 0 0 
_1.ptx 1240 : 50745 612607 0 0 0 0 0 0 0 
_1.ptx 1241 : 50745 407843 0 0 0 0 0 0 0 
_1.ptx 1242 : 50745 412313 0 0 0 0 0 0 0 
_1.ptx 1243 : 50745 410274 0 0 0 0 0 0 0 
_1.ptx 1244 : 50745 408343 0 0 0 0 0 0 0 
_1.ptx 1245 : 50745 408364 0 0 0 0 0 0 0 
_1.ptx 1246 : 50745 587345 0 0 0 0 0 0 0 
_1.ptx 1247 : 50745 589194 0 0 0 0 0 0 0 
_1.ptx 1248 : 50745 601937 0 0 0 0 0 0 0 
_1.ptx 1249 : 50745 481391 0 0 0 0 0 0 0 
_1.ptx 1250 : 50745 480511 0 0 0 0 0 0 0 
_1.ptx 1252 : 50745 615281 0 0 0 0 0 0 0 
_1.ptx 1253 : 50745 648942 0 0 0 0 0 0 0 
_1.ptx 1254 : 50745 439136 0 0 0 0 0 0 0 
_1.ptx 1255 : 50745 441963 0 0 0 0 0 0 0 
_1.ptx 1256 : 50745 525285 0 0 0 0 0 0 0 
_1.ptx 1257 : 50745 398873 0 0 0 0 0 0 0 
_1.ptx 1258 : 50745 513985 0 0 0 0 0 0 0 
_1.ptx 1259 : 50745 620569 0 0 0 0 0 0 0 
_1.ptx 1260 : 50745 623658 0 0 0 0 0 0 0 
_1.ptx 1261 : 50745 616561 0 0 0 0 0 0 0 
_1.ptx 1262 : 50745 609190 0 0 0 0 0 0 0 
_1.ptx 1263 : 50745 605315 0 0 0 0 0 0 0 
_1.ptx 1264 : 50745 602233 0 0 0 0 0 0 0 
_1.ptx 1265 : 50745 600083 0 0 0 0 0 0 0 
_1.ptx 1266 : 50745 595127 0 0 0 0 0 0 0 
_1.ptx 1267 : 50745 568698 0 0 0 0 0 0 0 
_1.ptx 1269 : 50745 576317 0 0 0 0 0 0 0 
_1.ptx 1271 : 50745 591054 0 0 0 0 0 0 0 
_1.ptx 1272 : 50745 614596 0 0 0 0 0 0 0 
_1.ptx 1274 : 50745 477989 0 0 0 0 0 0 0 
_1.ptx 1275 : 50745 433714 0 0 0 0 0 0 0 
_1.ptx 1276 : 50745 620284 0 0 0 0 0 0 0 
_1.ptx 1277 : 50745 630004 0 0 0 0 0 0 0 
_1.ptx 1279 : 50745 417494 0 0 0 0 0 0 0 
_1.ptx 1280 : 50745 622301 0 0 0 0 0 0 0 
_1.ptx 1281 : 50745 624909 0 0 0 0 0 0 0 
_1.ptx 1282 : 50745 611552 0 0 0 0 0 0 0 
_1.ptx 1283 : 50745 604635 0 0 0 0 0 0 0 
_1.ptx 1284 : 50745 601223 0 0 0 0 0 0 0 
_1.ptx 1286 : 50745 602253 0 0 0 0 0 0 0 
_1.ptx 1288 : 50745 363369 0 0 0 0 0 0 0 
_1.ptx 1289 : 50745 588052 0 0 0 0 0 0 0 
_1.ptx 1290 : 50745 591460 0 0 0 0 0 0 0 
_1.ptx 1291 : 50745 474819 0 0 0 0 0 0 0 
_1.ptx 1292 : 50745 640729 0 0 0 0 0 0 0 
_1.ptx 1293 : 50745 407643 0 0 0 0 0 0 0 
_1.ptx 1294 : 50745 492573 0 0 0 0 0 0 0 
_1.ptx 1295 : 50745 363680 0 0 0 0 0 0 0 
_1.ptx 1296 : 50745 491270 0 0 0 0 0 0 0 
_1.ptx 1297 : 50745 356942 0 0 0 0 0 0 0 
_1.ptx 1298 : 50745 490882 0 0 0 0 0 0 0 
_1.ptx 1299 : 50745 358711 0 0 0 0 0 0 0 
_1.ptx 1300 : 50745 493918 0 0 0 0 0 0 0 
_1.ptx 1301 : 50745 604435 0 0 0 0 0 0 0 
_1.ptx 1303 : 50745 421644 0 0 0 0 0 0 0 
_1.ptx 1304 : 50745 599232 0 0 0 0 0 0 0 
_1.ptx 1305 : 50745 592581 0 0 0 0 0 0 0 
_1.ptx 1307 : 50745 379084 0 0 0 0 0 0 0 
_1.ptx 1308 : 50745 389057 0 0 0 0 0 0 0 
_1.ptx 1309 : 50745 405838 0 0 0 0 0 0 0 
_1.ptx 1310 : 50745 359565 0 0 0 0 0 0 0 
_1.ptx 1311 : 50745 427140 0 0 0 0 0 0 0 
_1.ptx 1312 : 50745 328267 0 0 0 0 0 0 0 
_1.ptx 1321 : 50745 389226 0 0 0 0 0 0 0 
_1.ptx 1322 : 50745 350275 0 0 0 0 0 0 0 
_1.ptx 1323 : 50745 574625 0 0 0 0 0 0 0 
_1.ptx 1324 : 50745 414964 0 0 0 0 0 0 0 
_1.ptx 1325 : 50745 365739 0 0 0 0 0 0 0 
_1.ptx 1326 : 50745 368344 0 0 0 0 0 0 0 
_1.ptx 1327 : 50745 2604402 0 0 0 0 0 0 0 
_1.ptx 1328 : 50745 314798 0 0 0 0 0 0 0 
_1.ptx 1329 : 50745 325971 0 0 0 0 0 0 0 
_1.ptx 1330 : 50745 477922 0 0 0 0 0 0 0 
_1.ptx 1331 : 50745 485821 0 0 0 0 0 0 0 
_1.ptx 1332 : 50745 353337 0 0 0 0 0 0 0 
_1.ptx 1333 : 50745 664326 0 0 0 0 0 0 0 
_1.ptx 1334 : 50745 3493692 0 0 0 0 0 0 0 
_1.ptx 1335 : 50745 597535 0 0 0 0 0 0 0 
_1.ptx 1336 : 50745 329507 0 0 0 0 0 0 0 
_1.ptx 1337 : 50745 436460 0 0 0 0 0 0 0 
_1.ptx 1338 : 50745 475475 0 0 0 0 0 0 0 
_1.ptx 1339 : 50745 332462 0 0 0 0 0 0 0 
_1.ptx 1340 : 50745 429455 0 0 0 0 0 0 0 
_1.ptx 1341 : 50745 471582 0 0 0 0 0 0 0 
_1.ptx 1343 : 50745 383059 0 0 0 0 0 0 0 
_1.ptx 1344 : 50745 324551 0 0 0 0 0 0 0 
_1.ptx 1345 : 50745 427499 0 0 0 0 0 0 0 
_1.ptx 1346 : 50745 0 0 0 0 0 0 0 0 
_1.ptx 1348 : 50745 484880 0 0 0 0 0 0 0 
_1.ptx 1351 : 50745 417212 0 0 0 0 0 0 0 
_1.ptx 1352 : 50745 369743 0 0 0 0 0 0 0 
_1.ptx 1353 : 50745 412718 0 0 0 0 0 0 0 
_1.ptx 1354 : 50745 416344 0 0 0 0 0 0 0 
_1.ptx 1355 : 50745 373421 0 0 0 0 0 0 0 
_1.ptx 1356 : 50745 609003 0 0 0 0 0 0 0 
_1.ptx 1357 : 50745 605183 0 0 0 0 0 0 0 
_1.ptx 1358 : 50745 425210 0 0 0 0 0 0 0 
_1.ptx 1359 : 50745 363066 0 0 0 0 0 0 0 
_1.ptx 1360 : 50745 437271 0 0 0 0 0 0 0 
_1.ptx 1361 : 50745 397678 0 0 0 0 0 0 0 
_1.ptx 1362 : 50745 428245 0 0 0 0 0 0 0 
_1.ptx 1363 : 50745 321161 0 0 0 0 0 0 0 
_1.ptx 1364 : 50745 424739 0 0 0 0 0 0 0 
_1.ptx 1365 : 50745 326561 0 0 0 0 0 0 0 
_1.ptx 1372 : 50745 380165 0 0 0 0 0 0 0 
_1.ptx 1375 : 50745 332587 0 0 0 0 0 0 0 
_1.ptx 1376 : 50745 581566 0 0 0 0 0 0 0 
_1.ptx 1377 : 50745 577637 0 0 0 0 0 0 0 
_1.ptx 1378 : 50745 520709 512 0 0 0 0 0 0 
_1.ptx 1380 : 50745 573370 0 0 0 0 0 0 0 
_1.ptx 1381 : 50745 659186 0 0 0 0 0 0 0 
_1.ptx 1383 : 50745 581097 0 0 0 0 0 0 0 
_1.ptx 1384 : 50745 788104 160 0 0 0 0 0 0 
_1.ptx 1388 : 62282 714060 0 0 0 0 0 0 0 
_1.ptx 1389 : 62282 721972 0 0 0 0 0 0 0 
_1.ptx 1390 : 62282 724665 0 0 0 0 0 0 0 
_1.ptx 1391 : 62282 756566 0 0 0 0 0 0 0 
_1.ptx 1392 : 62282 741082 0 0 0 0 0 0 0 
_1.ptx 1393 : 62282 771123 0 0 0 0 0 0 0 
_1.ptx 1395 : 62282 742285 0 0 0 0 0 0 0 
_1.ptx 1396 : 62282 761339 0 0 0 0 0 0 0 
_1.ptx 1397 : 62282 753970 0 0 0 0 0 0 0 
_1.ptx 1398 : 62282 779801 0 0 0 0 0 0 0 
_1.ptx 1399 : 62282 633062 0 0 0 0 0 0 0 
_1.ptx 1400 : 62282 614616 0 0 0 0 0 0 0 
_1.ptx 1401 : 62282 2367450 0 0 0 0 0 0 0 
_1.ptx 1402 : 62282 734795 0 0 0 0 0 0 0 
_1.ptx 1403 : 62282 741067 0 0 0 0 0 0 0 
_1.ptx 1404 : 62282 755416 0 0 0 0 0 0 0 
_1.ptx 1405 : 62282 497199 0 0 0 0 0 0 0 
_1.ptx 1406 : 62282 489959 0 0 0 0 0 0 0 
_1.ptx 1408 : 62282 427409 0 0 0 0 0 0 0 
_1.ptx 1409 : 62282 591661 0 0 0 0 0 0 0 
_1.ptx 1410 : 62282 422641 0 0 0 0 0 0 0 
_1.ptx 1411 : 62282 592424 0 0 0 0 0 0 0 
_1.ptx 1412 : 62282 430464 0 0 0 0 0 0 0 
_1.ptx 1413 : 62282 611971 0 0 0 0 0 0 0 
_1.ptx 1416 : 127467 1418713 0 0 0 0 0 0 0 
_1.ptx 1417 : 127467 959071 0 0 0 0 0 0 0 
_1.ptx 1418 : 127467 1106189 0 0 0 0 0 0 0 
_1.ptx 1419 : 127467 6748 0 0 0 0 0 0 0 
_1.ptx 1420 : 126435 1090821 0 0 0 0 0 0 0 
_1.ptx 1421 : 126435 427903 0 0 0 0 0 0 550 
_1.ptx 1424 : 65536 720128 0 0 0 0 0 0 0 
_1.ptx 1425 : 65536 524576 0 0 0 0 0 0 0 
_1.ptx 1426 : 65536 429760 0 0 0 0 0 0 0 
_1.ptx 1427 : 65536 551072 0 0 0 0 0 0 0 
_1.ptx 604 : 65536 409344 0 0 0 0 0 0 0 
_1.ptx 1428 : 65536 360478 0 0 0 0 0 0 218 
_1.ptx 605 : 65536 422272 34944 0 0 0 0 0 0 
_1.ptx 1429 : 10434 82259 0 0 0 0 0 0 0 
_1.ptx 606 : 65536 403104 0 0 0 0 0 0 0 
_1.ptx 1430 : 10434 80276 0 0 0 0 0 0 0 
_1.ptx 607 : 65536 969376 27520 0 0 0 0 0 0 
_1.ptx 1431 : 10434 116312 0 0 0 0 0 0 0 
_1.ptx 608 : 65536 404224 0 0 0 0 0 0 0 
_1.ptx 1432 : 10434 119959 0 0 0 0 0 0 0 
_1.ptx 609 : 65536 1047296 24960 0 0 0 0 0 0 
_1.ptx 1433 : 10434 82673 0 0 0 0 0 0 0 
_1.ptx 610 : 65536 405312 0 0 0 0 0 0 0 
_1.ptx 611 : 65536 1278784 23680 0 0 0 0 0 0 
_1.ptx 612 : 65536 409536 0 0 0 0 0 0 0 
_1.ptx 613 : 65536 1117344 35968 0 0 0 0 0 0 
_1.ptx 1437 : 15923 1559869 7168 0 0 0 0 0 0 
_1.ptx 614 : 65536 408384 0 0 0 0 0 0 0 
_1.ptx 1438 : 15923 1478828 5120 0 0 0 0 0 0 
_1.ptx 615 : 65536 1273056 30208 0 0 0 0 0 0 
_1.ptx 1439 : 15923 1701472 2560 0 0 0 0 0 0 
_1.ptx 616 : 65536 408128 0 0 0 0 0 0 0 
_1.ptx 1440 : 15923 2085349 0 0 0 0 0 0 0 
_1.ptx 617 : 65536 1424992 20736 0 0 0 0 0 0 
_1.ptx 1441 : 15923 1926046 0 0 0 0 0 0 0 
_1.ptx 618 : 65536 410272 0 0 0 0 0 0 0 
_1.ptx 1442 : 15923 2286898 256 0 0 0 0 0 0 
_1.ptx 619 : 65536 1357216 20352 0 0 0 0 0 0 
_1.ptx 1443 : 15923 2013785 13568 0 0 0 0 0 0 
_1.ptx 620 : 65536 407936 0 0 0 0 0 0 0 
_1.ptx 1444 : 15923 2328578 256 0 0 0 0 0 0 
_1.ptx 621 : 65536 1336000 27648 0 0 0 0 0 0 
_1.ptx 1445 : 15923 101185 0 0 0 0 0 0 0 
_1.ptx 622 : 65536 409792 0 0 0 0 0 0 0 
_1.ptx 1446 : 15923 148410 0 0 0 0 0 0 0 
_1.ptx 623 : 65536 1478432 33792 0 0 0 0 0 0 
_1.ptx 1447 : 15923 120163 0 0 0 0 0 0 0 
_1.ptx 624 : 65536 407488 0 0 0 0 0 0 0 
_1.ptx 1448 : 15923 100546 0 0 0 0 0 0 0 
_1.ptx 625 : 65536 1504576 25984 0 0 0 0 0 0 
_1.ptx 1449 : 15923 148365 0 0 0 0 0 0 0 
_1.ptx 626 : 65536 411808 0 0 0 0 0 0 0 
_1.ptx 1450 : 15923 117665 0 0 0 0 0 0 0 
_1.ptx 627 : 65536 1264128 20864 0 0 0 0 0 0 
_1.ptx 1451 : 15923 101836 0 0 0 0 0 0 0 
_1.ptx 628 : 65536 410336 0 0 0 0 0 0 0 
_1.ptx 1452 : 15923 148151 0 0 0 0 0 0 0 
_1.ptx 629 : 65536 1319136 21248 0 0 0 0 0 0 
_1.ptx 1453 : 15923 106693 0 0 0 0 0 0 0 
_1.ptx 630 : 65536 410656 0 0 0 0 0 0 0 
_1.ptx 1454 : 15923 102607 0 0 0 0 0 0 0 
_1.ptx 631 : 65536 1494208 24064 0 0 0 0 0 0 
_1.ptx 1455 : 15923 147467 0 0 0 0 0 0 0 
_1.ptx 632 : 65536 409664 0 0 0 0 0 0 0 
_1.ptx 1456 : 15923 105181 0 0 0 0 0 0 0 
_1.ptx 633 : 65536 1602400 40704 0 0 0 0 0 0 
_1.ptx 1457 : 15923 166268 0 0 0 0 0 0 0 
_1.ptx 634 : 65536 413696 0 0 0 0 0 0 0 
_1.ptx 1458 : 15923 167074 0 0 0 0 0 0 0 
_1.ptx 635 : 65536 1598048 30976 0 0 0 0 0 0 
_1.ptx 1459 : 15923 109017 0 0 0 0 0 0 0 
_1.ptx 636 : 65536 414048 0 0 0 0 0 0 0 
_1.ptx 1460 : 15923 133425 0 0 0 0 0 0 0 
_1.ptx 637 : 65536 1722016 20864 0 0 0 0 0 0 
_1.ptx 1461 : 15923 35039 0 0 0 0 0 0 386 
_1.ptx 638 : 65536 412000 0 0 0 0 0 0 0 
_1.ptx 639 : 65536 1767072 20352 0 0 0 0 0 0 
_1.ptx 640 : 65536 411648 0 0 0 0 0 0 0 
_1.ptx 1464 : 65536 16318432 24576 0 0 4096 2048 0 0 
_1.ptx 641 : 65536 1700704 22784 0 0 0 0 0 0 
_1.ptx 1465 : 65536 2432832 0 0 0 0 0 0 0 
_1.ptx 642 : 65536 417824 0 0 0 0 0 0 0 
_1.ptx 1466 : 65536 498048 0 0 0 0 0 0 0 
_1.ptx 643 : 65536 1211968 43520 0 0 0 0 0 0 
_1.ptx 1467 : 65536 429824 0 0 0 0 0 0 0 
_1.ptx 644 : 65536 420256 0 0 0 0 0 0 0 
_1.ptx 1468 : 65536 744544 0 0 0 0 0 0 0 
_1.ptx 645 : 65536 424384 0 0 0 0 0 0 0 
_1.ptx 1469 : 65536 499232 0 0 0 0 0 0 0 
_1.ptx 646 : 65536 548928 0 0 0 0 0 0 0 
_1.ptx 1470 : 65536 3293024 0 0 0 0 0 0 0 
_1.ptx 647 : 65536 419616 0 0 0 0 0 0 0 
_1.ptx 1471 : 65536 500320 0 0 0 0 0 0 0 
_1.ptx 648 : 65536 423840 0 0 0 0 0 0 0 
_1.ptx 1472 : 65536 435168 0 0 0 0 0 0 0 
_1.ptx 649 : 65536 548608 0 0 0 0 0 0 0 
_1.ptx 1473 : 65536 746272 0 0 0 0 0 0 0 
_1.ptx 650 : 65536 424768 0 0 0 0 0 0 0 
_1.ptx 1474 : 65536 495264 0 0 0 0 0 0 0 
_1.ptx 651 : 65536 738304 0 0 0 0 0 0 0 
_1.ptx 1475 : 65536 496000 0 0 0 0 0 0 0 
_1.ptx 652 : 65536 420992 0 0 0 0 0 0 0 
_1.ptx 1476 : 65536 543808 0 0 0 0 0 0 0 
_1.ptx 653 : 65536 736320 0 0 0 0 0 0 0 
_1.ptx 1477 : 65536 2437888 0 0 0 0 0 0 0 
_1.ptx 654 : 65536 1939744 256 0 0 0 0 0 0 
_1.ptx 1478 : 65536 494720 0 0 0 0 0 0 0 
_1.ptx 655 : 65536 1759008 0 0 0 0 0 0 0 
_1.ptx 1479 : 65536 434016 0 0 0 0 0 0 0 
_1.ptx 656 : 65536 542112 0 0 0 0 0 0 0 
_1.ptx 1480 : 65536 746784 0 0 0 0 0 0 0 
_1.ptx 657 : 65536 488672 0 0 0 0 0 0 0 
_1.ptx 1481 : 65536 507072 0 0 0 0 0 0 0 
_1.ptx 658 : 65536 545920 0 0 0 0 0 0 0 
_1.ptx 1482 : 65536 493984 0 0 0 0 0 0 0 
_1.ptx 659 : 65536 494080 0 0 0 0 0 0 0 
_1.ptx 1483 : 65536 2021376 0 0 0 0 0 0 0 
_1.ptx 660 : 65536 555168 0 0 0 0 0 0 0 
_1.ptx 1484 : 65536 506336 0 0 0 0 0 0 0 
_1.ptx 661 : 65536 424352 0 0 0 0 0 0 0 
_1.ptx 1485 : 65536 442752 0 0 0 0 0 0 0 
_1.ptx 662 : 65536 547712 0 0 0 0 0 0 0 
_1.ptx 1486 : 65536 751712 0 0 0 0 0 0 0 
_1.ptx 663 : 65536 0 0 0 0 0 0 0 0 
_1.ptx 1487 : 65536 510496 0 0 0 0 0 0 0 
_1.ptx 1488 : 65536 506432 0 0 0 0 0 0 0 
_1.ptx 665 : 65536 823200 0 0 0 0 0 0 0 
_1.ptx 1489 : 65536 555360 0 0 0 0 0 0 0 
_1.ptx 666 : 65536 572384 0 0 0 0 0 0 0 
_1.ptx 1490 : 65536 552896 0 0 0 0 0 0 0 
_1.ptx 667 : 65536 738720 0 0 0 0 0 0 0 
_1.ptx 1491 : 65536 744096 0 0 0 0 0 0 0 
_1.ptx 668 : 65536 494816 0 0 0 0 0 0 0 
_1.ptx 1492 : 65536 639456 0 0 0 4096 2048 0 0 
_1.ptx 669 : 65536 718816 0 0 0 0 0 0 0 
_1.ptx 670 : 65536 744000 0 0 0 0 0 0 0 
_1.ptx 671 : 65536 431488 0 0 0 0 0 0 0 
_1.ptx 1495 : 65536 421728 0 0 0 0 0 0 0 
_1.ptx 672 : 65536 1093568 117824 0 0 4096 2048 0 0 
_1.ptx 674 : 65536 1921888 256 0 0 0 0 0 0 
_1.ptx 675 : 65536 1802016 0 0 0 0 0 0 0 
_1.ptx 676 : 65536 520608 0 0 0 0 0 0 0 
_1.ptx 678 : 65536 355072 0 0 0 0 0 0 0 
_1.ptx 679 : 65536 378496 0 0 0 0 0 0 0 
_1.ptx 680 : 65536 749280 0 0 0 0 0 0 0 
_1.ptx 681 : 65536 1349632 0 0 0 0 0 0 0 
_1.ptx 682 : 65536 544736 0 0 0 0 0 0 0 
_1.ptx 683 : 65536 534816 0 0 0 0 0 0 0 
_1.ptx 684 : 65536 425536 0 0 0 0 0 0 0 
_1.ptx 685 : 65536 754336 0 0 0 0 0 0 0 
_1.ptx 686 : 65536 390464 0 0 0 0 0 0 0 
_1.ptx 687 : 65536 763872 0 0 0 0 0 0 0 
_1.ptx 688 : 65536 524320 0 0 0 0 0 0 0 
_1.ptx 689 : 65536 520608 0 0 0 0 0 0 0 
_1.ptx 690 : 65536 523680 0 0 0 0 0 0 0 
_1.ptx 691 : 65536 454496 0 0 0 0 0 0 0 
_1.ptx 692 : 65536 3136352 0 0 0 0 0 0 0 
_1.ptx 693 : 65536 427488 0 0 0 0 0 0 0 
_1.ptx 694 : 65536 745536 0 0 0 0 0 0 0 
_1.ptx 695 : 65536 762208 0 0 0 0 0 0 0 
_1.ptx 696 : 65536 447424 0 0 0 0 0 0 0 
_1.ptx 697 : 65536 760544 0 0 0 0 0 0 0 
_1.ptx 698 : 65536 746784 0 0 0 0 0 0 0 
_1.ptx 699 : 65536 366272 0 0 0 0 0 0 0 
_1.ptx 700 : 65536 745504 0 0 0 0 0 0 0 
_1.ptx 701 : 65536 350080 0 0 0 0 0 0 0 
_1.ptx 702 : 65536 743584 0 0 0 0 0 0 0 
_1.ptx 703 : 65536 330688 0 0 0 0 0 0 0 
_1.ptx 704 : 65536 744128 0 0 0 0 0 0 0 
_1.ptx 705 : 65536 337376 0 0 0 0 0 0 0 
_1.ptx 706 : 65536 745760 0 0 0 0 0 0 0 
_1.ptx 707 : 65536 315520 0 0 0 0 0 0 0 
_1.ptx 708 : 65536 742944 0 0 0 0 0 0 0 
_1.ptx 709 : 65536 351488 0 0 0 0 0 0 0 
_1.ptx 710 : 65536 762240 0 0 0 0 0 0 0 
_1.ptx 711 : 65536 779008 0 0 0 0 0 0 0 
_1.ptx 712 : 65536 788768 0 0 0 0 0 0 0 
_1.ptx 713 : 65536 793152 0 0 0 0 0 0 0 
_1.ptx 714 : 65536 805344 0 0 0 0 0 0 0 
_1.ptx 715 : 65536 812896 0 0 0 0 0 0 0 
_1.ptx 716 : 65536 830240 0 0 0 0 0 0 0 
_1.ptx 717 : 65536 801632 0 0 0 0 0 0 0 
_1.ptx 718 : 65536 798528 0 0 0 0 0 0 0 
_1.ptx 719 : 65536 794432 0 0 0 0 0 0 0 
_1.ptx 720 : 65536 788448 0 0 0 0 0 0 0 
_1.ptx 721 : 65536 786912 0 0 0 0 0 0 0 
_1.ptx 722 : 65536 784512 0 0 0 0 0 0 0 
_1.ptx 723 : 65536 804960 0 0 0 0 0 0 0 
_1.ptx 724 : 65536 652512 0 0 0 0 0 0 0 
_1.ptx 725 : 65536 629312 0 0 0 0 0 0 0 
_1.ptx 726 : 65536 1935104 0 0 0 0 0 0 0 
_1.ptx 727 : 65536 793472 0 0 0 0 0 0 0 
_1.ptx 728 : 65536 788288 0 0 0 0 0 0 0 
_1.ptx 729 : 65536 800384 0 0 0 0 0 0 0 
_1.ptx 731 : 65536 463040 0 0 0 0 0 0 0 
_1.ptx 733 : 65536 499712 0 0 0 0 0 0 0 
_1.ptx 734 : 65536 510784 0 0 0 0 0 0 0 
_1.ptx 735 : 65536 494848 0 0 0 0 0 0 0 
_1.ptx 736 : 65536 496384 0 0 0 0 0 0 0 
_1.ptx 738 : 127467 1013663 0 0 0 0 0 0 0 
_1.ptx 739 : 127467 890124 0 0 0 0 0 0 0 
_1.ptx 740 : 127467 859140 0 0 0 0 0 0 0 
_1.ptx 744 : 509868 3176992 512 0 0 17236 17236 0 0 
_1.ptx 745 : 509868 3087564 0 0 0 17236 17236 0 0 
_1.ptx 746 : 509868 2964580 0 0 0 17236 17236 0 0 
_1.ptx 747 : 509868 2301542 0 0 0 17236 17236 0 0 
_1.ptx 748 : 509868 2269917 0 0 0 17236 17236 0 0 
_1.ptx 749 : 509868 3436951 0 0 0 0 0 0 0 
_1.ptx 750 : 509868 4432264 0 0 0 0 0 0 0 
_1.ptx 751 : 509868 2716343 0 0 0 0 0 0 0 
_1.ptx 753 : 127467 991952 0 0 0 0 0 0 0 
_1.ptx 754 : 127467 880361 0 0 0 0 0 0 0 
_1.ptx 755 : 127467 1094404 0 0 0 0 0 0 0 
_1.ptx 756 : 127467 879685 0 0 0 0 0 0 0 
_1.ptx 761 : 127467 1457612 0 0 0 0 0 0 0 
_1.ptx 762 : 127467 6241767 0 0 0 0 0 0 0 
_1.ptx 763 : 127467 849263 0 0 0 0 0 0 0 
_1.ptx 764 : 127467 868631 0 0 0 0 0 0 0 
_1.ptx 765 : 127467 1087043 0 0 0 0 0 0 0 
_1.ptx 766 : 127467 1207709 0 0 0 0 0 0 0 
_1.ptx 769 : 127467 1018793 0 0 0 0 0 0 0 
_1.ptx 770 : 127467 899743 0 0 0 0 0 0 0 
_1.ptx 773 : 382401 4493709 0 0 0 0 0 0 0 
_1.ptx 774 : 382401 1244856 0 0 0 0 0 0 0 
_1.ptx 775 : 382401 4535549 0 0 0 0 0 0 0 
_1.ptx 776 : 382401 4533356 0 0 0 0 0 0 0 
_1.ptx 777 : 382401 4580989 0 0 0 0 0 0 0 
_1.ptx 778 : 382401 4586786 0 0 0 0 0 0 0 
_1.ptx 779 : 382401 4595891 0 0 0 0 0 0 0 
_1.ptx 780 : 382401 4598119 0 0 0 0 0 0 0 
_1.ptx 781 : 382401 3754405 0 0 0 0 0 0 0 
_1.ptx 782 : 382401 3841123 0 0 0 0 0 0 0 
_1.ptx 783 : 382401 3736211 0 0 0 0 0 0 0 
_1.ptx 784 : 382401 3831833 0 0 0 0 0 0 0 
_1.ptx 785 : 382401 3398866 0 0 0 0 0 0 0 
_1.ptx 786 : 382401 3184456 0 0 0 0 0 0 0 
_1.ptx 787 : 382401 2781825 0 0 0 0 0 0 0 
_1.ptx 788 : 382401 3396091 0 0 0 0 0 0 0 
_1.ptx 789 : 382401 3159598 0 0 0 0 0 0 0 
_1.ptx 790 : 382401 3411379 0 0 0 0 0 0 0 
_1.ptx 791 : 382401 2792838 0 0 0 0 0 0 0 
_1.ptx 792 : 382401 3393935 0 0 0 0 0 0 0 
_1.ptx 793 : 382401 1996000 0 0 0 0 0 0 1523 
_1.ptx 794 : 105477 782859 0 0 0 0 0 0 0 
_1.ptx 795 : 105477 777097 0 0 0 0 0 0 0 
_1.ptx 797 : 276924 3275905 0 0 0 0 0 0 0 
_1.ptx 798 : 276924 3272332 0 0 0 0 0 0 0 
_1.ptx 799 : 276924 2447270 0 0 0 0 0 0 0 
_1.ptx 800 : 276924 140352 0 0 0 0 0 0 715 
_1.ptx 801 : 257599 1877069 0 0 0 0 0 0 0 
_1.ptx 802 : 257599 1892373 0 0 0 0 0 0 0 
_1.ptx 805 : 19325 226449 0 0 0 0 0 0 0 
_1.ptx 806 : 19325 328993 0 0 0 0 0 0 0 
_1.ptx 807 : 19325 226805 0 0 0 0 0 0 0 
_1.ptx 808 : 19325 231626 0 0 0 0 0 0 0 
_1.ptx 809 : 19325 186178 0 0 0 0 0 0 0 
_1.ptx 813 : 382401 3180807 0 0 0 0 0 0 0 
_1.ptx 815 : 509868 3650624 0 0 0 0 0 0 0 
_1.ptx 816 : 509868 4416865 0 0 0 0 0 0 0 
_1.ptx 817 : 509868 4111369 0 0 0 0 0 0 0 
_1.ptx 818 : 509868 4425360 0 0 0 0 0 0 0 
_1.ptx 819 : 509868 4122524 0 0 0 0 0 0 0 
_1.ptx 820 : 509868 4487903 0 0 0 0 0 0 0 
_1.ptx 821 : 509868 3584583 0 0 0 0 0 0 0 
_1.ptx 822 : 509868 4446624 0 0 0 0 0 0 0 
