kernel line : count latency dram_traffic smem_bk_conflicts smem_warp gmem_access_generated gmem_warp exposed_latency warp_divergence
_1.ptx 823 : 509868 3053294 0 0 0 0 0 0 1125 
_1.ptx 825 : 74702 589012 0 0 0 0 0 0 0 
_1.ptx 827 : 74702 615324 0 0 0 0 0 0 0 
_1.ptx 829 : 509868 5557285 0 0 0 0 0 0 0 
_1.ptx 830 : 509868 5603159 0 0 0 0 0 0 0 
_1.ptx 831 : 509868 3784106 0 0 0 0 0 0 0 
_1.ptx 832 : 509868 4467206 0 0 0 0 0 0 0 
_1.ptx 833 : 509868 2654003 0 0 0 0 0 0 0 
_1.ptx 834 : 127467 909775 0 0 0 0 0 0 0 
_1.ptx 835 : 127467 1104795 0 0 0 0 0 0 0 
_1.ptx 836 : 127467 1023224 0 0 0 0 0 0 0 
_1.ptx 837 : 127467 897322 0 0 0 0 0 0 0 
_1.ptx 838 : 127467 1099729 0 0 0 0 0 0 0 
_1.ptx 839 : 127467 1009280 0 0 0 0 0 0 0 
_1.ptx 840 : 127467 1102325 0 0 0 0 0 0 0 
_1.ptx 841 : 127467 890980 0 0 0 0 0 0 0 
_1.ptx 842 : 127467 1097370 0 0 0 0 0 0 0 
_1.ptx 843 : 127467 446607 0 0 0 0 0 0 631 
_1.ptx 845 : 62282 682440 0 0 0 0 0 0 0 
_1.ptx 847 : 62282 512626 0 0 0 0 0 0 0 
_1.ptx 848 : 62282 491137 0 0 0 0 0 0 0 
_1.ptx 849 : 62282 795130 0 0 0 0 0 0 0 
_1.ptx 850 : 62282 716452 0 0 0 0 0 0 0 
_1.ptx 851 : 62282 304772 0 0 0 2349 2349 0 0 
_1.ptx 852 : 62282 302035 0 0 0 2349 2349 0 0 
_1.ptx 853 : 62282 295340 0 0 0 2544 2349 0 0 
_1.ptx 854 : 62282 297833 0 0 0 2544 2349 0 0 
_1.ptx 855 : 62282 287619 0 0 0 2544 2349 0 0 
_1.ptx 856 : 62282 293988 0 0 0 2544 2349 0 0 
_1.ptx 857 : 62282 285669 0 0 0 2544 2349 0 0 
_1.ptx 859 : 62282 704506 0 0 0 0 0 0 0 
_1.ptx 860 : 62282 706663 0 0 0 0 0 0 0 
_1.ptx 861 : 62282 708617 0 0 0 0 0 0 0 
_1.ptx 862 : 62282 719906 0 0 0 0 0 0 0 
_1.ptx 863 : 62282 727866 0 0 0 0 0 0 0 
_1.ptx 864 : 62282 719023 0 0 0 0 0 0 0 
_1.ptx 865 : 62282 315952 0 0 0 2544 2349 0 0 
_1.ptx 866 : 62282 439889 0 0 0 0 0 0 0 
_1.ptx 867 : 62282 539251 0 0 0 0 0 0 0 
_1.ptx 868 : 62282 129836 0 0 0 0 0 0 305 
_1.ptx 870 : 43133 309120 0 0 0 0 0 0 0 
_1.ptx 871 : 43133 308086 0 0 0 0 0 0 0 
_1.ptx 872 : 43133 308672 0 0 0 0 0 0 0 
_1.ptx 873 : 43133 298338 0 0 0 0 0 0 0 
_1.ptx 875 : 19149 67427 0 0 0 0 0 0 0 
_1.ptx 876 : 19149 220587 0 0 0 0 0 0 0 
_1.ptx 877 : 19149 220703 0 0 0 0 0 0 0 
_1.ptx 878 : 19149 221864 0 0 0 0 0 0 0 
_1.ptx 879 : 19149 224354 0 0 0 0 0 0 0 
_1.ptx 880 : 19149 226167 0 0 0 0 0 0 0 
_1.ptx 881 : 19149 184778 0 0 0 0 0 0 0 
_1.ptx 882 : 19149 185998 0 0 0 0 0 0 0 
_1.ptx 883 : 19149 636662 0 0 0 0 0 0 0 
_1.ptx 884 : 19149 237737 0 0 0 0 0 0 0 
_1.ptx 885 : 19149 237427 0 0 0 0 0 0 0 
_1.ptx 886 : 19149 234305 0 0 0 0 0 0 0 
_1.ptx 888 : 62282 729389 0 0 0 0 0 0 0 
_1.ptx 889 : 62282 728243 0 0 0 0 0 0 0 
_1.ptx 890 : 62282 743038 0 0 0 0 0 0 0 
_1.ptx 891 : 62282 760192 0 0 0 0 0 0 0 
_1.ptx 892 : 62282 614107 0 0 0 0 0 0 0 
_1.ptx 893 : 62282 602653 0 0 0 0 0 0 0 
_1.ptx 894 : 62282 1979284 0 0 0 0 0 0 0 
_1.ptx 895 : 62282 734572 0 0 0 0 0 0 0 
_1.ptx 896 : 62282 733214 0 0 0 0 0 0 0 
_1.ptx 897 : 62282 735904 0 0 0 0 0 0 0 
_1.ptx 898 : 62282 719800 0 0 0 0 0 0 0 
_1.ptx 899 : 62282 598230 0 0 0 0 0 0 0 
_1.ptx 900 : 62282 598909 0 0 0 0 0 0 0 
_1.ptx 901 : 62282 430761 0 0 0 0 0 0 0 
_1.ptx 902 : 62282 539613 0 0 0 0 0 0 0 
_1.ptx 903 : 62282 435479 0 0 0 0 0 0 0 
_1.ptx 910 : 62282 489446 0 0 0 0 0 0 0 
_1.ptx 911 : 62282 494386 0 0 0 0 0 0 0 
_1.ptx 912 : 62282 503517 0 0 0 0 0 0 0 
_1.ptx 915 : 62282 447179 0 0 0 0 0 0 0 
_1.ptx 916 : 62282 719591 0 0 0 0 0 0 0 
_1.ptx 917 : 62282 489556 0 0 0 0 0 0 0 
_1.ptx 918 : 62282 966573 0 0 0 0 0 0 0 
_1.ptx 919 : 62282 712338 0 0 0 0 0 0 0 
_1.ptx 920 : 62282 549761 25024 0 0 0 0 0 0 
_1.ptx 921 : 62282 415665 0 0 0 0 0 0 0 
_1.ptx 922 : 62282 709800 0 0 0 0 0 0 0 
_1.ptx 923 : 62282 770838 47936 0 0 0 0 0 0 
_1.ptx 924 : 62282 414510 0 0 0 0 0 0 0 
_1.ptx 925 : 62282 712125 0 0 0 0 0 0 0 
_1.ptx 926 : 62282 952928 27072 0 0 0 0 0 0 
_1.ptx 927 : 62282 407654 0 0 0 0 0 0 0 
_1.ptx 928 : 62282 717326 0 0 0 0 0 0 0 
_1.ptx 929 : 62282 985195 18656 0 0 0 0 0 0 
_1.ptx 931 : 62282 411371 0 0 0 0 0 0 0 
_1.ptx 932 : 62282 713865 0 0 0 0 0 0 0 
_1.ptx 933 : 62282 420727 0 0 0 0 0 0 0 
_1.ptx 934 : 62282 710925 0 0 0 0 0 0 0 
_1.ptx 935 : 62282 410613 0 0 0 0 0 0 0 
_1.ptx 936 : 62282 719737 0 0 0 0 0 0 0 
_1.ptx 937 : 62282 752517 0 0 0 0 0 0 0 
_1.ptx 938 : 62282 604227 0 0 0 0 0 0 0 
_1.ptx 939 : 62282 593953 0 0 0 0 0 0 0 
_1.ptx 940 : 62282 2351143 0 0 0 0 0 0 0 
_1.ptx 941 : 62282 751658 0 0 0 0 0 0 0 
_1.ptx 942 : 62282 759784 0 0 0 0 0 0 0 
_1.ptx 943 : 62282 767467 0 0 0 0 0 0 0 
_1.ptx 944 : 62282 761076 0 0 0 0 0 0 0 
_1.ptx 945 : 62282 598636 0 0 0 0 0 0 0 
_1.ptx 946 : 62282 600972 0 0 0 0 0 0 0 
_1.ptx 947 : 62282 439728 0 0 0 0 0 0 0 
_1.ptx 948 : 62282 543230 0 0 0 0 0 0 0 
_1.ptx 949 : 62282 37087 0 0 0 0 0 0 318 
_1.ptx 951 : 56815 449902 0 0 0 0 0 0 0 
_1.ptx 952 : 56815 357196 0 0 0 0 0 0 0 
_1.ptx 955 : 220903 1027469 0 0 0 8579 8579 0 0 
_1.ptx 956 : 220903 1054858 128 0 0 8579 8579 0 0 
_1.ptx 957 : 220903 1026869 0 0 0 8579 8579 0 0 
_1.ptx 958 : 220903 1026375 0 0 0 8579 8579 0 0 
_1.ptx 959 : 220903 1471556 0 0 0 0 0 0 0 
_1.ptx 960 : 220903 1888954 0 0 0 0 0 0 0 
_1.ptx 961 : 220903 1140173 0 0 0 0 0 0 0 
_1.ptx 963 : 56815 433074 0 0 0 0 0 0 0 
_1.ptx 964 : 56815 379097 0 0 0 0 0 0 0 
_1.ptx 965 : 56815 476476 0 0 0 0 0 0 0 
_1.ptx 966 : 56815 370554 0 0 0 0 0 0 0 
_1.ptx 971 : 56815 362207 0 0 0 0 0 0 0 
_1.ptx 972 : 56815 526165 0 0 0 0 0 0 0 
_1.ptx 973 : 56815 641365 0 0 0 0 0 0 0 
_1.ptx 974 : 56815 3337636 0 0 0 0 0 0 0 
_1.ptx 976 : 56815 371705 0 0 0 0 0 0 0 
_1.ptx 977 : 56815 374155 0 0 0 0 0 0 0 
_1.ptx 978 : 56815 489863 0 0 0 0 0 0 0 
_1.ptx 979 : 56815 531845 0 0 0 0 0 0 0 
_1.ptx 982 : 56815 439071 0 0 0 0 0 0 0 
_1.ptx 983 : 56815 385239 0 0 0 0 0 0 0 
_1.ptx 986 : 164088 756468 0 0 0 6402 6402 0 0 
_1.ptx 987 : 164088 631182 0 0 0 0 0 0 0 
_1.ptx 988 : 164088 1941302 0 0 0 0 0 0 0 
_1.ptx 989 : 164088 1152481 0 0 0 0 0 0 0 
_1.ptx 990 : 164088 1947971 0 0 0 0 0 0 0 
_1.ptx 991 : 164088 1187568 0 0 0 0 0 0 0 
_1.ptx 992 : 164088 1966608 0 0 0 0 0 0 0 
_1.ptx 993 : 164088 1207992 0 0 0 0 0 0 0 
_1.ptx 994 : 164088 1955234 0 0 0 0 0 0 0 
_1.ptx 995 : 164088 1953190 0 0 0 0 0 0 0 
_1.ptx 996 : 164088 1995318 0 0 0 0 0 0 0 
_1.ptx 997 : 164088 1988820 0 0 0 0 0 0 0 
_1.ptx 998 : 164088 1990982 0 0 0 0 0 0 0 
_1.ptx 999 : 164088 1984151 0 0 0 0 0 0 0 
_1.ptx 1000 : 164088 2009469 0 0 0 0 0 0 0 
_1.ptx 1001 : 164088 2016270 0 0 0 0 0 0 0 
_1.ptx 1002 : 164088 1674790 0 0 0 0 0 0 0 
_1.ptx 1003 : 164088 1663496 0 0 0 0 0 0 0 
_1.ptx 1004 : 164088 1995298 0 0 0 0 0 0 0 
_1.ptx 1005 : 164088 1650142 0 0 0 0 0 0 0 
_1.ptx 1006 : 164088 1647834 0 0 0 0 0 0 0 
_1.ptx 1007 : 164088 2004166 0 0 0 0 0 0 0 
_1.ptx 1008 : 164088 1503516 0 0 0 0 0 0 0 
_1.ptx 1009 : 164088 1397033 0 0 0 0 0 0 0 
_1.ptx 1010 : 164088 1180449 0 0 0 0 0 0 0 
_1.ptx 1011 : 164088 1459949 0 0 0 0 0 0 0 
_1.ptx 1012 : 164088 1361309 0 0 0 0 0 0 0 
_1.ptx 1013 : 164088 1465539 0 0 0 0 0 0 0 
_1.ptx 1014 : 164088 1204090 0 0 0 0 0 0 0 
_1.ptx 1015 : 164088 1463508 0 0 0 0 0 0 0 
_1.ptx 1016 : 164088 829723 0 0 0 0 0 0 965 
_1.ptx 1017 : 50431 370562 0 0 0 0 0 0 0 
_1.ptx 1018 : 50431 369703 0 0 0 0 0 0 0 
_1.ptx 1020 : 113657 1347111 0 0 0 0 0 0 0 
_1.ptx 1021 : 113657 1350957 0 0 0 0 0 0 0 
_1.ptx 1022 : 113657 1019485 0 0 0 0 0 0 0 
_1.ptx 1023 : 113657 43645 0 0 0 0 0 0 344 
_1.ptx 1024 : 107587 797975 0 0 0 0 0 0 0 
_1.ptx 1025 : 107587 809632 0 0 0 0 0 0 0 
_1.ptx 1028 : 6070 71112 0 0 0 0 0 0 0 
_1.ptx 1029 : 6070 108071 0 0 0 0 0 0 0 
_1.ptx 1030 : 6070 72608 0 0 0 0 0 0 0 
_1.ptx 1031 : 6070 73719 0 0 0 0 0 0 0 
_1.ptx 1032 : 6070 59963 0 0 0 0 0 0 0 
_1.ptx 1036 : 164088 1371340 0 0 0 0 0 0 0 
_1.ptx 1039 : 220903 1587487 0 0 0 0 0 0 0 
_1.ptx 1040 : 220903 1928387 0 0 0 0 0 0 0 
_1.ptx 1041 : 220903 1520126 0 0 0 0 0 0 370 
_1.ptx 1042 : 6068 72027 0 0 0 0 0 0 0 
_1.ptx 1043 : 6068 73369 0 0 0 0 0 0 0 
_1.ptx 1044 : 6068 73925 0 0 0 0 0 0 0 
_1.ptx 1045 : 6068 73108 0 0 0 0 0 0 0 
_1.ptx 1046 : 6068 73163 0 0 0 0 0 0 0 
_1.ptx 1047 : 6068 73491 0 0 0 0 0 0 0 
_1.ptx 1048 : 6068 74226 0 0 0 0 0 0 0 
_1.ptx 1049 : 6068 61340 0 0 0 0 0 0 0 
_1.ptx 1050 : 6068 60402 0 0 0 0 0 0 0 
_1.ptx 1051 : 6068 55613 0 0 0 0 0 0 0 
_1.ptx 1052 : 6068 46270 0 0 0 0 0 0 0 
_1.ptx 1057 : 220903 2405839 0 0 0 0 0 0 0 
_1.ptx 1058 : 220903 2412456 0 0 0 0 0 0 0 
_1.ptx 1059 : 220903 1689918 0 0 0 0 0 0 0 
_1.ptx 1060 : 220903 1944041 0 0 0 0 0 0 0 
_1.ptx 1061 : 220903 373464 0 0 0 0 0 0 0 
_1.ptx 1062 : 169119 1238701 0 0 0 0 0 0 0 
_1.ptx 1063 : 169119 1462737 0 0 0 0 0 0 0 
_1.ptx 1064 : 169119 1138881 0 0 0 0 0 0 295 
_1.ptx 1065 : 5031 36806 0 0 0 0 0 0 0 
_1.ptx 1067 : 51784 376625 0 0 0 0 0 0 0 
_1.ptx 1068 : 51784 459870 0 0 0 0 0 0 0 
_1.ptx 1071 : 56815 45740 0 0 0 0 0 0 318 
_1.ptx 1073 : 50745 600196 0 0 0 0 0 0 0 
_1.ptx 1074 : 50745 605837 0 0 0 0 0 0 0 
_1.ptx 1075 : 50745 608067 0 0 0 0 0 0 0 
_1.ptx 1076 : 50745 634526 0 0 0 0 0 0 0 
_1.ptx 1077 : 50745 503677 0 0 0 0 0 0 0 
_1.ptx 1078 : 50745 498772 0 0 0 0 0 0 0 
_1.ptx 1079 : 50745 1220038 0 0 0 0 0 0 0 
_1.ptx 1081 : 50745 377160 0 0 0 0 0 0 0 
_1.ptx 1082 : 50745 1082586 0 0 0 0 0 0 0 
_1.ptx 1083 : 50745 417150 0 0 0 0 0 0 0 
_1.ptx 1084 : 50745 731801 0 0 0 0 0 0 0 
_1.ptx 1085 : 50745 643082 0 0 0 0 0 0 0 
_1.ptx 1086 : 50745 606741 0 0 0 0 0 0 0 
_1.ptx 1087 : 50745 360769 32 0 0 0 0 0 0 
_1.ptx 1088 : 50745 364516 0 0 0 0 0 0 0 
_1.ptx 1089 : 50745 585206 0 0 0 0 0 0 0 
_1.ptx 1090 : 50745 594666 0 0 0 0 0 0 0 
_1.ptx 1091 : 50745 604718 0 0 0 0 0 0 0 
_1.ptx 1092 : 50745 370094 256 0 0 0 0 0 0 
_1.ptx 1093 : 50745 361469 0 0 0 0 0 0 0 
_1.ptx 1094 : 50745 597534 0 0 0 0 0 0 0 
_1.ptx 1095 : 50745 606532 0 0 0 0 0 0 0 
_1.ptx 1096 : 50745 611475 0 0 0 0 0 0 0 
_1.ptx 1097 : 50745 628029 0 0 0 0 0 0 0 
_1.ptx 1098 : 50745 365478 0 0 0 0 0 0 0 
_1.ptx 1099 : 50745 595370 0 0 0 0 0 0 0 
_1.ptx 1100 : 50745 489565 0 0 0 0 0 0 0 
_1.ptx 1101 : 50745 708214 0 0 0 0 0 0 0 
_1.ptx 1103 : 50745 584711 0 0 0 0 0 0 0 
_1.ptx 1104 : 50745 590681 0 0 0 0 0 0 0 
_1.ptx 1105 : 50745 588873 0 0 0 0 0 0 0 
_1.ptx 1106 : 50745 503201 0 0 0 0 0 0 0 
_1.ptx 1107 : 50745 609802 0 0 0 0 0 0 0 
_1.ptx 1108 : 50745 507299 0 0 0 0 0 0 0 
_1.ptx 1109 : 50745 386161 0 0 0 0 0 0 0 
_1.ptx 1110 : 50745 1102049 0 0 0 0 0 0 0 
_1.ptx 1111 : 50745 421891 0 0 0 0 0 0 0 
_1.ptx 1112 : 50745 1110069 0 0 0 0 0 0 0 
_1.ptx 1113 : 50745 436469 0 0 0 0 0 0 0 
_1.ptx 1114 : 50745 470562 0 0 0 0 0 0 0 
_1.ptx 1115 : 50745 375003 0 0 0 0 0 0 0 
_1.ptx 1121 : 50745 411832 0 0 0 0 0 0 0 
_1.ptx 1122 : 50745 364307 0 0 0 0 0 0 0 
_1.ptx 1123 : 50745 433755 0 0 0 0 0 0 0 
_1.ptx 1124 : 50745 0 0 0 0 0 0 0 0 
_1.ptx 1125 : 50745 329804 0 0 0 0 0 0 0 
_1.ptx 1133 : 50745 323920 0 0 0 0 0 0 0 
_1.ptx 1134 : 50745 423272 0 0 0 0 0 0 0 
_1.ptx 1135 : 50745 338097 0 0 0 0 0 0 0 
_1.ptx 1140 : 50745 328232 0 0 0 0 0 0 0 
_1.ptx 1141 : 50745 425261 0 0 0 0 0 0 0 
_1.ptx 1142 : 50745 335409 0 0 0 0 0 0 0 
_1.ptx 1157 : 50745 330622 0 0 0 0 0 0 0 
_1.ptx 1158 : 50745 426368 0 0 0 0 0 0 0 
_1.ptx 1159 : 50745 332725 0 0 0 0 0 0 0 
_1.ptx 1181 : 50745 324787 0 0 0 0 0 0 0 
_1.ptx 1182 : 50745 426308 0 0 0 0 0 0 0 
_1.ptx 1183 : 50745 329235 0 0 0 0 0 0 0 
_1.ptx 1196 : 50745 374438 0 0 0 0 0 0 0 
_1.ptx 1197 : 50745 378191 0 0 0 0 0 0 0 
_1.ptx 1198 : 50745 381972 0 0 0 0 0 0 0 
_1.ptx 1199 : 50745 388531 0 0 0 0 0 0 0 
_1.ptx 1200 : 50745 348169 0 0 0 0 0 0 0 
_1.ptx 1201 : 50745 429757 0 0 0 0 0 0 0 
_1.ptx 1202 : 50745 335156 0 0 0 0 0 0 0 
_1.ptx 1213 : 50745 425587 0 0 0 0 0 0 0 
_1.ptx 1216 : 50745 579715 0 0 0 0 0 0 0 
_1.ptx 1218 : 50745 432140 0 0 0 0 0 0 0 
_1.ptx 1219 : 50745 403338 0 0 0 0 0 0 0 
_1.ptx 1220 : 50745 398603 0 0 0 0 0 0 0 
_1.ptx 1221 : 50745 404417 0 0 0 0 0 0 0 
_1.ptx 1222 : 50745 362707 0 0 0 0 0 0 0 
_1.ptx 1223 : 50745 442189 0 0 0 0 0 0 0 
_1.ptx 1224 : 50745 213269 0 0 0 0 0 0 727 
_1.ptx 1226 : 21083 158933 0 0 0 0 0 0 0 
_1.ptx 1227 : 21083 251183 0 0 0 0 0 0 0 
_1.ptx 1229 : 21083 241328 0 0 0 0 0 0 0 
_1.ptx 1232 : 50745 400902 0 0 0 0 0 0 0 
_1.ptx 1233 : 50745 597640 0 0 0 0 0 0 0 
_1.ptx 1234 : 50745 330563 0 0 0 0 0 0 0 
_1.ptx 1235 : 50745 589725 0 0 0 0 0 0 0 
_1.ptx 1236 : 50745 615612 0 0 0 0 0 0 0 
_1.ptx 1237 : 50745 477837 0 0 0 0 0 0 0 
_1.ptx 1238 : 50745 2486885 0 0 0 0 0 0 0 
_1.ptx 1239 : 50745 411597 0 0 0 0 0 0 0 
_1.ptx 1240 : 50745 622077 0 0 0 0 0 0 0 
_1.ptx 1241 : 50745 409687 0 0 0 0 0 0 0 
_1.ptx 1242 : 50745 410993 0 0 0 0 0 0 0 
_1.ptx 1243 : 50745 410736 0 0 0 0 0 0 0 
_1.ptx 1244 : 50745 407488 0 0 0 0 0 0 0 
_1.ptx 1245 : 50745 410296 0 0 0 0 0 0 0 
_1.ptx 1246 : 50745 590384 0 0 0 0 0 0 0 
_1.ptx 1247 : 50745 591799 0 0 0 0 0 0 0 
_1.ptx 1248 : 50745 600977 0 0 0 0 0 0 0 
_1.ptx 1249 : 50745 479596 0 0 0 0 0 0 0 
_1.ptx 1250 : 50745 483317 0 0 0 0 0 0 0 
_1.ptx 1252 : 50745 610072 0 0 0 0 0 0 0 
_1.ptx 1253 : 50745 641971 0 0 0 0 0 0 0 
_1.ptx 1254 : 50745 444112 0 0 0 0 0 0 0 
_1.ptx 1255 : 50745 444501 0 0 0 0 0 0 0 
_1.ptx 1256 : 50745 525988 0 0 0 0 0 0 0 
_1.ptx 1257 : 50745 403216 0 0 0 0 0 0 0 
_1.ptx 1258 : 50745 515014 0 0 0 0 0 0 0 
_1.ptx 1259 : 50745 626457 0 0 0 0 0 0 0 
_1.ptx 1260 : 50745 633124 0 0 0 0 0 0 0 
_1.ptx 1261 : 50745 615415 0 0 0 0 0 0 0 
_1.ptx 1262 : 50745 610641 0 0 0 0 0 0 0 
_1.ptx 1263 : 50745 603921 0 0 0 0 0 0 0 
_1.ptx 1264 : 50745 598841 0 0 0 0 0 0 0 
_1.ptx 1265 : 50745 597907 0 0 0 0 0 0 0 
_1.ptx 1266 : 50745 592711 0 0 0 0 0 0 0 
_1.ptx 1267 : 50745 568343 0 0 0 0 0 0 0 
_1.ptx 1269 : 50745 574973 0 0 0 0 0 0 0 
_1.ptx 1271 : 50745 588088 0 0 0 0 0 0 0 
_1.ptx 1272 : 50745 620769 0 0 0 0 0 0 0 
_1.ptx 1274 : 50745 485181 0 0 0 0 0 0 0 
_1.ptx 1275 : 50745 437549 0 0 0 0 0 0 0 
_1.ptx 1276 : 50745 626265 0 0 0 0 0 0 0 
_1.ptx 1277 : 50745 627693 0 0 0 0 0 0 0 
_1.ptx 1279 : 50745 424751 0 0 0 0 0 0 0 
_1.ptx 1280 : 50745 621425 0 0 0 0 0 0 0 
_1.ptx 1281 : 50745 626444 0 0 0 0 0 0 0 
_1.ptx 1282 : 50745 612265 0 0 0 0 0 0 0 
_1.ptx 1283 : 50745 604461 0 0 0 0 0 0 0 
_1.ptx 1284 : 50745 600853 0 0 0 0 0 0 0 
_1.ptx 1286 : 50745 601952 0 0 0 0 0 0 0 
_1.ptx 1288 : 50745 368097 0 0 0 0 0 0 0 
_1.ptx 1289 : 50745 586026 0 0 0 0 0 0 0 
_1.ptx 1290 : 50745 591777 0 0 0 0 0 0 0 
_1.ptx 1291 : 50745 472396 0 0 0 0 0 0 0 
_1.ptx 1292 : 50745 641406 0 0 0 0 0 0 0 
_1.ptx 1293 : 50745 405881 0 0 0 0 0 0 0 
_1.ptx 1294 : 50745 491698 0 0 0 0 0 0 0 
_1.ptx 1295 : 50745 363769 0 0 0 0 0 0 0 
_1.ptx 1296 : 50745 490092 0 0 0 0 0 0 0 
_1.ptx 1297 : 50745 355106 0 0 0 0 0 0 0 
_1.ptx 1298 : 50745 492723 0 0 0 0 0 0 0 
_1.ptx 1299 : 50745 357997 0 0 0 0 0 0 0 
_1.ptx 1300 : 50745 491342 0 0 0 0 0 0 0 
_1.ptx 1301 : 50745 604464 0 0 0 0 0 0 0 
_1.ptx 1303 : 50745 422627 0 0 0 0 0 0 0 
_1.ptx 1304 : 50745 596531 0 0 0 0 0 0 0 
_1.ptx 1305 : 50745 589240 0 0 0 0 0 0 0 
_1.ptx 1307 : 50745 379823 0 0 0 0 0 0 0 
_1.ptx 1308 : 50745 387233 0 0 0 0 0 0 0 
_1.ptx 1309 : 50745 402203 0 0 0 0 0 0 0 
_1.ptx 1310 : 50745 355799 0 0 0 0 0 0 0 
_1.ptx 1311 : 50745 422479 0 0 0 0 0 0 0 
_1.ptx 1312 : 50745 324747 0 0 0 0 0 0 0 
_1.ptx 1321 : 50745 380764 0 0 0 0 0 0 0 
_1.ptx 1322 : 50745 341883 0 0 0 0 0 0 0 
_1.ptx 1323 : 50745 574613 0 0 0 0 0 0 0 
_1.ptx 1324 : 50745 414188 0 0 0 0 0 0 0 
_1.ptx 1325 : 50745 367552 0 0 0 0 0 0 0 
_1.ptx 1326 : 50745 368094 0 0 0 0 0 0 0 
_1.ptx 1327 : 50745 2674137 0 0 0 0 0 0 0 
_1.ptx 1328 : 50745 314946 0 0 0 0 0 0 0 
_1.ptx 1329 : 50745 329737 0 0 0 0 0 0 0 
_1.ptx 1330 : 50745 477664 0 0 0 0 0 0 0 
_1.ptx 1331 : 50745 487728 0 0 0 0 0 0 0 
_1.ptx 1332 : 50745 354387 0 0 0 0 0 0 0 
_1.ptx 1333 : 50745 685134 0 0 0 0 0 0 0 
_1.ptx 1334 : 50745 3603175 0 0 0 0 0 0 0 
_1.ptx 1335 : 50745 588548 0 0 0 0 0 0 0 
_1.ptx 1336 : 50745 328611 0 0 0 0 0 0 0 
_1.ptx 1337 : 50745 433500 0 0 0 0 0 0 0 
_1.ptx 1338 : 50745 475594 0 0 0 0 0 0 0 
_1.ptx 1339 : 50745 330287 0 0 0 0 0 0 0 
_1.ptx 1340 : 50745 429493 0 0 0 0 0 0 0 
_1.ptx 1341 : 50745 469568 0 0 0 0 0 0 0 
_1.ptx 1343 : 50745 379390 0 0 0 0 0 0 0 
_1.ptx 1344 : 50745 321455 0 0 0 0 0 0 0 
_1.ptx 1345 : 50745 432101 0 0 0 0 0 0 0 
_1.ptx 1346 : 50745 0 0 0 0 0 0 0 0 
_1.ptx 1348 : 50745 482009 0 0 0 0 0 0 0 
_1.ptx 1351 : 50745 417934 0 0 0 0 0 0 0 
_1.ptx 1352 : 50745 365786 0 0 0 0 0 0 0 
_1.ptx 1353 : 50745 410753 0 0 0 0 0 0 0 
_1.ptx 1354 : 50745 414065 0 0 0 0 0 0 0 
_1.ptx 1355 : 50745 371643 0 0 0 0 0 0 0 
_1.ptx 1356 : 50745 611986 0 0 0 0 0 0 0 
_1.ptx 1357 : 50745 607610 0 0 0 0 0 0 0 
_1.ptx 1358 : 50745 426501 0 0 0 0 0 0 0 
_1.ptx 1359 : 50745 362811 0 0 0 0 0 0 0 
_1.ptx 1360 : 50745 438690 0 0 0 0 0 0 0 
_1.ptx 1361 : 50745 400482 0 0 0 0 0 0 0 
_1.ptx 1362 : 50745 432024 0 0 0 0 0 0 0 
_1.ptx 1363 : 50745 317952 0 0 0 0 0 0 0 
_1.ptx 1364 : 50745 421895 0 0 0 0 0 0 0 
_1.ptx 1365 : 50745 324552 0 0 0 0 0 0 0 
_1.ptx 1372 : 50745 380187 0 0 0 0 0 0 0 
_1.ptx 1375 : 50745 334492 0 0 0 0 0 0 0 
_1.ptx 1376 : 50745 575512 0 0 0 0 0 0 0 
_1.ptx 1377 : 50745 577846 0 0 0 0 0 0 0 
_1.ptx 1378 : 50745 554151 0 0 0 0 0 0 0 
_1.ptx 1380 : 50745 572563 0 0 0 0 0 0 0 
_1.ptx 1381 : 50745 710737 0 0 0 0 0 0 0 
_1.ptx 1383 : 50745 579079 0 0 0 0 0 0 0 
_1.ptx 1384 : 50745 862789 0 0 0 0 0 0 0 
_1.ptx 1388 : 62282 713370 0 0 0 0 0 0 0 
_1.ptx 1389 : 62282 728526 0 0 0 0 0 0 0 
_1.ptx 1390 : 62282 725062 0 0 0 0 0 0 0 
_1.ptx 1391 : 62282 751944 0 0 0 0 0 0 0 
_1.ptx 1392 : 62282 738557 0 0 0 0 0 0 0 
_1.ptx 1393 : 62282 776194 0 0 0 0 0 0 0 
_1.ptx 1395 : 62282 738053 0 0 0 0 0 0 0 
_1.ptx 1396 : 62282 757233 0 0 0 0 0 0 0 
_1.ptx 1397 : 62282 751764 0 0 0 0 0 0 0 
_1.ptx 1398 : 62282 787448 0 0 0 0 0 0 0 
_1.ptx 1399 : 62282 634280 0 0 0 0 0 0 0 
_1.ptx 1400 : 62282 614688 0 0 0 0 0 0 0 
_1.ptx 1401 : 62282 2547233 0 0 0 0 0 0 0 
_1.ptx 1402 : 62282 744175 0 0 0 0 0 0 0 
_1.ptx 1403 : 62282 750152 0 0 0 0 0 0 0 
_1.ptx 1404 : 62282 756310 0 0 0 0 0 0 0 
_1.ptx 1405 : 62282 498123 0 0 0 0 0 0 0 
_1.ptx 1406 : 62282 488386 0 0 0 0 0 0 0 
_1.ptx 1408 : 62282 428048 0 0 0 0 0 0 0 
_1.ptx 1409 : 62282 589197 0 0 0 0 0 0 0 
_1.ptx 1410 : 62282 419762 0 0 0 0 0 0 0 
_1.ptx 1411 : 62282 589062 0 0 0 0 0 0 0 
_1.ptx 1412 : 62282 425780 0 0 0 0 0 0 0 
_1.ptx 1413 : 62282 608762 0 0 0 0 0 0 0 
_1.ptx 1416 : 127467 1411373 0 0 0 0 0 0 0 
_1.ptx 1417 : 127467 955489 0 0 0 0 0 0 0 
_1.ptx 1418 : 127467 1106902 0 0 0 0 0 0 0 
_1.ptx 1419 : 127467 7337 0 0 0 0 0 0 0 
_1.ptx 1420 : 126435 1089133 0 0 0 0 0 0 0 
_1.ptx 1421 : 126435 425331 0 0 0 0 0 0 550 
_1.ptx 1424 : 65536 716704 0 0 0 0 0 0 0 
_1.ptx 1425 : 65536 522784 0 0 0 0 0 0 0 
_1.ptx 1426 : 65536 424864 0 0 0 0 0 0 0 
_1.ptx 1427 : 65536 549824 0 0 0 0 0 0 0 
_1.ptx 604 : 65536 407392 0 0 0 0 0 0 0 
_1.ptx 1428 : 65536 360261 0 0 0 0 0 0 218 
_1.ptx 605 : 65536 455104 38784 0 0 0 0 0 0 
_1.ptx 1429 : 10434 80088 0 0 0 0 0 0 0 
_1.ptx 606 : 65536 406976 0 0 0 0 0 0 0 
_1.ptx 1430 : 10434 78751 0 0 0 0 0 0 0 
_1.ptx 607 : 65536 862112 39040 0 0 0 0 0 0 
_1.ptx 1431 : 10434 123423 0 0 0 0 0 0 0 
_1.ptx 608 : 65536 405184 0 0 0 0 0 0 0 
_1.ptx 1432 : 10434 120368 0 0 0 0 0 0 0 
_1.ptx 609 : 65536 924128 38784 0 0 0 0 0 0 
_1.ptx 1433 : 10434 81085 0 0 0 0 0 0 0 
_1.ptx 610 : 65536 407744 0 0 0 0 0 0 0 
_1.ptx 611 : 65536 1210656 38528 0 0 0 0 0 0 
_1.ptx 612 : 65536 409248 0 0 0 0 0 0 0 
_1.ptx 613 : 65536 1157248 51968 0 0 0 0 0 0 
_1.ptx 1437 : 15923 2347644 17408 0 0 0 0 0 0 
_1.ptx 614 : 65536 410176 0 0 0 0 0 0 0 
_1.ptx 1438 : 15923 2271593 8704 0 0 0 0 0 0 
_1.ptx 615 : 65536 1433056 51840 0 0 0 0 0 0 
_1.ptx 1439 : 15923 2634804 12160 0 0 0 0 0 0 
_1.ptx 616 : 65536 411872 0 0 0 0 0 0 0 
_1.ptx 1440 : 15923 2539924 128 0 0 0 0 0 0 
_1.ptx 617 : 65536 1713600 53504 0 0 0 0 0 0 
_1.ptx 1441 : 15923 2433960 128 0 0 0 0 0 0 
_1.ptx 618 : 65536 414528 0 0 0 0 0 0 0 
_1.ptx 1442 : 15923 2635395 384 0 0 0 0 0 0 
_1.ptx 619 : 65536 1848512 47872 0 0 0 0 0 0 
_1.ptx 1443 : 15923 2824095 16896 0 0 0 0 0 0 
_1.ptx 620 : 65536 414304 0 0 0 0 0 0 0 
_1.ptx 1444 : 15923 2640306 0 0 0 0 0 0 0 
_1.ptx 621 : 65536 1923680 53504 0 0 0 0 0 0 
_1.ptx 1445 : 15923 99812 0 0 0 0 0 0 0 
_1.ptx 622 : 65536 413856 0 0 0 0 0 0 0 
_1.ptx 1446 : 15923 146811 0 0 0 0 0 0 0 
_1.ptx 623 : 65536 2033696 57216 0 0 0 0 0 0 
_1.ptx 1447 : 15923 149443 0 0 0 0 0 0 0 
_1.ptx 624 : 65536 411392 0 0 0 0 0 0 0 
_1.ptx 1448 : 15923 100728 0 0 0 0 0 0 0 
_1.ptx 625 : 65536 2026272 52224 0 0 0 0 0 0 
_1.ptx 1449 : 15923 148119 0 0 0 0 0 0 0 
_1.ptx 626 : 65536 412768 0 0 0 0 0 0 0 
_1.ptx 1450 : 15923 135703 640 0 0 0 0 0 0 
_1.ptx 627 : 65536 1533056 59008 0 0 0 0 0 0 
_1.ptx 1451 : 15923 101665 0 0 0 0 0 0 0 
_1.ptx 628 : 65536 412192 0 0 0 0 0 0 0 
_1.ptx 1452 : 15923 147630 0 0 0 0 0 0 0 
_1.ptx 629 : 65536 1628384 56192 0 0 0 0 0 0 
_1.ptx 1453 : 15923 135298 896 0 0 0 0 0 0 
_1.ptx 630 : 65536 414976 0 0 0 0 0 0 0 
_1.ptx 1454 : 15923 101049 0 0 0 0 0 0 0 
_1.ptx 631 : 65536 1578464 56192 0 0 0 0 0 0 
_1.ptx 1455 : 15923 147915 0 0 0 0 0 0 0 
_1.ptx 632 : 65536 416736 0 0 0 0 0 0 0 
_1.ptx 1456 : 15923 130054 384 0 0 0 0 0 0 
_1.ptx 633 : 65536 1630144 62464 0 0 0 0 0 0 
_1.ptx 1457 : 15923 165389 0 0 0 0 0 0 0 
_1.ptx 634 : 65536 413312 0 0 0 0 0 0 0 
_1.ptx 1458 : 15923 165316 0 0 0 0 0 0 0 
_1.ptx 635 : 65536 1639072 55680 0 0 0 0 0 0 
_1.ptx 1459 : 15923 106471 0 0 0 0 0 0 0 
_1.ptx 636 : 65536 414880 0 0 0 0 0 0 0 
_1.ptx 1460 : 15923 133234 0 0 0 0 0 0 0 
_1.ptx 637 : 65536 1662304 67584 0 0 0 0 0 0 
_1.ptx 1461 : 15923 34875 0 0 0 0 0 0 386 
_1.ptx 638 : 65536 414656 0 0 0 0 0 0 0 
_1.ptx 639 : 65536 1708608 54912 0 0 0 0 0 0 
_1.ptx 640 : 65536 414592 0 0 0 0 0 0 0 
_1.ptx 1464 : 65536 14621280 22016 0 0 4096 2048 0 0 
_1.ptx 641 : 65536 1744384 68864 0 0 0 0 0 0 
_1.ptx 1465 : 65536 5480576 0 0 0 0 0 0 0 
_1.ptx 642 : 65536 416800 0 0 0 0 0 0 0 
_1.ptx 1466 : 65536 485472 0 0 0 0 0 0 0 
_1.ptx 643 : 65536 1431488 72704 0 0 0 0 0 0 
_1.ptx 1467 : 65536 424832 0 0 0 0 0 0 0 
_1.ptx 644 : 65536 419200 0 0 0 0 0 0 0 
_1.ptx 1468 : 65536 736416 0 0 0 0 0 0 0 
_1.ptx 645 : 65536 422656 0 0 0 0 0 0 0 
_1.ptx 1469 : 65536 485120 0 0 0 0 0 0 0 
_1.ptx 646 : 65536 549312 0 0 0 0 0 0 0 
_1.ptx 1470 : 65536 5212128 384 0 0 0 0 0 0 
_1.ptx 647 : 65536 418336 0 0 0 0 0 0 0 
_1.ptx 1471 : 65536 487776 0 0 0 0 0 0 0 
_1.ptx 648 : 65536 421984 0 0 0 0 0 0 0 
_1.ptx 1472 : 65536 423328 0 0 0 0 0 0 0 
_1.ptx 649 : 65536 546560 0 0 0 0 0 0 0 
_1.ptx 1473 : 65536 739616 0 0 0 0 0 0 0 
_1.ptx 650 : 65536 424672 0 0 0 0 0 0 0 
_1.ptx 1474 : 65536 487680 0 0 0 0 0 0 0 
_1.ptx 651 : 65536 738432 0 0 0 0 0 0 0 
_1.ptx 1475 : 65536 487584 0 0 0 0 0 0 0 
_1.ptx 652 : 65536 419840 0 0 0 0 0 0 0 
_1.ptx 1476 : 65536 541376 0 0 0 0 0 0 0 
_1.ptx 653 : 65536 735552 0 0 0 0 0 0 0 
_1.ptx 1477 : 65536 3960480 0 0 0 0 0 0 0 
_1.ptx 654 : 65536 1693152 128 0 0 0 0 0 0 
_1.ptx 1478 : 65536 489408 0 0 0 0 0 0 0 
_1.ptx 655 : 65536 1471744 0 0 0 0 0 0 0 
_1.ptx 1479 : 65536 427872 0 0 0 0 0 0 0 
_1.ptx 656 : 65536 542464 0 0 0 0 0 0 0 
_1.ptx 1480 : 65536 739872 0 0 0 0 0 0 0 
_1.ptx 657 : 65536 489280 0 0 0 0 0 0 0 
_1.ptx 1481 : 65536 492288 0 0 0 0 0 0 0 
_1.ptx 658 : 65536 547904 0 0 0 0 0 0 0 
_1.ptx 1482 : 65536 488576 0 0 0 0 0 0 0 
_1.ptx 659 : 65536 490528 0 0 0 0 0 0 0 
_1.ptx 1483 : 65536 4729568 128 0 0 0 0 0 0 
_1.ptx 660 : 65536 552096 0 0 0 0 0 0 0 
_1.ptx 1484 : 65536 495040 0 0 0 0 0 0 0 
_1.ptx 661 : 65536 422368 0 0 0 0 0 0 0 
_1.ptx 1485 : 65536 431136 0 0 0 0 0 0 0 
_1.ptx 662 : 65536 547936 0 0 0 0 0 0 0 
_1.ptx 1486 : 65536 741504 0 0 0 0 0 0 0 
_1.ptx 663 : 65536 0 0 0 0 0 0 0 0 
_1.ptx 1487 : 65536 490400 0 0 0 0 0 0 0 
_1.ptx 1488 : 65536 489568 0 0 0 0 0 0 0 
_1.ptx 665 : 65536 826912 0 0 0 0 0 0 0 
_1.ptx 1489 : 65536 543328 0 0 0 0 0 0 0 
_1.ptx 666 : 65536 771040 0 0 0 0 0 0 0 
_1.ptx 1490 : 65536 542848 0 0 0 0 0 0 0 
_1.ptx 667 : 65536 736704 0 0 0 0 0 0 0 
_1.ptx 1491 : 65536 737056 0 0 0 0 0 0 0 
_1.ptx 668 : 65536 490688 0 0 0 0 0 0 0 
_1.ptx 1492 : 65536 533824 0 0 0 4096 2048 0 0 
_1.ptx 669 : 65536 732480 0 0 0 0 0 0 0 
_1.ptx 670 : 65536 744064 0 0 0 0 0 0 0 
_1.ptx 671 : 65536 429344 0 0 0 0 0 0 0 
_1.ptx 1495 : 65536 413024 0 0 0 0 0 0 0 
_1.ptx 672 : 65536 1538624 170560 0 0 4096 2048 0 0 
_1.ptx 674 : 65536 2179360 128 0 0 0 0 0 0 
_1.ptx 675 : 65536 1886912 0 0 0 0 0 0 0 
_1.ptx 676 : 65536 654272 0 0 0 0 0 0 0 
_1.ptx 678 : 65536 420736 0 0 0 0 0 0 0 
_1.ptx 679 : 65536 465504 0 0 0 0 0 0 0 
_1.ptx 680 : 65536 749824 0 0 0 0 0 0 0 
_1.ptx 681 : 65536 1346624 0 0 0 0 0 0 0 
_1.ptx 682 : 65536 542752 0 0 0 0 0 0 0 
_1.ptx 683 : 65536 537088 0 0 0 0 0 0 0 
_1.ptx 684 : 65536 641984 0 0 0 0 0 0 0 
_1.ptx 685 : 65536 756128 0 0 0 0 0 0 0 
_1.ptx 686 : 65536 537312 0 0 0 0 0 0 0 
_1.ptx 687 : 65536 766112 0 0 0 0 0 0 0 
_1.ptx 688 : 65536 520608 0 0 0 0 0 0 0 
_1.ptx 689 : 65536 518560 0 0 0 0 0 0 0 
_1.ptx 690 : 65536 519072 0 0 0 0 0 0 0 
_1.ptx 691 : 65536 454208 0 0 0 0 0 0 0 
_1.ptx 692 : 65536 3130752 0 0 0 0 0 0 0 
_1.ptx 693 : 65536 423104 0 0 0 0 0 0 0 
_1.ptx 694 : 65536 743232 0 0 0 0 0 0 0 
_1.ptx 695 : 65536 756576 0 0 0 0 0 0 0 
_1.ptx 696 : 65536 437024 0 0 0 0 0 0 0 
_1.ptx 697 : 65536 755360 0 0 0 0 0 0 0 
_1.ptx 698 : 65536 744160 0 0 0 0 0 0 0 
_1.ptx 699 : 65536 506304 0 0 0 0 0 0 0 
_1.ptx 700 : 65536 742912 0 0 0 0 0 0 0 
_1.ptx 701 : 65536 472544 0 0 0 0 0 0 0 
_1.ptx 702 : 65536 743744 0 0 0 0 0 0 0 
_1.ptx 703 : 65536 430976 0 0 0 0 0 0 0 
_1.ptx 704 : 65536 744064 0 0 0 0 0 0 0 
_1.ptx 705 : 65536 368032 0 0 0 0 0 0 0 
_1.ptx 706 : 65536 741280 0 0 0 0 0 0 0 
_1.ptx 707 : 65536 405952 0 0 0 0 0 0 0 
_1.ptx 708 : 65536 742688 0 0 0 0 0 0 0 
_1.ptx 709 : 65536 355904 0 0 0 0 0 0 0 
_1.ptx 710 : 65536 763616 0 0 0 0 0 0 0 
_1.ptx 711 : 65536 785504 0 0 0 0 0 0 0 
_1.ptx 712 : 65536 788576 0 0 0 0 0 0 0 
_1.ptx 713 : 65536 807680 0 0 0 0 0 0 0 
_1.ptx 714 : 65536 808416 0 0 0 0 0 0 0 
_1.ptx 715 : 65536 821408 0 0 0 0 0 0 0 
_1.ptx 716 : 65536 833216 0 0 0 0 0 0 0 
_1.ptx 717 : 65536 802144 0 0 0 0 0 0 0 
_1.ptx 718 : 65536 802432 0 0 0 0 0 0 0 
_1.ptx 719 : 65536 797952 0 0 0 0 0 0 0 
_1.ptx 720 : 65536 788384 0 0 0 0 0 0 0 
_1.ptx 721 : 65536 792224 0 0 0 0 0 0 0 
_1.ptx 722 : 65536 790080 0 0 0 0 0 0 0 
_1.ptx 723 : 65536 805312 0 0 0 0 0 0 0 
_1.ptx 724 : 65536 650144 0 0 0 0 0 0 0 
_1.ptx 725 : 65536 623136 0 0 0 0 0 0 0 
_1.ptx 726 : 65536 1861696 0 0 0 0 0 0 0 
_1.ptx 727 : 65536 766720 0 0 0 0 0 0 0 
_1.ptx 728 : 65536 768832 0 0 0 0 0 0 0 
_1.ptx 729 : 65536 783744 0 0 0 0 0 0 0 
_1.ptx 731 : 65536 454624 0 0 0 0 0 0 0 
_1.ptx 733 : 65536 498176 0 0 0 0 0 0 0 
_1.ptx 734 : 65536 510240 0 0 0 0 0 0 0 
_1.ptx 735 : 65536 501344 0 0 0 0 0 0 0 
_1.ptx 736 : 65536 491648 0 0 0 0 0 0 0 
_1.ptx 738 : 127467 1002919 0 0 0 0 0 0 0 
_1.ptx 739 : 127467 880033 0 0 0 0 0 0 0 
_1.ptx 740 : 127467 853274 0 0 0 0 0 0 0 
_1.ptx 744 : 509868 3412201 256 0 0 17236 17236 0 0 
_1.ptx 745 : 509868 3278599 0 0 0 17236 17236 0 0 
_1.ptx 746 : 509868 3837466 128 0 0 17236 17236 0 0 
_1.ptx 747 : 509868 3139242 0 0 0 17236 17236 0 0 
_1.ptx 748 : 509868 2888392 0 0 0 17236 17236 0 0 
_1.ptx 749 : 509868 3419868 0 0 0 0 0 0 0 
_1.ptx 750 : 509868 4433089 0 0 0 0 0 0 0 
_1.ptx 751 : 509868 2717847 0 0 0 0 0 0 0 
_1.ptx 753 : 127467 987367 0 0 0 0 0 0 0 
_1.ptx 754 : 127467 871795 0 0 0 0 0 0 0 
_1.ptx 755 : 127467 1089900 0 0 0 0 0 0 0 
_1.ptx 756 : 127467 867653 0 0 0 0 0 0 0 
_1.ptx 761 : 127467 1456456 0 0 0 0 0 0 0 
_1.ptx 762 : 127467 6232286 0 0 0 0 0 0 0 
_1.ptx 763 : 127467 842686 0 0 0 0 0 0 0 
_1.ptx 764 : 127467 857921 0 0 0 0 0 0 0 
_1.ptx 765 : 127467 1084137 0 0 0 0 0 0 0 
_1.ptx 766 : 127467 1210943 0 0 0 0 0 0 0 
_1.ptx 769 : 127467 1014645 0 0 0 0 0 0 0 
_1.ptx 770 : 127467 899326 0 0 0 0 0 0 0 
_1.ptx 773 : 382401 4486973 0 0 0 0 0 0 0 
_1.ptx 774 : 382401 1288802 0 0 0 0 0 0 0 
_1.ptx 775 : 382401 4523822 0 0 0 0 0 0 0 
_1.ptx 776 : 382401 4527508 0 0 0 0 0 0 0 
_1.ptx 777 : 382401 4563609 0 0 0 0 0 0 0 
_1.ptx 778 : 382401 4588689 0 0 0 0 0 0 0 
_1.ptx 779 : 382401 4592453 0 0 0 0 0 0 0 
_1.ptx 780 : 382401 4590299 0 0 0 0 0 0 0 
_1.ptx 781 : 382401 3754248 0 0 0 0 0 0 0 
_1.ptx 782 : 382401 3836632 0 0 0 0 0 0 0 
_1.ptx 783 : 382401 3738760 0 0 0 0 0 0 0 
_1.ptx 784 : 382401 3836405 0 0 0 0 0 0 0 
_1.ptx 785 : 382401 3398381 0 0 0 0 0 0 0 
_1.ptx 786 : 382401 3183690 0 0 0 0 0 0 0 
_1.ptx 787 : 382401 2784372 0 0 0 0 0 0 0 
_1.ptx 788 : 382401 3396348 0 0 0 0 0 0 0 
_1.ptx 789 : 382401 3166340 0 0 0 0 0 0 0 
_1.ptx 790 : 382401 3402635 0 0 0 0 0 0 0 
_1.ptx 791 : 382401 2783395 0 0 0 0 0 0 0 
_1.ptx 792 : 382401 3387573 0 0 0 0 0 0 0 
_1.ptx 793 : 382401 1992509 0 0 0 0 0 0 1523 
_1.ptx 794 : 105477 778136 0 0 0 0 0 0 0 
_1.ptx 795 : 105477 772837 0 0 0 0 0 0 0 
_1.ptx 797 : 276924 3273248 0 0 0 0 0 0 0 
_1.ptx 798 : 276924 3275390 0 0 0 0 0 0 0 
_1.ptx 799 : 276924 2441096 0 0 0 0 0 0 0 
_1.ptx 800 : 276924 141894 0 0 0 0 0 0 715 
_1.ptx 801 : 257599 1870057 0 0 0 0 0 0 0 
_1.ptx 802 : 257599 1893144 0 0 0 0 0 0 0 
_1.ptx 805 : 19325 227568 0 0 0 0 0 0 0 
_1.ptx 806 : 19325 343393 0 0 0 0 0 0 0 
_1.ptx 807 : 19325 228565 0 0 0 0 0 0 0 
_1.ptx 808 : 19325 232425 0 0 0 0 0 0 0 
_1.ptx 809 : 19325 187583 0 0 0 0 0 0 0 
_1.ptx 813 : 382401 3177158 0 0 0 0 0 0 0 
_1.ptx 815 : 509868 3631020 0 0 0 0 0 0 0 
_1.ptx 816 : 509868 4411648 0 0 0 0 0 0 0 
_1.ptx 817 : 509868 4106761 0 0 0 0 0 0 0 
_1.ptx 818 : 509868 4412716 0 0 0 0 0 0 0 
_1.ptx 819 : 509868 4101443 0 0 0 0 0 0 0 
_1.ptx 820 : 509868 4473378 0 0 0 0 0 0 0 
_1.ptx 821 : 509868 3573525 0 0 0 0 0 0 0 
_1.ptx 822 : 509868 4431766 0 0 0 0 0 0 0 
