kernel line : count latency dram_traffic smem_bk_conflicts smem_warp gmem_access_generated gmem_warp exposed_latency warp_divergence
_1.ptx 823 : 509868 3061062 0 0 0 0 0 0 1125 
_1.ptx 825 : 74702 589920 0 0 0 0 0 0 0 
_1.ptx 827 : 74702 618842 0 0 0 0 0 0 0 
_1.ptx 829 : 509868 5572736 0 0 0 0 0 0 0 
_1.ptx 830 : 509868 5613583 0 0 0 0 0 0 0 
_1.ptx 831 : 509868 3797496 0 0 0 0 0 0 0 
_1.ptx 832 : 509868 4476390 0 0 0 0 0 0 0 
_1.ptx 833 : 509868 2655204 0 0 0 0 0 0 0 
_1.ptx 834 : 127467 902597 0 0 0 0 0 0 0 
_1.ptx 835 : 127467 1099507 0 0 0 0 0 0 0 
_1.ptx 836 : 127467 1024328 0 0 0 0 0 0 0 
_1.ptx 837 : 127467 890360 0 0 0 0 0 0 0 
_1.ptx 838 : 127467 1098592 0 0 0 0 0 0 0 
_1.ptx 839 : 127467 1006910 0 0 0 0 0 0 0 
_1.ptx 840 : 127467 1104012 0 0 0 0 0 0 0 
_1.ptx 841 : 127467 890762 0 0 0 0 0 0 0 
_1.ptx 842 : 127467 1091181 0 0 0 0 0 0 0 
_1.ptx 843 : 127467 441920 0 0 0 0 0 0 631 
_1.ptx 845 : 62282 685747 0 0 0 0 0 0 0 
_1.ptx 847 : 62282 511991 0 0 0 0 0 0 0 
_1.ptx 848 : 62282 486444 0 0 0 0 0 0 0 
_1.ptx 849 : 62282 800781 0 0 0 0 0 0 0 
_1.ptx 850 : 62282 717853 0 0 0 0 0 0 0 
_1.ptx 851 : 62282 293378 0 0 0 2349 2349 0 0 
_1.ptx 852 : 62282 295257 0 0 0 2349 2349 0 0 
_1.ptx 853 : 62282 293616 0 0 0 2544 2349 0 0 
_1.ptx 854 : 62282 294636 0 0 0 2544 2349 0 0 
_1.ptx 855 : 62282 286603 0 0 0 2544 2349 0 0 
_1.ptx 856 : 62282 293302 0 0 0 2544 2349 0 0 
_1.ptx 857 : 62282 289255 0 0 0 2544 2349 0 0 
_1.ptx 859 : 62282 703724 0 0 0 0 0 0 0 
_1.ptx 860 : 62282 706962 0 0 0 0 0 0 0 
_1.ptx 861 : 62282 710396 0 0 0 0 0 0 0 
_1.ptx 862 : 62282 720016 0 0 0 0 0 0 0 
_1.ptx 863 : 62282 725507 0 0 0 0 0 0 0 
_1.ptx 864 : 62282 720321 0 0 0 0 0 0 0 
_1.ptx 865 : 62282 329049 0 0 0 2544 2349 0 0 
_1.ptx 866 : 62282 442243 0 0 0 0 0 0 0 
_1.ptx 867 : 62282 536764 0 0 0 0 0 0 0 
_1.ptx 868 : 62282 130222 0 0 0 0 0 0 305 
_1.ptx 870 : 43133 306769 0 0 0 0 0 0 0 
_1.ptx 871 : 43133 306165 0 0 0 0 0 0 0 
_1.ptx 872 : 43133 306519 0 0 0 0 0 0 0 
_1.ptx 873 : 43133 298967 0 0 0 0 0 0 0 
_1.ptx 875 : 19149 74677 0 0 0 0 0 0 0 
_1.ptx 876 : 19149 222496 0 0 0 0 0 0 0 
_1.ptx 877 : 19149 221615 0 0 0 0 0 0 0 
_1.ptx 878 : 19149 223696 0 0 0 0 0 0 0 
_1.ptx 879 : 19149 226591 0 0 0 0 0 0 0 
_1.ptx 880 : 19149 226451 0 0 0 0 0 0 0 
_1.ptx 881 : 19149 183977 0 0 0 0 0 0 0 
_1.ptx 882 : 19149 186382 0 0 0 0 0 0 0 
_1.ptx 883 : 19149 631288 0 0 0 0 0 0 0 
_1.ptx 884 : 19149 242851 0 0 0 0 0 0 0 
_1.ptx 885 : 19149 237573 0 0 0 0 0 0 0 
_1.ptx 886 : 19149 239040 0 0 0 0 0 0 0 
_1.ptx 888 : 62282 730091 0 0 0 0 0 0 0 
_1.ptx 889 : 62282 728875 0 0 0 0 0 0 0 
_1.ptx 890 : 62282 741905 0 0 0 0 0 0 0 
_1.ptx 891 : 62282 769160 0 0 0 0 0 0 0 
_1.ptx 892 : 62282 613079 0 0 0 0 0 0 0 
_1.ptx 893 : 62282 601576 0 0 0 0 0 0 0 
_1.ptx 894 : 62282 2054374 0 0 0 0 0 0 0 
_1.ptx 895 : 62282 733137 0 0 0 0 0 0 0 
_1.ptx 896 : 62282 718728 0 0 0 0 0 0 0 
_1.ptx 897 : 62282 731279 0 0 0 0 0 0 0 
_1.ptx 898 : 62282 714304 0 0 0 0 0 0 0 
_1.ptx 899 : 62282 601710 0 0 0 0 0 0 0 
_1.ptx 900 : 62282 599644 0 0 0 0 0 0 0 
_1.ptx 901 : 62282 428236 0 0 0 0 0 0 0 
_1.ptx 902 : 62282 537809 0 0 0 0 0 0 0 
_1.ptx 903 : 62282 433067 0 0 0 0 0 0 0 
_1.ptx 910 : 62282 487424 0 0 0 0 0 0 0 
_1.ptx 911 : 62282 490612 0 0 0 0 0 0 0 
_1.ptx 912 : 62282 498500 0 0 0 0 0 0 0 
_1.ptx 915 : 62282 441239 0 0 0 0 0 0 0 
_1.ptx 916 : 62282 719212 0 0 0 0 0 0 0 
_1.ptx 917 : 62282 485311 0 0 0 0 0 0 0 
_1.ptx 918 : 62282 968715 0 0 0 0 0 0 0 
_1.ptx 919 : 62282 710699 0 0 0 0 0 0 0 
_1.ptx 920 : 62282 584689 26752 0 0 0 0 0 0 
_1.ptx 921 : 62282 417676 0 0 0 0 0 0 0 
_1.ptx 922 : 62282 719921 0 0 0 0 0 0 0 
_1.ptx 923 : 62282 767594 50240 0 0 0 0 0 0 
_1.ptx 924 : 62282 412195 0 0 0 0 0 0 0 
_1.ptx 925 : 62282 710675 0 0 0 0 0 0 0 
_1.ptx 926 : 62282 977015 27680 0 0 0 0 0 0 
_1.ptx 927 : 62282 405625 0 0 0 0 0 0 0 
_1.ptx 928 : 62282 711551 0 0 0 0 0 0 0 
_1.ptx 929 : 62282 984765 19008 0 0 0 0 0 0 
_1.ptx 931 : 62282 407473 0 0 0 0 0 0 0 
_1.ptx 932 : 62282 714122 0 0 0 0 0 0 0 
_1.ptx 933 : 62282 419922 0 0 0 0 0 0 0 
_1.ptx 934 : 62282 711834 0 0 0 0 0 0 0 
_1.ptx 935 : 62282 411179 0 0 0 0 0 0 0 
_1.ptx 936 : 62282 717719 0 0 0 0 0 0 0 
_1.ptx 937 : 62282 742486 0 0 0 0 0 0 0 
_1.ptx 938 : 62282 601067 0 0 0 0 0 0 0 
_1.ptx 939 : 62282 593111 0 0 0 0 0 0 0 
_1.ptx 940 : 62282 2274771 0 0 0 0 0 0 0 
_1.ptx 941 : 62282 764557 0 0 0 0 0 0 0 
_1.ptx 942 : 62282 765898 0 0 0 0 0 0 0 
_1.ptx 943 : 62282 789307 0 0 0 0 0 0 0 
_1.ptx 944 : 62282 764426 0 0 0 0 0 0 0 
_1.ptx 945 : 62282 596894 0 0 0 0 0 0 0 
_1.ptx 946 : 62282 598650 0 0 0 0 0 0 0 
_1.ptx 947 : 62282 436361 0 0 0 0 0 0 0 
_1.ptx 948 : 62282 544155 0 0 0 0 0 0 0 
_1.ptx 949 : 62282 38145 0 0 0 0 0 0 318 
_1.ptx 951 : 56815 447726 0 0 0 0 0 0 0 
_1.ptx 952 : 56815 355257 0 0 0 0 0 0 0 
_1.ptx 955 : 220903 1010573 128 0 0 8579 8579 0 0 
_1.ptx 956 : 220903 1062730 0 0 0 8579 8579 0 0 
_1.ptx 957 : 220903 1041962 0 0 0 8579 8579 0 0 
_1.ptx 958 : 220903 1041286 0 0 0 8579 8579 0 0 
_1.ptx 959 : 220903 1471302 0 0 0 0 0 0 0 
_1.ptx 960 : 220903 1891708 0 0 0 0 0 0 0 
_1.ptx 961 : 220903 1138664 0 0 0 0 0 0 0 
_1.ptx 963 : 56815 431312 0 0 0 0 0 0 0 
_1.ptx 964 : 56815 378195 0 0 0 0 0 0 0 
_1.ptx 965 : 56815 475890 0 0 0 0 0 0 0 
_1.ptx 966 : 56815 367120 0 0 0 0 0 0 0 
_1.ptx 971 : 56815 361697 0 0 0 0 0 0 0 
_1.ptx 972 : 56815 525381 0 0 0 0 0 0 0 
_1.ptx 973 : 56815 637851 0 0 0 0 0 0 0 
_1.ptx 974 : 56815 3341439 0 0 0 0 0 0 0 
_1.ptx 976 : 56815 369639 0 0 0 0 0 0 0 
_1.ptx 977 : 56815 372543 0 0 0 0 0 0 0 
_1.ptx 978 : 56815 485169 0 0 0 0 0 0 0 
_1.ptx 979 : 56815 528525 0 0 0 0 0 0 0 
_1.ptx 982 : 56815 433127 0 0 0 0 0 0 0 
_1.ptx 983 : 56815 378830 0 0 0 0 0 0 0 
_1.ptx 986 : 164088 753630 0 0 0 6402 6402 0 0 
_1.ptx 987 : 164088 620360 0 0 0 0 0 0 0 
_1.ptx 988 : 164088 1940687 0 0 0 0 0 0 0 
_1.ptx 989 : 164088 1151215 0 0 0 0 0 0 0 
_1.ptx 990 : 164088 1942300 0 0 0 0 0 0 0 
_1.ptx 991 : 164088 1183889 0 0 0 0 0 0 0 
_1.ptx 992 : 164088 1958752 0 0 0 0 0 0 0 
_1.ptx 993 : 164088 1203808 0 0 0 0 0 0 0 
_1.ptx 994 : 164088 1945474 0 0 0 0 0 0 0 
_1.ptx 995 : 164088 1944088 0 0 0 0 0 0 0 
_1.ptx 996 : 164088 1982041 0 0 0 0 0 0 0 
_1.ptx 997 : 164088 1977267 0 0 0 0 0 0 0 
_1.ptx 998 : 164088 1983133 0 0 0 0 0 0 0 
_1.ptx 999 : 164088 1981449 0 0 0 0 0 0 0 
_1.ptx 1000 : 164088 2004037 0 0 0 0 0 0 0 
_1.ptx 1001 : 164088 2017562 0 0 0 0 0 0 0 
_1.ptx 1002 : 164088 1677238 0 0 0 0 0 0 0 
_1.ptx 1003 : 164088 1660646 0 0 0 0 0 0 0 
_1.ptx 1004 : 164088 1999849 0 0 0 0 0 0 0 
_1.ptx 1005 : 164088 1644680 0 0 0 0 0 0 0 
_1.ptx 1006 : 164088 1641352 0 0 0 0 0 0 0 
_1.ptx 1007 : 164088 2004468 0 0 0 0 0 0 0 
_1.ptx 1008 : 164088 1500634 0 0 0 0 0 0 0 
_1.ptx 1009 : 164088 1391488 0 0 0 0 0 0 0 
_1.ptx 1010 : 164088 1179817 0 0 0 0 0 0 0 
_1.ptx 1011 : 164088 1458877 0 0 0 0 0 0 0 
_1.ptx 1012 : 164088 1358290 0 0 0 0 0 0 0 
_1.ptx 1013 : 164088 1467583 0 0 0 0 0 0 0 
_1.ptx 1014 : 164088 1201219 0 0 0 0 0 0 0 
_1.ptx 1015 : 164088 1460280 0 0 0 0 0 0 0 
_1.ptx 1016 : 164088 827156 0 0 0 0 0 0 965 
_1.ptx 1017 : 50431 370688 0 0 0 0 0 0 0 
_1.ptx 1018 : 50431 366934 0 0 0 0 0 0 0 
_1.ptx 1020 : 113657 1341456 0 0 0 0 0 0 0 
_1.ptx 1021 : 113657 1348291 0 0 0 0 0 0 0 
_1.ptx 1022 : 113657 1024850 0 0 0 0 0 0 0 
_1.ptx 1023 : 113657 44420 0 0 0 0 0 0 344 
_1.ptx 1024 : 107587 806148 0 0 0 0 0 0 0 
_1.ptx 1025 : 107587 811469 0 0 0 0 0 0 0 
_1.ptx 1028 : 6070 71853 0 0 0 0 0 0 0 
_1.ptx 1029 : 6070 111743 0 0 0 0 0 0 0 
_1.ptx 1030 : 6070 72892 0 0 0 0 0 0 0 
_1.ptx 1031 : 6070 73853 0 0 0 0 0 0 0 
_1.ptx 1032 : 6070 60492 0 0 0 0 0 0 0 
_1.ptx 1036 : 164088 1372922 0 0 0 0 0 0 0 
_1.ptx 1039 : 220903 1586100 0 0 0 0 0 0 0 
_1.ptx 1040 : 220903 1931426 0 0 0 0 0 0 0 
_1.ptx 1041 : 220903 1513985 0 0 0 0 0 0 370 
_1.ptx 1042 : 6068 74593 0 0 0 0 0 0 0 
_1.ptx 1043 : 6068 75096 0 0 0 0 0 0 0 
_1.ptx 1044 : 6068 74521 0 0 0 0 0 0 0 
_1.ptx 1045 : 6068 73477 0 0 0 0 0 0 0 
_1.ptx 1046 : 6068 73058 0 0 0 0 0 0 0 
_1.ptx 1047 : 6068 73555 0 0 0 0 0 0 0 
_1.ptx 1048 : 6068 74615 0 0 0 0 0 0 0 
_1.ptx 1049 : 6068 61506 0 0 0 0 0 0 0 
_1.ptx 1050 : 6068 60977 0 0 0 0 0 0 0 
_1.ptx 1051 : 6068 55841 0 0 0 0 0 0 0 
_1.ptx 1052 : 6068 45410 0 0 0 0 0 0 0 
_1.ptx 1057 : 220903 2403807 0 0 0 0 0 0 0 
_1.ptx 1058 : 220903 2413803 0 0 0 0 0 0 0 
_1.ptx 1059 : 220903 1682371 0 0 0 0 0 0 0 
_1.ptx 1060 : 220903 1941458 0 0 0 0 0 0 0 
_1.ptx 1061 : 220903 375326 0 0 0 0 0 0 0 
_1.ptx 1062 : 169119 1237787 0 0 0 0 0 0 0 
_1.ptx 1063 : 169119 1459698 0 0 0 0 0 0 0 
_1.ptx 1064 : 169119 1136354 0 0 0 0 0 0 295 
_1.ptx 1065 : 5031 36716 0 0 0 0 0 0 0 
_1.ptx 1067 : 51784 375042 0 0 0 0 0 0 0 
_1.ptx 1068 : 51784 460984 0 0 0 0 0 0 0 
_1.ptx 1071 : 56815 43701 0 0 0 0 0 0 318 
_1.ptx 1073 : 50745 604570 0 0 0 0 0 0 0 
_1.ptx 1074 : 50745 608691 0 0 0 0 0 0 0 
_1.ptx 1075 : 50745 610072 0 0 0 0 0 0 0 
_1.ptx 1076 : 50745 631045 0 0 0 0 0 0 0 
_1.ptx 1077 : 50745 502646 0 0 0 0 0 0 0 
_1.ptx 1078 : 50745 499785 0 0 0 0 0 0 0 
_1.ptx 1079 : 50745 1197748 0 0 0 0 0 0 0 
_1.ptx 1081 : 50745 368838 0 0 0 0 0 0 0 
_1.ptx 1082 : 50745 1077434 0 0 0 0 0 0 0 
_1.ptx 1083 : 50745 404587 0 0 0 0 0 0 0 
_1.ptx 1084 : 50745 711694 0 0 0 0 0 0 0 
_1.ptx 1085 : 50745 662841 0 0 0 0 0 0 0 
_1.ptx 1086 : 50745 601577 0 0 0 0 0 0 0 
_1.ptx 1087 : 50745 368706 128 0 0 0 0 0 0 
_1.ptx 1088 : 50745 363293 0 0 0 0 0 0 0 
_1.ptx 1089 : 50745 587168 0 0 0 0 0 0 0 
_1.ptx 1090 : 50745 597778 0 0 0 0 0 0 0 
_1.ptx 1091 : 50745 602526 0 0 0 0 0 0 0 
_1.ptx 1092 : 50745 364379 256 0 0 0 0 0 0 
_1.ptx 1093 : 50745 363872 0 0 0 0 0 0 0 
_1.ptx 1094 : 50745 590480 0 0 0 0 0 0 0 
_1.ptx 1095 : 50745 601746 0 0 0 0 0 0 0 
_1.ptx 1096 : 50745 606357 0 0 0 0 0 0 0 
_1.ptx 1097 : 50745 643746 0 0 0 0 0 0 0 
_1.ptx 1098 : 50745 359908 0 0 0 0 0 0 0 
_1.ptx 1099 : 50745 594040 0 0 0 0 0 0 0 
_1.ptx 1100 : 50745 491373 0 0 0 0 0 0 0 
_1.ptx 1101 : 50745 730710 128 0 0 0 0 0 0 
_1.ptx 1103 : 50745 587483 0 0 0 0 0 0 0 
_1.ptx 1104 : 50745 589407 0 0 0 0 0 0 0 
_1.ptx 1105 : 50745 593285 0 0 0 0 0 0 0 
_1.ptx 1106 : 50745 501419 0 0 0 0 0 0 0 
_1.ptx 1107 : 50745 609003 0 0 0 0 0 0 0 
_1.ptx 1108 : 50745 507302 0 0 0 0 0 0 0 
_1.ptx 1109 : 50745 383404 0 0 0 0 0 0 0 
_1.ptx 1110 : 50745 1097267 0 0 0 0 0 0 0 
_1.ptx 1111 : 50745 416157 0 0 0 0 0 0 0 
_1.ptx 1112 : 50745 1103652 0 0 0 0 0 0 0 
_1.ptx 1113 : 50745 425576 0 0 0 0 0 0 0 
_1.ptx 1114 : 50745 467514 0 0 0 0 0 0 0 
_1.ptx 1115 : 50745 371108 0 0 0 0 0 0 0 
_1.ptx 1121 : 50745 414210 0 0 0 0 0 0 0 
_1.ptx 1122 : 50745 366458 0 0 0 0 0 0 0 
_1.ptx 1123 : 50745 435021 0 0 0 0 0 0 0 
_1.ptx 1124 : 50745 0 0 0 0 0 0 0 0 
_1.ptx 1125 : 50745 323793 0 0 0 0 0 0 0 
_1.ptx 1133 : 50745 323067 0 0 0 0 0 0 0 
_1.ptx 1134 : 50745 420906 0 0 0 0 0 0 0 
_1.ptx 1135 : 50745 331185 0 0 0 0 0 0 0 
_1.ptx 1140 : 50745 327197 0 0 0 0 0 0 0 
_1.ptx 1141 : 50745 424747 0 0 0 0 0 0 0 
_1.ptx 1142 : 50745 334729 0 0 0 0 0 0 0 
_1.ptx 1157 : 50745 327447 0 0 0 0 0 0 0 
_1.ptx 1158 : 50745 425833 0 0 0 0 0 0 0 
_1.ptx 1159 : 50745 325437 0 0 0 0 0 0 0 
_1.ptx 1181 : 50745 327122 0 0 0 0 0 0 0 
_1.ptx 1182 : 50745 426399 0 0 0 0 0 0 0 
_1.ptx 1183 : 50745 328386 0 0 0 0 0 0 0 
_1.ptx 1196 : 50745 374031 0 0 0 0 0 0 0 
_1.ptx 1197 : 50745 377823 0 0 0 0 0 0 0 
_1.ptx 1198 : 50745 382154 0 0 0 0 0 0 0 
_1.ptx 1199 : 50745 388314 0 0 0 0 0 0 0 
_1.ptx 1200 : 50745 347333 0 0 0 0 0 0 0 
_1.ptx 1201 : 50745 429346 0 0 0 0 0 0 0 
_1.ptx 1202 : 50745 338000 0 0 0 0 0 0 0 
_1.ptx 1213 : 50745 424172 0 0 0 0 0 0 0 
_1.ptx 1216 : 50745 580771 0 0 0 0 0 0 0 
_1.ptx 1218 : 50745 427270 0 0 0 0 0 0 0 
_1.ptx 1219 : 50745 400750 0 0 0 0 0 0 0 
_1.ptx 1220 : 50745 396662 0 0 0 0 0 0 0 
_1.ptx 1221 : 50745 403297 0 0 0 0 0 0 0 
_1.ptx 1222 : 50745 358929 0 0 0 0 0 0 0 
_1.ptx 1223 : 50745 443362 0 0 0 0 0 0 0 
_1.ptx 1224 : 50745 211990 0 0 0 0 0 0 727 
_1.ptx 1226 : 21083 157741 0 0 0 0 0 0 0 
_1.ptx 1227 : 21083 250000 0 0 0 0 0 0 0 
_1.ptx 1229 : 21083 240324 0 0 0 0 0 0 0 
_1.ptx 1232 : 50745 392156 0 0 0 0 0 0 0 
_1.ptx 1233 : 50745 595416 0 0 0 0 0 0 0 
_1.ptx 1234 : 50745 327530 0 0 0 0 0 0 0 
_1.ptx 1235 : 50745 588305 0 0 0 0 0 0 0 
_1.ptx 1236 : 50745 611876 0 0 0 0 0 0 0 
_1.ptx 1237 : 50745 472807 0 0 0 0 0 0 0 
_1.ptx 1238 : 50745 2432364 0 0 0 0 0 0 0 
_1.ptx 1239 : 50745 408009 0 0 0 0 0 0 0 
_1.ptx 1240 : 50745 628819 0 0 0 0 0 0 0 
_1.ptx 1241 : 50745 407854 0 0 0 0 0 0 0 
_1.ptx 1242 : 50745 410767 0 0 0 0 0 0 0 
_1.ptx 1243 : 50745 409817 0 0 0 0 0 0 0 
_1.ptx 1244 : 50745 408405 0 0 0 0 0 0 0 
_1.ptx 1245 : 50745 409732 0 0 0 0 0 0 0 
_1.ptx 1246 : 50745 588675 0 0 0 0 0 0 0 
_1.ptx 1247 : 50745 591670 0 0 0 0 0 0 0 
_1.ptx 1248 : 50745 600686 0 0 0 0 0 0 0 
_1.ptx 1249 : 50745 481710 0 0 0 0 0 0 0 
_1.ptx 1250 : 50745 480542 0 0 0 0 0 0 0 
_1.ptx 1252 : 50745 614273 0 0 0 0 0 0 0 
_1.ptx 1253 : 50745 640586 0 0 0 0 0 0 0 
_1.ptx 1254 : 50745 440233 0 0 0 0 0 0 0 
_1.ptx 1255 : 50745 442820 0 0 0 0 0 0 0 
_1.ptx 1256 : 50745 525869 0 0 0 0 0 0 0 
_1.ptx 1257 : 50745 399985 0 0 0 0 0 0 0 
_1.ptx 1258 : 50745 512356 0 0 0 0 0 0 0 
_1.ptx 1259 : 50745 621235 0 0 0 0 0 0 0 
_1.ptx 1260 : 50745 626582 0 0 0 0 0 0 0 
_1.ptx 1261 : 50745 615511 0 0 0 0 0 0 0 
_1.ptx 1262 : 50745 611375 0 0 0 0 0 0 0 
_1.ptx 1263 : 50745 604277 0 0 0 0 0 0 0 
_1.ptx 1264 : 50745 602868 0 0 0 0 0 0 0 
_1.ptx 1265 : 50745 600785 0 0 0 0 0 0 0 
_1.ptx 1266 : 50745 594826 0 0 0 0 0 0 0 
_1.ptx 1267 : 50745 569302 0 0 0 0 0 0 0 
_1.ptx 1269 : 50745 578535 0 0 0 0 0 0 0 
_1.ptx 1271 : 50745 591010 0 0 0 0 0 0 0 
_1.ptx 1272 : 50745 618851 0 0 0 0 0 0 0 
_1.ptx 1274 : 50745 484256 0 0 0 0 0 0 0 
_1.ptx 1275 : 50745 440144 0 0 0 0 0 0 0 
_1.ptx 1276 : 50745 624579 0 0 0 0 0 0 0 
_1.ptx 1277 : 50745 629973 0 0 0 0 0 0 0 
_1.ptx 1279 : 50745 419525 0 0 0 0 0 0 0 
_1.ptx 1280 : 50745 618228 0 0 0 0 0 0 0 
_1.ptx 1281 : 50745 622050 0 0 0 0 0 0 0 
_1.ptx 1282 : 50745 610836 0 0 0 0 0 0 0 
_1.ptx 1283 : 50745 600951 0 0 0 0 0 0 0 
_1.ptx 1284 : 50745 599432 0 0 0 0 0 0 0 
_1.ptx 1286 : 50745 602472 0 0 0 0 0 0 0 
_1.ptx 1288 : 50745 367629 0 0 0 0 0 0 0 
_1.ptx 1289 : 50745 592845 0 0 0 0 0 0 0 
_1.ptx 1290 : 50745 595237 0 0 0 0 0 0 0 
_1.ptx 1291 : 50745 468718 0 0 0 0 0 0 0 
_1.ptx 1292 : 50745 637120 0 0 0 0 0 0 0 
_1.ptx 1293 : 50745 403428 0 0 0 0 0 0 0 
_1.ptx 1294 : 50745 491245 0 0 0 0 0 0 0 
_1.ptx 1295 : 50745 363320 0 0 0 0 0 0 0 
_1.ptx 1296 : 50745 490406 0 0 0 0 0 0 0 
_1.ptx 1297 : 50745 356095 0 0 0 0 0 0 0 
_1.ptx 1298 : 50745 489618 0 0 0 0 0 0 0 
_1.ptx 1299 : 50745 355762 0 0 0 0 0 0 0 
_1.ptx 1300 : 50745 489781 0 0 0 0 0 0 0 
_1.ptx 1301 : 50745 601292 0 0 0 0 0 0 0 
_1.ptx 1303 : 50745 415872 0 0 0 0 0 0 0 
_1.ptx 1304 : 50745 592395 0 0 0 0 0 0 0 
_1.ptx 1305 : 50745 588034 0 0 0 0 0 0 0 
_1.ptx 1307 : 50745 381583 0 0 0 0 0 0 0 
_1.ptx 1308 : 50745 388599 0 0 0 0 0 0 0 
_1.ptx 1309 : 50745 405922 0 0 0 0 0 0 0 
_1.ptx 1310 : 50745 358019 0 0 0 0 0 0 0 
_1.ptx 1311 : 50745 424594 0 0 0 0 0 0 0 
_1.ptx 1312 : 50745 326203 0 0 0 0 0 0 0 
_1.ptx 1321 : 50745 380052 0 0 0 0 0 0 0 
_1.ptx 1322 : 50745 342774 0 0 0 0 0 0 0 
_1.ptx 1323 : 50745 574752 0 0 0 0 0 0 0 
_1.ptx 1324 : 50745 411098 0 0 0 0 0 0 0 
_1.ptx 1325 : 50745 363041 0 0 0 0 0 0 0 
_1.ptx 1326 : 50745 368229 0 0 0 0 0 0 0 
_1.ptx 1327 : 50745 2617947 0 0 0 0 0 0 0 
_1.ptx 1328 : 50745 314562 0 0 0 0 0 0 0 
_1.ptx 1329 : 50745 327531 0 0 0 0 0 0 0 
_1.ptx 1330 : 50745 476962 0 0 0 0 0 0 0 
_1.ptx 1331 : 50745 486361 0 0 0 0 0 0 0 
_1.ptx 1332 : 50745 351184 0 0 0 0 0 0 0 
_1.ptx 1333 : 50745 680357 0 0 0 0 0 0 0 
_1.ptx 1334 : 50745 3477928 0 0 0 0 0 0 0 
_1.ptx 1335 : 50745 594845 0 0 0 0 0 0 0 
_1.ptx 1336 : 50745 327679 0 0 0 0 0 0 0 
_1.ptx 1337 : 50745 434320 0 0 0 0 0 0 0 
_1.ptx 1338 : 50745 475009 0 0 0 0 0 0 0 
_1.ptx 1339 : 50745 329590 0 0 0 0 0 0 0 
_1.ptx 1340 : 50745 429372 0 0 0 0 0 0 0 
_1.ptx 1341 : 50745 470100 0 0 0 0 0 0 0 
_1.ptx 1343 : 50745 381767 0 0 0 0 0 0 0 
_1.ptx 1344 : 50745 320812 0 0 0 0 0 0 0 
_1.ptx 1345 : 50745 428885 0 0 0 0 0 0 0 
_1.ptx 1346 : 50745 0 0 0 0 0 0 0 0 
_1.ptx 1348 : 50745 482658 0 0 0 0 0 0 0 
_1.ptx 1351 : 50745 416181 0 0 0 0 0 0 0 
_1.ptx 1352 : 50745 368734 0 0 0 0 0 0 0 
_1.ptx 1353 : 50745 411808 0 0 0 0 0 0 0 
_1.ptx 1354 : 50745 412412 0 0 0 0 0 0 0 
_1.ptx 1355 : 50745 369922 0 0 0 0 0 0 0 
_1.ptx 1356 : 50745 608308 0 0 0 0 0 0 0 
_1.ptx 1357 : 50745 605554 0 0 0 0 0 0 0 
_1.ptx 1358 : 50745 425652 0 0 0 0 0 0 0 
_1.ptx 1359 : 50745 359557 0 0 0 0 0 0 0 
_1.ptx 1360 : 50745 438635 0 0 0 0 0 0 0 
_1.ptx 1361 : 50745 397947 0 0 0 0 0 0 0 
_1.ptx 1362 : 50745 429426 0 0 0 0 0 0 0 
_1.ptx 1363 : 50745 320407 0 0 0 0 0 0 0 
_1.ptx 1364 : 50745 422268 0 0 0 0 0 0 0 
_1.ptx 1365 : 50745 328351 0 0 0 0 0 0 0 
_1.ptx 1372 : 50745 379296 0 0 0 0 0 0 0 
_1.ptx 1375 : 50745 333681 0 0 0 0 0 0 0 
_1.ptx 1376 : 50745 576962 0 0 0 0 0 0 0 
_1.ptx 1377 : 50745 576229 0 0 0 0 0 0 0 
_1.ptx 1378 : 50745 572017 0 0 0 0 0 0 0 
_1.ptx 1380 : 50745 571275 0 0 0 0 0 0 0 
_1.ptx 1381 : 50745 740013 0 0 0 0 0 0 0 
_1.ptx 1383 : 50745 581460 0 0 0 0 0 0 0 
_1.ptx 1384 : 50745 885491 128 0 0 0 0 0 0 
_1.ptx 1388 : 62282 716682 0 0 0 0 0 0 0 
_1.ptx 1389 : 62282 726984 0 0 0 0 0 0 0 
_1.ptx 1390 : 62282 725404 0 0 0 0 0 0 0 
_1.ptx 1391 : 62282 757765 0 0 0 0 0 0 0 
_1.ptx 1392 : 62282 741835 0 0 0 0 0 0 0 
_1.ptx 1393 : 62282 769444 0 0 0 0 0 0 0 
_1.ptx 1395 : 62282 738864 0 0 0 0 0 0 0 
_1.ptx 1396 : 62282 755862 0 0 0 0 0 0 0 
_1.ptx 1397 : 62282 751920 0 0 0 0 0 0 0 
_1.ptx 1398 : 62282 787612 0 0 0 0 0 0 0 
_1.ptx 1399 : 62282 629308 0 0 0 0 0 0 0 
_1.ptx 1400 : 62282 611182 0 0 0 0 0 0 0 
_1.ptx 1401 : 62282 2444563 0 0 0 0 0 0 0 
_1.ptx 1402 : 62282 741084 0 0 0 0 0 0 0 
_1.ptx 1403 : 62282 749069 0 0 0 0 0 0 0 
_1.ptx 1404 : 62282 756239 0 0 0 0 0 0 0 
_1.ptx 1405 : 62282 501252 0 0 0 0 0 0 0 
_1.ptx 1406 : 62282 495777 0 0 0 0 0 0 0 
_1.ptx 1408 : 62282 432073 0 0 0 0 0 0 0 
_1.ptx 1409 : 62282 593471 0 0 0 0 0 0 0 
_1.ptx 1410 : 62282 423212 0 0 0 0 0 0 0 
_1.ptx 1411 : 62282 595005 0 0 0 0 0 0 0 
_1.ptx 1412 : 62282 431225 0 0 0 0 0 0 0 
_1.ptx 1413 : 62282 613328 0 0 0 0 0 0 0 
_1.ptx 1416 : 127467 1415268 0 0 0 0 0 0 0 
_1.ptx 1417 : 127467 952884 0 0 0 0 0 0 0 
_1.ptx 1418 : 127467 1106974 0 0 0 0 0 0 0 
_1.ptx 1419 : 127467 6860 0 0 0 0 0 0 0 
_1.ptx 1420 : 126435 1089782 0 0 0 0 0 0 0 
_1.ptx 1421 : 126435 428300 0 0 0 0 0 0 550 
_1.ptx 1424 : 65536 709792 0 0 0 0 0 0 0 
_1.ptx 1425 : 65536 520288 0 0 0 0 0 0 0 
_1.ptx 1426 : 65536 431424 0 0 0 0 0 0 0 
_1.ptx 1427 : 65536 549888 0 0 0 0 0 0 0 
_1.ptx 604 : 65536 410016 0 0 0 0 0 0 0 
_1.ptx 1428 : 65536 361700 0 0 0 0 0 0 218 
_1.ptx 605 : 65536 489760 39040 0 0 0 0 0 0 
_1.ptx 1429 : 10434 80194 0 0 0 0 0 0 0 
_1.ptx 606 : 65536 408672 0 0 0 0 0 0 0 
_1.ptx 1430 : 10434 78232 0 0 0 0 0 0 0 
_1.ptx 607 : 65536 1113152 38784 0 0 0 0 0 0 
_1.ptx 1431 : 10434 126338 0 0 0 0 0 0 0 
_1.ptx 608 : 65536 408064 0 0 0 0 0 0 0 
_1.ptx 1432 : 10434 120073 0 0 0 0 0 0 0 
_1.ptx 609 : 65536 1267680 38656 0 0 0 0 0 0 
_1.ptx 1433 : 10434 81569 0 0 0 0 0 0 0 
_1.ptx 610 : 65536 412224 0 0 0 0 0 0 0 
_1.ptx 611 : 65536 1475296 38528 0 0 0 0 0 0 
_1.ptx 612 : 65536 410528 0 0 0 0 0 0 0 
_1.ptx 613 : 65536 1319872 51072 0 0 0 0 0 0 
_1.ptx 1437 : 15923 2380355 15360 0 0 0 0 0 0 
_1.ptx 614 : 65536 410816 0 0 0 0 0 0 0 
_1.ptx 1438 : 15923 2314007 11136 0 0 0 0 0 0 
_1.ptx 615 : 65536 1537568 51712 0 0 0 0 0 0 
_1.ptx 1439 : 15923 2695084 12160 0 0 0 0 0 0 
_1.ptx 616 : 65536 408800 0 0 0 0 0 0 0 
_1.ptx 1440 : 15923 2529111 0 0 0 0 0 0 0 
_1.ptx 617 : 65536 1640096 58240 0 0 0 0 0 0 
_1.ptx 1441 : 15923 2490922 128 0 0 0 0 0 0 
_1.ptx 618 : 65536 409504 0 0 0 0 0 0 0 
_1.ptx 1442 : 15923 2628532 128 0 0 0 0 0 0 
_1.ptx 619 : 65536 1750624 48896 0 0 0 0 0 0 
_1.ptx 1443 : 15923 2882460 17152 0 0 0 0 0 0 
_1.ptx 620 : 65536 410400 0 0 0 0 0 0 0 
_1.ptx 1444 : 15923 2686540 256 0 0 0 0 0 0 
_1.ptx 621 : 65536 1792576 52352 0 0 0 0 0 0 
_1.ptx 1445 : 15923 102372 0 0 0 0 0 0 0 
_1.ptx 622 : 65536 411168 0 0 0 0 0 0 0 
_1.ptx 1446 : 15923 147511 0 0 0 0 0 0 0 
_1.ptx 623 : 65536 1901792 58112 0 0 0 0 0 0 
_1.ptx 1447 : 15923 131538 32 0 0 0 0 0 0 
_1.ptx 624 : 65536 410784 0 0 0 0 0 0 0 
_1.ptx 1448 : 15923 101810 0 0 0 0 0 0 0 
_1.ptx 625 : 65536 2014400 52096 0 0 0 0 0 0 
_1.ptx 1449 : 15923 147751 0 0 0 0 0 0 0 
_1.ptx 626 : 65536 415584 0 0 0 0 0 0 0 
_1.ptx 1450 : 15923 126887 256 0 0 0 0 0 0 
_1.ptx 627 : 65536 1477760 59264 0 0 0 0 0 0 
_1.ptx 1451 : 15923 103039 0 0 0 0 0 0 0 
_1.ptx 628 : 65536 412768 0 0 0 0 0 0 0 
_1.ptx 1452 : 15923 148781 0 0 0 0 0 0 0 
_1.ptx 629 : 65536 1553120 60800 0 0 0 0 0 0 
_1.ptx 1453 : 15923 123388 640 0 0 0 0 0 0 
_1.ptx 630 : 65536 412416 0 0 0 0 0 0 0 
_1.ptx 1454 : 15923 103990 0 0 0 0 0 0 0 
_1.ptx 631 : 65536 1637632 59008 0 0 0 0 0 0 
_1.ptx 1455 : 15923 148464 0 0 0 0 0 0 0 
_1.ptx 632 : 65536 411968 0 0 0 0 0 0 0 
_1.ptx 1456 : 15923 127580 0 0 0 0 0 0 0 
_1.ptx 633 : 65536 1623776 62208 0 0 0 0 0 0 
_1.ptx 1457 : 15923 166580 0 0 0 0 0 0 0 
_1.ptx 634 : 65536 409664 0 0 0 0 0 0 0 
_1.ptx 1458 : 15923 166457 0 0 0 0 0 0 0 
_1.ptx 635 : 65536 1744864 54784 0 0 0 0 0 0 
_1.ptx 1459 : 15923 108571 0 0 0 0 0 0 0 
_1.ptx 636 : 65536 412480 0 0 0 0 0 0 0 
_1.ptx 1460 : 15923 133997 0 0 0 0 0 0 0 
_1.ptx 637 : 65536 1743392 67712 0 0 0 0 0 0 
_1.ptx 1461 : 15923 34997 0 0 0 0 0 0 386 
_1.ptx 638 : 65536 412288 0 0 0 0 0 0 0 
_1.ptx 639 : 65536 1815456 61184 0 0 0 0 0 0 
_1.ptx 640 : 65536 412576 0 0 0 0 0 0 0 
_1.ptx 1464 : 65536 14719136 23040 0 0 4096 2048 0 0 
_1.ptx 641 : 65536 1867456 69248 0 0 0 0 0 0 
_1.ptx 1465 : 65536 5311328 128 0 0 0 0 0 0 
_1.ptx 642 : 65536 414112 0 0 0 0 0 0 0 
_1.ptx 1466 : 65536 488320 0 0 0 0 0 0 0 
_1.ptx 643 : 65536 1476128 72320 0 0 0 0 0 0 
_1.ptx 1467 : 65536 425344 0 0 0 0 0 0 0 
_1.ptx 644 : 65536 416928 0 0 0 0 0 0 0 
_1.ptx 1468 : 65536 738208 0 0 0 0 0 0 0 
_1.ptx 645 : 65536 421664 0 0 0 0 0 0 0 
_1.ptx 1469 : 65536 486944 0 0 0 0 0 0 0 
_1.ptx 646 : 65536 545536 0 0 0 0 0 0 0 
_1.ptx 1470 : 65536 5121184 512 0 0 0 0 0 0 
_1.ptx 647 : 65536 416128 0 0 0 0 0 0 0 
_1.ptx 1471 : 65536 489056 0 0 0 0 0 0 0 
_1.ptx 648 : 65536 418816 0 0 0 0 0 0 0 
_1.ptx 1472 : 65536 426176 0 0 0 0 0 0 0 
_1.ptx 649 : 65536 545248 0 0 0 0 0 0 0 
_1.ptx 1473 : 65536 739104 0 0 0 0 0 0 0 
_1.ptx 650 : 65536 423008 0 0 0 0 0 0 0 
_1.ptx 1474 : 65536 488000 0 0 0 0 0 0 0 
_1.ptx 651 : 65536 738144 0 0 0 0 0 0 0 
_1.ptx 1475 : 65536 486816 0 0 0 0 0 0 0 
_1.ptx 652 : 65536 419328 0 0 0 0 0 0 0 
_1.ptx 1476 : 65536 542656 0 0 0 0 0 0 0 
_1.ptx 653 : 65536 734080 0 0 0 0 0 0 0 
_1.ptx 1477 : 65536 4223968 256 0 0 0 0 0 0 
_1.ptx 654 : 65536 1879424 128 0 0 0 0 0 0 
_1.ptx 1478 : 65536 490688 0 0 0 0 0 0 0 
_1.ptx 655 : 65536 1661664 0 0 0 0 0 0 0 
_1.ptx 1479 : 65536 430560 0 0 0 0 0 0 0 
_1.ptx 656 : 65536 543648 0 0 0 0 0 0 0 
_1.ptx 1480 : 65536 740672 0 0 0 0 0 0 0 
_1.ptx 657 : 65536 487808 0 0 0 0 0 0 0 
_1.ptx 1481 : 65536 493184 0 0 0 0 0 0 0 
_1.ptx 658 : 65536 546144 0 0 0 0 0 0 0 
_1.ptx 1482 : 65536 486688 0 0 0 0 0 0 0 
_1.ptx 659 : 65536 491392 0 0 0 0 0 0 0 
_1.ptx 1483 : 65536 4821248 256 0 0 0 0 0 0 
_1.ptx 660 : 65536 553888 0 0 0 0 0 0 0 
_1.ptx 1484 : 65536 493760 0 0 0 0 0 0 0 
_1.ptx 661 : 65536 423456 0 0 0 0 0 0 0 
_1.ptx 1485 : 65536 434496 0 0 0 0 0 0 0 
_1.ptx 662 : 65536 546848 0 0 0 0 0 0 0 
_1.ptx 1486 : 65536 741408 0 0 0 0 0 0 0 
_1.ptx 663 : 65536 0 0 0 0 0 0 0 0 
_1.ptx 1487 : 65536 489472 0 0 0 0 0 0 0 
_1.ptx 1488 : 65536 489824 0 0 0 0 0 0 0 
_1.ptx 665 : 65536 818368 0 0 0 0 0 0 0 
_1.ptx 1489 : 65536 544480 0 0 0 0 0 0 0 
_1.ptx 666 : 65536 695648 0 0 0 0 0 0 0 
_1.ptx 1490 : 65536 543936 0 0 0 0 0 0 0 
_1.ptx 667 : 65536 735680 0 0 0 0 0 0 0 
_1.ptx 1491 : 65536 737888 0 0 0 0 0 0 0 
_1.ptx 668 : 65536 491296 0 0 0 0 0 0 0 
_1.ptx 1492 : 65536 550912 0 0 0 4096 2048 0 0 
_1.ptx 669 : 65536 713312 0 0 0 0 0 0 0 
_1.ptx 670 : 65536 742112 0 0 0 0 0 0 0 
_1.ptx 671 : 65536 426016 0 0 0 0 0 0 0 
_1.ptx 1495 : 65536 412032 0 0 0 0 0 0 0 
_1.ptx 672 : 65536 1544704 175040 0 0 4096 2048 0 0 
_1.ptx 674 : 65536 2908224 128 0 0 0 0 0 0 
_1.ptx 675 : 65536 2704288 0 0 0 0 0 0 0 
_1.ptx 676 : 65536 556064 0 0 0 0 0 0 0 
_1.ptx 678 : 65536 407104 0 0 0 0 0 0 0 
_1.ptx 679 : 65536 435488 0 0 0 0 0 0 0 
_1.ptx 680 : 65536 747136 0 0 0 0 0 0 0 
_1.ptx 681 : 65536 1349376 0 0 0 0 0 0 0 
_1.ptx 682 : 65536 544320 0 0 0 0 0 0 0 
_1.ptx 683 : 65536 532416 0 0 0 0 0 0 0 
_1.ptx 684 : 65536 542656 0 0 0 0 0 0 0 
_1.ptx 685 : 65536 755296 0 0 0 0 0 0 0 
_1.ptx 686 : 65536 462432 0 0 0 0 0 0 0 
_1.ptx 687 : 65536 763808 0 0 0 0 0 0 0 
_1.ptx 688 : 65536 519360 0 0 0 0 0 0 0 
_1.ptx 689 : 65536 520064 0 0 0 0 0 0 0 
_1.ptx 690 : 65536 521440 0 0 0 0 0 0 0 
_1.ptx 691 : 65536 452576 0 0 0 0 0 0 0 
_1.ptx 692 : 65536 3156736 0 0 0 0 0 0 0 
_1.ptx 693 : 65536 427328 0 0 0 0 0 0 0 
_1.ptx 694 : 65536 746304 0 0 0 0 0 0 0 
_1.ptx 695 : 65536 758688 0 0 0 0 0 0 0 
_1.ptx 696 : 65536 439520 0 0 0 0 0 0 0 
_1.ptx 697 : 65536 758144 0 0 0 0 0 0 0 
_1.ptx 698 : 65536 745440 0 0 0 0 0 0 0 
_1.ptx 699 : 65536 583200 0 0 0 0 0 0 0 
_1.ptx 700 : 65536 742144 0 0 0 0 0 0 0 
_1.ptx 701 : 65536 418208 0 0 0 0 0 0 0 
_1.ptx 702 : 65536 742752 0 0 0 0 0 0 0 
_1.ptx 703 : 65536 424512 0 0 0 0 0 0 0 
_1.ptx 704 : 65536 743232 0 0 0 0 0 0 0 
_1.ptx 705 : 65536 437472 0 0 0 0 0 0 0 
_1.ptx 706 : 65536 743712 0 0 0 0 0 0 0 
_1.ptx 707 : 65536 376832 0 0 0 0 0 0 0 
_1.ptx 708 : 65536 742016 0 0 0 0 0 0 0 
_1.ptx 709 : 65536 420960 0 0 0 0 0 0 0 
_1.ptx 710 : 65536 757152 0 0 0 0 0 0 0 
_1.ptx 711 : 65536 778272 0 0 0 0 0 0 0 
_1.ptx 712 : 65536 789440 0 0 0 0 0 0 0 
_1.ptx 713 : 65536 793664 0 0 0 0 0 0 0 
_1.ptx 714 : 65536 794560 0 0 0 0 0 0 0 
_1.ptx 715 : 65536 806400 0 0 0 0 0 0 0 
_1.ptx 716 : 65536 825920 0 0 0 0 0 0 0 
_1.ptx 717 : 65536 800480 0 0 0 0 0 0 0 
_1.ptx 718 : 65536 795616 0 0 0 0 0 0 0 
_1.ptx 719 : 65536 793600 0 0 0 0 0 0 0 
_1.ptx 720 : 65536 786048 0 0 0 0 0 0 0 
_1.ptx 721 : 65536 786816 0 0 0 0 0 0 0 
_1.ptx 722 : 65536 788704 0 0 0 0 0 0 0 
_1.ptx 723 : 65536 796064 0 0 0 0 0 0 0 
_1.ptx 724 : 65536 647968 0 0 0 0 0 0 0 
_1.ptx 725 : 65536 622528 0 0 0 0 0 0 0 
_1.ptx 726 : 65536 1862880 0 0 0 0 0 0 0 
_1.ptx 727 : 65536 770432 0 0 0 0 0 0 0 
_1.ptx 728 : 65536 774624 0 0 0 0 0 0 0 
_1.ptx 729 : 65536 787552 0 0 0 0 0 0 0 
_1.ptx 731 : 65536 457248 0 0 0 0 0 0 0 
_1.ptx 733 : 65536 499872 0 0 0 0 0 0 0 
_1.ptx 734 : 65536 509344 0 0 0 0 0 0 0 
_1.ptx 735 : 65536 495584 0 0 0 0 0 0 0 
_1.ptx 736 : 65536 492896 0 0 0 0 0 0 0 
_1.ptx 738 : 127467 1006508 0 0 0 0 0 0 0 
_1.ptx 739 : 127467 886355 0 0 0 0 0 0 0 
_1.ptx 740 : 127467 853249 0 0 0 0 0 0 0 
_1.ptx 744 : 509868 3776538 256 0 0 17236 17236 0 0 
_1.ptx 745 : 509868 3615341 0 0 0 17236 17236 0 0 
_1.ptx 746 : 509868 3964981 128 0 0 17236 17236 0 0 
_1.ptx 747 : 509868 2891718 0 0 0 17236 17236 0 0 
_1.ptx 748 : 509868 2704375 128 0 0 17236 17236 0 0 
_1.ptx 749 : 509868 3425504 0 0 0 0 0 0 0 
_1.ptx 750 : 509868 4419555 0 0 0 0 0 0 0 
_1.ptx 751 : 509868 2715171 0 0 0 0 0 0 0 
_1.ptx 753 : 127467 988132 0 0 0 0 0 0 0 
_1.ptx 754 : 127467 868825 0 0 0 0 0 0 0 
_1.ptx 755 : 127467 1084244 0 0 0 0 0 0 0 
_1.ptx 756 : 127467 868294 0 0 0 0 0 0 0 
_1.ptx 761 : 127467 1452519 0 0 0 0 0 0 0 
_1.ptx 762 : 127467 6215199 0 0 0 0 0 0 0 
_1.ptx 763 : 127467 844219 0 0 0 0 0 0 0 
_1.ptx 764 : 127467 858223 0 0 0 0 0 0 0 
_1.ptx 765 : 127467 1085076 0 0 0 0 0 0 0 
_1.ptx 766 : 127467 1210753 0 0 0 0 0 0 0 
_1.ptx 769 : 127467 1015093 0 0 0 0 0 0 0 
_1.ptx 770 : 127467 894362 0 0 0 0 0 0 0 
_1.ptx 773 : 382401 4485172 0 0 0 0 0 0 0 
_1.ptx 774 : 382401 1286623 0 0 0 0 0 0 0 
_1.ptx 775 : 382401 4527402 0 0 0 0 0 0 0 
_1.ptx 776 : 382401 4525351 0 0 0 0 0 0 0 
_1.ptx 777 : 382401 4567716 0 0 0 0 0 0 0 
_1.ptx 778 : 382401 4590158 0 0 0 0 0 0 0 
_1.ptx 779 : 382401 4597110 0 0 0 0 0 0 0 
_1.ptx 780 : 382401 4590290 0 0 0 0 0 0 0 
_1.ptx 781 : 382401 3761504 0 0 0 0 0 0 0 
_1.ptx 782 : 382401 3842155 0 0 0 0 0 0 0 
_1.ptx 783 : 382401 3731818 0 0 0 0 0 0 0 
_1.ptx 784 : 382401 3834291 0 0 0 0 0 0 0 
_1.ptx 785 : 382401 3398437 0 0 0 0 0 0 0 
_1.ptx 786 : 382401 3171837 0 0 0 0 0 0 0 
_1.ptx 787 : 382401 2780656 0 0 0 0 0 0 0 
_1.ptx 788 : 382401 3393255 0 0 0 0 0 0 0 
_1.ptx 789 : 382401 3160491 0 0 0 0 0 0 0 
_1.ptx 790 : 382401 3413482 0 0 0 0 0 0 0 
_1.ptx 791 : 382401 2789578 0 0 0 0 0 0 0 
_1.ptx 792 : 382401 3397618 0 0 0 0 0 0 0 
_1.ptx 793 : 382401 2001936 0 0 0 0 0 0 1523 
_1.ptx 794 : 105477 781178 0 0 0 0 0 0 0 
_1.ptx 795 : 105477 774211 0 0 0 0 0 0 0 
_1.ptx 797 : 276924 3279985 0 0 0 0 0 0 0 
_1.ptx 798 : 276924 3268599 0 0 0 0 0 0 0 
_1.ptx 799 : 276924 2439746 0 0 0 0 0 0 0 
_1.ptx 800 : 276924 139529 0 0 0 0 0 0 715 
_1.ptx 801 : 257599 1874777 0 0 0 0 0 0 0 
_1.ptx 802 : 257599 1890898 0 0 0 0 0 0 0 
_1.ptx 805 : 19325 225585 0 0 0 0 0 0 0 
_1.ptx 806 : 19325 349951 0 0 0 0 0 0 0 
_1.ptx 807 : 19325 226920 0 0 0 0 0 0 0 
_1.ptx 808 : 19325 230920 0 0 0 0 0 0 0 
_1.ptx 809 : 19325 185612 0 0 0 0 0 0 0 
_1.ptx 813 : 382401 3174486 0 0 0 0 0 0 0 
_1.ptx 815 : 509868 3630959 0 0 0 0 0 0 0 
_1.ptx 816 : 509868 4417555 0 0 0 0 0 0 0 
_1.ptx 817 : 509868 4101001 0 0 0 0 0 0 0 
_1.ptx 818 : 509868 4415302 0 0 0 0 0 0 0 
_1.ptx 819 : 509868 4109150 0 0 0 0 0 0 0 
_1.ptx 820 : 509868 4478340 0 0 0 0 0 0 0 
_1.ptx 821 : 509868 3583777 0 0 0 0 0 0 0 
_1.ptx 822 : 509868 4445307 0 0 0 0 0 0 0 
