kernel line : count latency dram_traffic smem_bk_conflicts smem_warp gmem_access_generated gmem_warp exposed_latency warp_divergence
_1.ptx 823 : 509868 3069042 0 0 0 0 0 0 1125 
_1.ptx 825 : 74702 595437 0 0 0 0 0 0 0 
_1.ptx 827 : 74702 615173 0 0 0 0 0 0 0 
_1.ptx 829 : 509868 5570922 0 0 0 0 0 0 0 
_1.ptx 830 : 509868 5612442 0 0 0 0 0 0 0 
_1.ptx 831 : 509868 3799351 0 0 0 0 0 0 0 
_1.ptx 832 : 509868 4477835 0 0 0 0 0 0 0 
_1.ptx 833 : 509868 2667016 0 0 0 0 0 0 0 
_1.ptx 834 : 127467 912634 0 0 0 0 0 0 0 
_1.ptx 835 : 127467 1103267 0 0 0 0 0 0 0 
_1.ptx 836 : 127467 1028984 0 0 0 0 0 0 0 
_1.ptx 837 : 127467 896566 0 0 0 0 0 0 0 
_1.ptx 838 : 127467 1099787 0 0 0 0 0 0 0 
_1.ptx 839 : 127467 1009228 0 0 0 0 0 0 0 
_1.ptx 840 : 127467 1101951 0 0 0 0 0 0 0 
_1.ptx 841 : 127467 893966 0 0 0 0 0 0 0 
_1.ptx 842 : 127467 1096392 0 0 0 0 0 0 0 
_1.ptx 843 : 127467 444107 0 0 0 0 0 0 631 
_1.ptx 845 : 62282 685744 0 0 0 0 0 0 0 
_1.ptx 847 : 62282 512923 0 0 0 0 0 0 0 
_1.ptx 848 : 62282 492188 0 0 0 0 0 0 0 
_1.ptx 849 : 62282 826392 0 0 0 0 0 0 0 
_1.ptx 850 : 62282 719063 0 0 0 0 0 0 0 
_1.ptx 851 : 62282 306874 0 0 0 2349 2349 0 0 
_1.ptx 852 : 62282 309907 0 0 0 2349 2349 0 0 
_1.ptx 853 : 62282 308771 0 0 0 2544 2349 0 0 
_1.ptx 854 : 62282 313063 0 0 0 2544 2349 0 0 
_1.ptx 855 : 62282 301044 0 0 0 2544 2349 0 0 
_1.ptx 856 : 62282 307827 0 0 0 2544 2349 0 0 
_1.ptx 857 : 62282 299211 0 0 0 2544 2349 0 0 
_1.ptx 859 : 62282 704187 0 0 0 0 0 0 0 
_1.ptx 860 : 62282 709285 0 0 0 0 0 0 0 
_1.ptx 861 : 62282 711550 0 0 0 0 0 0 0 
_1.ptx 862 : 62282 724093 0 0 0 0 0 0 0 
_1.ptx 863 : 62282 735403 0 0 0 0 0 0 0 
_1.ptx 864 : 62282 721914 0 0 0 0 0 0 0 
_1.ptx 865 : 62282 326275 0 0 0 2544 2349 0 0 
_1.ptx 866 : 62282 439474 0 0 0 0 0 0 0 
_1.ptx 867 : 62282 538141 0 0 0 0 0 0 0 
_1.ptx 868 : 62282 131153 0 0 0 0 0 0 305 
_1.ptx 870 : 43133 310286 0 0 0 0 0 0 0 
_1.ptx 871 : 43133 306814 0 0 0 0 0 0 0 
_1.ptx 872 : 43133 310608 0 0 0 0 0 0 0 
_1.ptx 873 : 43133 299773 0 0 0 0 0 0 0 
_1.ptx 875 : 19149 69753 0 0 0 0 0 0 0 
_1.ptx 876 : 19149 220870 0 0 0 0 0 0 0 
_1.ptx 877 : 19149 220181 0 0 0 0 0 0 0 
_1.ptx 878 : 19149 224021 0 0 0 0 0 0 0 
_1.ptx 879 : 19149 225520 0 0 0 0 0 0 0 
_1.ptx 880 : 19149 228609 0 0 0 0 0 0 0 
_1.ptx 881 : 19149 183702 0 0 0 0 0 0 0 
_1.ptx 882 : 19149 185782 0 0 0 0 0 0 0 
_1.ptx 883 : 19149 623761 0 0 0 0 0 0 0 
_1.ptx 884 : 19149 248198 0 0 0 0 0 0 0 
_1.ptx 885 : 19149 242244 0 0 0 0 0 0 0 
_1.ptx 886 : 19149 243053 0 0 0 0 0 0 0 
_1.ptx 888 : 62282 731219 0 0 0 0 0 0 0 
_1.ptx 889 : 62282 729482 0 0 0 0 0 0 0 
_1.ptx 890 : 62282 743724 0 0 0 0 0 0 0 
_1.ptx 891 : 62282 766565 0 0 0 0 0 0 0 
_1.ptx 892 : 62282 616090 0 0 0 0 0 0 0 
_1.ptx 893 : 62282 605388 0 0 0 0 0 0 0 
_1.ptx 894 : 62282 2016494 0 0 0 0 0 0 0 
_1.ptx 895 : 62282 728041 0 0 0 0 0 0 0 
_1.ptx 896 : 62282 726720 0 0 0 0 0 0 0 
_1.ptx 897 : 62282 732357 0 0 0 0 0 0 0 
_1.ptx 898 : 62282 718106 0 0 0 0 0 0 0 
_1.ptx 899 : 62282 600976 0 0 0 0 0 0 0 
_1.ptx 900 : 62282 599604 0 0 0 0 0 0 0 
_1.ptx 901 : 62282 428500 0 0 0 0 0 0 0 
_1.ptx 902 : 62282 540066 0 0 0 0 0 0 0 
_1.ptx 903 : 62282 434170 0 0 0 0 0 0 0 
_1.ptx 910 : 62282 491608 0 0 0 0 0 0 0 
_1.ptx 911 : 62282 494384 0 0 0 0 0 0 0 
_1.ptx 912 : 62282 504101 0 0 0 0 0 0 0 
_1.ptx 915 : 62282 448879 0 0 0 0 0 0 0 
_1.ptx 916 : 62282 725702 0 0 0 0 0 0 0 
_1.ptx 917 : 62282 488940 0 0 0 0 0 0 0 
_1.ptx 918 : 62282 991403 0 0 0 0 0 0 0 
_1.ptx 919 : 62282 710593 0 0 0 0 0 0 0 
_1.ptx 920 : 62282 552206 0 0 0 0 0 0 0 
_1.ptx 921 : 62282 414457 0 0 0 0 0 0 0 
_1.ptx 922 : 62282 711265 0 0 0 0 0 0 0 
_1.ptx 923 : 62282 778997 0 0 0 0 0 0 0 
_1.ptx 924 : 62282 411684 0 0 0 0 0 0 0 
_1.ptx 925 : 62282 709726 0 0 0 0 0 0 0 
_1.ptx 926 : 62282 955690 0 0 0 0 0 0 0 
_1.ptx 927 : 62282 407256 0 0 0 0 0 0 0 
_1.ptx 928 : 62282 718440 0 0 0 0 0 0 0 
_1.ptx 929 : 62282 1006915 0 0 0 0 0 0 0 
_1.ptx 931 : 62282 413223 0 0 0 0 0 0 0 
_1.ptx 932 : 62282 716627 0 0 0 0 0 0 0 
_1.ptx 933 : 62282 423622 0 0 0 0 0 0 0 
_1.ptx 934 : 62282 714105 0 0 0 0 0 0 0 
_1.ptx 935 : 62282 413334 0 0 0 0 0 0 0 
_1.ptx 936 : 62282 716251 0 0 0 0 0 0 0 
_1.ptx 937 : 62282 747456 0 0 0 0 0 0 0 
_1.ptx 938 : 62282 601840 0 0 0 0 0 0 0 
_1.ptx 939 : 62282 594583 0 0 0 0 0 0 0 
_1.ptx 940 : 62282 2282355 0 0 0 0 0 0 0 
_1.ptx 941 : 62282 755853 0 0 0 0 0 0 0 
_1.ptx 942 : 62282 762060 0 0 0 0 0 0 0 
_1.ptx 943 : 62282 789551 0 0 0 0 0 0 0 
_1.ptx 944 : 62282 777699 0 0 0 0 0 0 0 
_1.ptx 945 : 62282 600372 0 0 0 0 0 0 0 
_1.ptx 946 : 62282 597731 0 0 0 0 0 0 0 
_1.ptx 947 : 62282 439047 0 0 0 0 0 0 0 
_1.ptx 948 : 62282 543137 0 0 0 0 0 0 0 
_1.ptx 949 : 62282 37087 0 0 0 0 0 0 318 
_1.ptx 951 : 56815 445754 0 0 0 0 0 0 0 
_1.ptx 952 : 56815 357535 0 0 0 0 0 0 0 
_1.ptx 955 : 220903 1060328 0 0 0 8579 8579 0 0 
_1.ptx 956 : 220903 1094344 0 0 0 8579 8579 0 0 
_1.ptx 957 : 220903 1063420 0 0 0 8579 8579 0 0 
_1.ptx 958 : 220903 1048857 0 0 0 8579 8579 0 0 
_1.ptx 959 : 220903 1476760 0 0 0 0 0 0 0 
_1.ptx 960 : 220903 1896255 0 0 0 0 0 0 0 
_1.ptx 961 : 220903 1148248 0 0 0 0 0 0 0 
_1.ptx 963 : 56815 436424 0 0 0 0 0 0 0 
_1.ptx 964 : 56815 381051 0 0 0 0 0 0 0 
_1.ptx 965 : 56815 478766 0 0 0 0 0 0 0 
_1.ptx 966 : 56815 371241 0 0 0 0 0 0 0 
_1.ptx 971 : 56815 362686 0 0 0 0 0 0 0 
_1.ptx 972 : 56815 526359 0 0 0 0 0 0 0 
_1.ptx 973 : 56815 640551 0 0 0 0 0 0 0 
_1.ptx 974 : 56815 3296753 0 0 0 0 0 0 0 
_1.ptx 976 : 56815 373187 0 0 0 0 0 0 0 
_1.ptx 977 : 56815 377140 0 0 0 0 0 0 0 
_1.ptx 978 : 56815 489891 0 0 0 0 0 0 0 
_1.ptx 979 : 56815 531238 0 0 0 0 0 0 0 
_1.ptx 982 : 56815 442277 0 0 0 0 0 0 0 
_1.ptx 983 : 56815 386277 0 0 0 0 0 0 0 
_1.ptx 986 : 164088 749213 0 0 0 6402 6402 0 0 
_1.ptx 987 : 164088 623264 0 0 0 0 0 0 0 
_1.ptx 988 : 164088 1939301 0 0 0 0 0 0 0 
_1.ptx 989 : 164088 1156838 0 0 0 0 0 0 0 
_1.ptx 990 : 164088 1948155 0 0 0 0 0 0 0 
_1.ptx 991 : 164088 1182243 0 0 0 0 0 0 0 
_1.ptx 992 : 164088 1952450 0 0 0 0 0 0 0 
_1.ptx 993 : 164088 1205906 0 0 0 0 0 0 0 
_1.ptx 994 : 164088 1948381 0 0 0 0 0 0 0 
_1.ptx 995 : 164088 1947740 0 0 0 0 0 0 0 
_1.ptx 996 : 164088 1987150 0 0 0 0 0 0 0 
_1.ptx 997 : 164088 1985447 0 0 0 0 0 0 0 
_1.ptx 998 : 164088 1986777 0 0 0 0 0 0 0 
_1.ptx 999 : 164088 1980822 0 0 0 0 0 0 0 
_1.ptx 1000 : 164088 1997707 0 0 0 0 0 0 0 
_1.ptx 1001 : 164088 2016418 0 0 0 0 0 0 0 
_1.ptx 1002 : 164088 1670607 0 0 0 0 0 0 0 
_1.ptx 1003 : 164088 1661825 0 0 0 0 0 0 0 
_1.ptx 1004 : 164088 1988032 0 0 0 0 0 0 0 
_1.ptx 1005 : 164088 1643257 0 0 0 0 0 0 0 
_1.ptx 1006 : 164088 1641263 0 0 0 0 0 0 0 
_1.ptx 1007 : 164088 2006188 0 0 0 0 0 0 0 
_1.ptx 1008 : 164088 1501256 0 0 0 0 0 0 0 
_1.ptx 1009 : 164088 1394436 0 0 0 0 0 0 0 
_1.ptx 1010 : 164088 1182818 0 0 0 0 0 0 0 
_1.ptx 1011 : 164088 1463939 0 0 0 0 0 0 0 
_1.ptx 1012 : 164088 1357802 0 0 0 0 0 0 0 
_1.ptx 1013 : 164088 1473545 0 0 0 0 0 0 0 
_1.ptx 1014 : 164088 1204362 0 0 0 0 0 0 0 
_1.ptx 1015 : 164088 1463876 0 0 0 0 0 0 0 
_1.ptx 1016 : 164088 835600 0 0 0 0 0 0 965 
_1.ptx 1017 : 50431 372715 0 0 0 0 0 0 0 
_1.ptx 1018 : 50431 370408 0 0 0 0 0 0 0 
_1.ptx 1020 : 113657 1351062 0 0 0 0 0 0 0 
_1.ptx 1021 : 113657 1353998 0 0 0 0 0 0 0 
_1.ptx 1022 : 113657 1021218 0 0 0 0 0 0 0 
_1.ptx 1023 : 113657 43708 0 0 0 0 0 0 344 
_1.ptx 1024 : 107587 805875 0 0 0 0 0 0 0 
_1.ptx 1025 : 107587 808802 0 0 0 0 0 0 0 
_1.ptx 1028 : 6070 71972 0 0 0 0 0 0 0 
_1.ptx 1029 : 6070 118692 0 0 0 0 0 0 0 
_1.ptx 1030 : 6070 71932 0 0 0 0 0 0 0 
_1.ptx 1031 : 6070 74277 0 0 0 0 0 0 0 
_1.ptx 1032 : 6070 59583 0 0 0 0 0 0 0 
_1.ptx 1036 : 164088 1375879 0 0 0 0 0 0 0 
_1.ptx 1039 : 220903 1599051 0 0 0 0 0 0 0 
_1.ptx 1040 : 220903 1931957 0 0 0 0 0 0 0 
_1.ptx 1041 : 220903 1517496 0 0 0 0 0 0 370 
_1.ptx 1042 : 6068 71653 0 0 0 0 0 0 0 
_1.ptx 1043 : 6068 71457 0 0 0 0 0 0 0 
_1.ptx 1044 : 6068 74680 0 0 0 0 0 0 0 
_1.ptx 1045 : 6068 72430 0 0 0 0 0 0 0 
_1.ptx 1046 : 6068 72378 0 0 0 0 0 0 0 
_1.ptx 1047 : 6068 73112 0 0 0 0 0 0 0 
_1.ptx 1048 : 6068 73806 0 0 0 0 0 0 0 
_1.ptx 1049 : 6068 59967 0 0 0 0 0 0 0 
_1.ptx 1050 : 6068 59941 0 0 0 0 0 0 0 
_1.ptx 1051 : 6068 54980 0 0 0 0 0 0 0 
_1.ptx 1052 : 6068 44433 0 0 0 0 0 0 0 
_1.ptx 1057 : 220903 2405574 0 0 0 0 0 0 0 
_1.ptx 1058 : 220903 2412862 0 0 0 0 0 0 0 
_1.ptx 1059 : 220903 1676608 0 0 0 0 0 0 0 
_1.ptx 1060 : 220903 1937047 0 0 0 0 0 0 0 
_1.ptx 1061 : 220903 375827 0 0 0 0 0 0 0 
_1.ptx 1062 : 169119 1242509 0 0 0 0 0 0 0 
_1.ptx 1063 : 169119 1462661 0 0 0 0 0 0 0 
_1.ptx 1064 : 169119 1139068 0 0 0 0 0 0 295 
_1.ptx 1065 : 5031 36188 0 0 0 0 0 0 0 
_1.ptx 1067 : 51784 376233 0 0 0 0 0 0 0 
_1.ptx 1068 : 51784 462156 0 0 0 0 0 0 0 
_1.ptx 1071 : 56815 43328 0 0 0 0 0 0 318 
_1.ptx 1073 : 50745 601809 0 0 0 0 0 0 0 
_1.ptx 1074 : 50745 607589 0 0 0 0 0 0 0 
_1.ptx 1075 : 50745 608138 0 0 0 0 0 0 0 
_1.ptx 1076 : 50745 643243 0 0 0 0 0 0 0 
_1.ptx 1077 : 50745 502689 0 0 0 0 0 0 0 
_1.ptx 1078 : 50745 498688 0 0 0 0 0 0 0 
_1.ptx 1079 : 50745 1212381 0 0 0 0 0 0 0 
_1.ptx 1081 : 50745 373933 0 0 0 0 0 0 0 
_1.ptx 1082 : 50745 1078101 0 0 0 0 0 0 0 
_1.ptx 1083 : 50745 409867 0 0 0 0 0 0 0 
_1.ptx 1084 : 50745 733944 0 0 0 0 0 0 0 
_1.ptx 1085 : 50745 652010 0 0 0 0 0 0 0 
_1.ptx 1086 : 50745 604950 0 0 0 0 0 0 0 
_1.ptx 1087 : 50745 376807 0 0 0 0 0 0 0 
_1.ptx 1088 : 50745 365322 0 0 0 0 0 0 0 
_1.ptx 1089 : 50745 586439 0 0 0 0 0 0 0 
_1.ptx 1090 : 50745 598882 0 0 0 0 0 0 0 
_1.ptx 1091 : 50745 604304 0 0 0 0 0 0 0 
_1.ptx 1092 : 50745 354566 0 0 0 0 0 0 0 
_1.ptx 1093 : 50745 364582 0 0 0 0 0 0 0 
_1.ptx 1094 : 50745 595040 0 0 0 0 0 0 0 
_1.ptx 1095 : 50745 604281 0 0 0 0 0 0 0 
_1.ptx 1096 : 50745 609343 0 0 0 0 0 0 0 
_1.ptx 1097 : 50745 614542 0 0 0 0 0 0 0 
_1.ptx 1098 : 50745 364483 0 0 0 0 0 0 0 
_1.ptx 1099 : 50745 592839 0 0 0 0 0 0 0 
_1.ptx 1100 : 50745 493761 0 0 0 0 0 0 0 
_1.ptx 1101 : 50745 685875 0 0 0 0 0 0 0 
_1.ptx 1103 : 50745 586708 0 0 0 0 0 0 0 
_1.ptx 1104 : 50745 594440 0 0 0 0 0 0 0 
_1.ptx 1105 : 50745 591303 0 0 0 0 0 0 0 
_1.ptx 1106 : 50745 503808 0 0 0 0 0 0 0 
_1.ptx 1107 : 50745 613088 0 0 0 0 0 0 0 
_1.ptx 1108 : 50745 511080 0 0 0 0 0 0 0 
_1.ptx 1109 : 50745 385922 0 0 0 0 0 0 0 
_1.ptx 1110 : 50745 1101374 0 0 0 0 0 0 0 
_1.ptx 1111 : 50745 422318 0 0 0 0 0 0 0 
_1.ptx 1112 : 50745 1110083 0 0 0 0 0 0 0 
_1.ptx 1113 : 50745 429813 0 0 0 0 0 0 0 
_1.ptx 1114 : 50745 473907 0 0 0 0 0 0 0 
_1.ptx 1115 : 50745 376720 0 0 0 0 0 0 0 
_1.ptx 1121 : 50745 416553 0 0 0 0 0 0 0 
_1.ptx 1122 : 50745 369815 0 0 0 0 0 0 0 
_1.ptx 1123 : 50745 435812 0 0 0 0 0 0 0 
_1.ptx 1124 : 50745 0 0 0 0 0 0 0 0 
_1.ptx 1125 : 50745 325678 0 0 0 0 0 0 0 
_1.ptx 1133 : 50745 322725 0 0 0 0 0 0 0 
_1.ptx 1134 : 50745 423063 0 0 0 0 0 0 0 
_1.ptx 1135 : 50745 335591 0 0 0 0 0 0 0 
_1.ptx 1140 : 50745 330172 0 0 0 0 0 0 0 
_1.ptx 1141 : 50745 424849 0 0 0 0 0 0 0 
_1.ptx 1142 : 50745 337453 0 0 0 0 0 0 0 
_1.ptx 1157 : 50745 330093 0 0 0 0 0 0 0 
_1.ptx 1158 : 50745 427098 0 0 0 0 0 0 0 
_1.ptx 1159 : 50745 331511 0 0 0 0 0 0 0 
_1.ptx 1181 : 50745 325233 0 0 0 0 0 0 0 
_1.ptx 1182 : 50745 425561 0 0 0 0 0 0 0 
_1.ptx 1183 : 50745 328483 0 0 0 0 0 0 0 
_1.ptx 1196 : 50745 376774 0 0 0 0 0 0 0 
_1.ptx 1197 : 50745 379588 0 0 0 0 0 0 0 
_1.ptx 1198 : 50745 385412 0 0 0 0 0 0 0 
_1.ptx 1199 : 50745 391279 0 0 0 0 0 0 0 
_1.ptx 1200 : 50745 348103 0 0 0 0 0 0 0 
_1.ptx 1201 : 50745 430993 0 0 0 0 0 0 0 
_1.ptx 1202 : 50745 334997 0 0 0 0 0 0 0 
_1.ptx 1213 : 50745 426168 0 0 0 0 0 0 0 
_1.ptx 1216 : 50745 583068 0 0 0 0 0 0 0 
_1.ptx 1218 : 50745 429493 0 0 0 0 0 0 0 
_1.ptx 1219 : 50745 407059 0 0 0 0 0 0 0 
_1.ptx 1220 : 50745 402836 0 0 0 0 0 0 0 
_1.ptx 1221 : 50745 411072 0 0 0 0 0 0 0 
_1.ptx 1222 : 50745 362368 0 0 0 0 0 0 0 
_1.ptx 1223 : 50745 446097 0 0 0 0 0 0 0 
_1.ptx 1224 : 50745 212553 0 0 0 0 0 0 727 
_1.ptx 1226 : 21083 159437 0 0 0 0 0 0 0 
_1.ptx 1227 : 21083 249642 0 0 0 0 0 0 0 
_1.ptx 1229 : 21083 237453 0 0 0 0 0 0 0 
_1.ptx 1232 : 50745 390932 0 0 0 0 0 0 0 
_1.ptx 1233 : 50745 597765 0 0 0 0 0 0 0 
_1.ptx 1234 : 50745 331605 0 0 0 0 0 0 0 
_1.ptx 1235 : 50745 587695 0 0 0 0 0 0 0 
_1.ptx 1236 : 50745 615260 0 0 0 0 0 0 0 
_1.ptx 1237 : 50745 474299 0 0 0 0 0 0 0 
_1.ptx 1238 : 50745 2514527 0 0 0 0 0 0 0 
_1.ptx 1239 : 50745 409505 0 0 0 0 0 0 0 
_1.ptx 1240 : 50745 620474 0 0 0 0 0 0 0 
_1.ptx 1241 : 50745 410803 0 0 0 0 0 0 0 
_1.ptx 1242 : 50745 413967 0 0 0 0 0 0 0 
_1.ptx 1243 : 50745 410894 0 0 0 0 0 0 0 
_1.ptx 1244 : 50745 409327 0 0 0 0 0 0 0 
_1.ptx 1245 : 50745 410942 0 0 0 0 0 0 0 
_1.ptx 1246 : 50745 586880 0 0 0 0 0 0 0 
_1.ptx 1247 : 50745 590517 0 0 0 0 0 0 0 
_1.ptx 1248 : 50745 598670 0 0 0 0 0 0 0 
_1.ptx 1249 : 50745 480982 0 0 0 0 0 0 0 
_1.ptx 1250 : 50745 485190 0 0 0 0 0 0 0 
_1.ptx 1252 : 50745 617549 0 0 0 0 0 0 0 
_1.ptx 1253 : 50745 647105 0 0 0 0 0 0 0 
_1.ptx 1254 : 50745 451087 0 0 0 0 0 0 0 
_1.ptx 1255 : 50745 452893 0 0 0 0 0 0 0 
_1.ptx 1256 : 50745 527591 0 0 0 0 0 0 0 
_1.ptx 1257 : 50745 406369 0 0 0 0 0 0 0 
_1.ptx 1258 : 50745 518357 0 0 0 0 0 0 0 
_1.ptx 1259 : 50745 626482 0 0 0 0 0 0 0 
_1.ptx 1260 : 50745 627953 0 0 0 0 0 0 0 
_1.ptx 1261 : 50745 618696 0 0 0 0 0 0 0 
_1.ptx 1262 : 50745 613516 0 0 0 0 0 0 0 
_1.ptx 1263 : 50745 606128 0 0 0 0 0 0 0 
_1.ptx 1264 : 50745 600858 0 0 0 0 0 0 0 
_1.ptx 1265 : 50745 598828 0 0 0 0 0 0 0 
_1.ptx 1266 : 50745 595360 0 0 0 0 0 0 0 
_1.ptx 1267 : 50745 568500 0 0 0 0 0 0 0 
_1.ptx 1269 : 50745 579413 0 0 0 0 0 0 0 
_1.ptx 1271 : 50745 593210 0 0 0 0 0 0 0 
_1.ptx 1272 : 50745 624274 0 0 0 0 0 0 0 
_1.ptx 1274 : 50745 488895 0 0 0 0 0 0 0 
_1.ptx 1275 : 50745 443459 0 0 0 0 0 0 0 
_1.ptx 1276 : 50745 627532 0 0 0 0 0 0 0 
_1.ptx 1277 : 50745 630496 0 0 0 0 0 0 0 
_1.ptx 1279 : 50745 430684 0 0 0 0 0 0 0 
_1.ptx 1280 : 50745 619874 0 0 0 0 0 0 0 
_1.ptx 1281 : 50745 627847 0 0 0 0 0 0 0 
_1.ptx 1282 : 50745 614024 0 0 0 0 0 0 0 
_1.ptx 1283 : 50745 604288 0 0 0 0 0 0 0 
_1.ptx 1284 : 50745 602024 0 0 0 0 0 0 0 
_1.ptx 1286 : 50745 604447 0 0 0 0 0 0 0 
_1.ptx 1288 : 50745 371403 0 0 0 0 0 0 0 
_1.ptx 1289 : 50745 590602 0 0 0 0 0 0 0 
_1.ptx 1290 : 50745 595654 0 0 0 0 0 0 0 
_1.ptx 1291 : 50745 475808 0 0 0 0 0 0 0 
_1.ptx 1292 : 50745 644062 0 0 0 0 0 0 0 
_1.ptx 1293 : 50745 403900 0 0 0 0 0 0 0 
_1.ptx 1294 : 50745 493808 0 0 0 0 0 0 0 
_1.ptx 1295 : 50745 362380 0 0 0 0 0 0 0 
_1.ptx 1296 : 50745 489752 0 0 0 0 0 0 0 
_1.ptx 1297 : 50745 357414 0 0 0 0 0 0 0 
_1.ptx 1298 : 50745 491284 0 0 0 0 0 0 0 
_1.ptx 1299 : 50745 357331 0 0 0 0 0 0 0 
_1.ptx 1300 : 50745 491669 0 0 0 0 0 0 0 
_1.ptx 1301 : 50745 603167 0 0 0 0 0 0 0 
_1.ptx 1303 : 50745 420668 0 0 0 0 0 0 0 
_1.ptx 1304 : 50745 594620 0 0 0 0 0 0 0 
_1.ptx 1305 : 50745 590772 0 0 0 0 0 0 0 
_1.ptx 1307 : 50745 380800 0 0 0 0 0 0 0 
_1.ptx 1308 : 50745 388460 0 0 0 0 0 0 0 
_1.ptx 1309 : 50745 403494 0 0 0 0 0 0 0 
_1.ptx 1310 : 50745 361470 0 0 0 0 0 0 0 
_1.ptx 1311 : 50745 423396 0 0 0 0 0 0 0 
_1.ptx 1312 : 50745 325433 0 0 0 0 0 0 0 
_1.ptx 1321 : 50745 385359 0 0 0 0 0 0 0 
_1.ptx 1322 : 50745 341704 0 0 0 0 0 0 0 
_1.ptx 1323 : 50745 573120 0 0 0 0 0 0 0 
_1.ptx 1324 : 50745 412340 0 0 0 0 0 0 0 
_1.ptx 1325 : 50745 364452 0 0 0 0 0 0 0 
_1.ptx 1326 : 50745 368442 0 0 0 0 0 0 0 
_1.ptx 1327 : 50745 2717332 0 0 0 0 0 0 0 
_1.ptx 1328 : 50745 315379 0 0 0 0 0 0 0 
_1.ptx 1329 : 50745 331025 0 0 0 0 0 0 0 
_1.ptx 1330 : 50745 477927 0 0 0 0 0 0 0 
_1.ptx 1331 : 50745 485200 0 0 0 0 0 0 0 
_1.ptx 1332 : 50745 353094 0 0 0 0 0 0 0 
_1.ptx 1333 : 50745 663415 0 0 0 0 0 0 0 
_1.ptx 1334 : 50745 3657629 0 0 0 0 0 0 0 
_1.ptx 1335 : 50745 588027 0 0 0 0 0 0 0 
_1.ptx 1336 : 50745 327039 0 0 0 0 0 0 0 
_1.ptx 1337 : 50745 431654 0 0 0 0 0 0 0 
_1.ptx 1338 : 50745 474671 0 0 0 0 0 0 0 
_1.ptx 1339 : 50745 330445 0 0 0 0 0 0 0 
_1.ptx 1340 : 50745 427079 0 0 0 0 0 0 0 
_1.ptx 1341 : 50745 470050 0 0 0 0 0 0 0 
_1.ptx 1343 : 50745 380981 0 0 0 0 0 0 0 
_1.ptx 1344 : 50745 324680 0 0 0 0 0 0 0 
_1.ptx 1345 : 50745 432369 0 0 0 0 0 0 0 
_1.ptx 1346 : 50745 0 0 0 0 0 0 0 0 
_1.ptx 1348 : 50745 482998 0 0 0 0 0 0 0 
_1.ptx 1351 : 50745 422490 0 0 0 0 0 0 0 
_1.ptx 1352 : 50745 370033 0 0 0 0 0 0 0 
_1.ptx 1353 : 50745 413391 0 0 0 0 0 0 0 
_1.ptx 1354 : 50745 417854 0 0 0 0 0 0 0 
_1.ptx 1355 : 50745 375422 0 0 0 0 0 0 0 
_1.ptx 1356 : 50745 611418 0 0 0 0 0 0 0 
_1.ptx 1357 : 50745 609110 0 0 0 0 0 0 0 
_1.ptx 1358 : 50745 426881 0 0 0 0 0 0 0 
_1.ptx 1359 : 50745 364250 0 0 0 0 0 0 0 
_1.ptx 1360 : 50745 438704 0 0 0 0 0 0 0 
_1.ptx 1361 : 50745 398641 0 0 0 0 0 0 0 
_1.ptx 1362 : 50745 429054 0 0 0 0 0 0 0 
_1.ptx 1363 : 50745 322484 0 0 0 0 0 0 0 
_1.ptx 1364 : 50745 422873 0 0 0 0 0 0 0 
_1.ptx 1365 : 50745 329198 0 0 0 0 0 0 0 
_1.ptx 1372 : 50745 385830 0 0 0 0 0 0 0 
_1.ptx 1375 : 50745 342334 0 0 0 0 0 0 0 
_1.ptx 1376 : 50745 577297 0 0 0 0 0 0 0 
_1.ptx 1377 : 50745 581177 0 0 0 0 0 0 0 
_1.ptx 1378 : 50745 558174 0 0 0 0 0 0 0 
_1.ptx 1380 : 50745 573241 0 0 0 0 0 0 0 
_1.ptx 1381 : 50745 730743 0 0 0 0 0 0 0 
_1.ptx 1383 : 50745 581056 0 0 0 0 0 0 0 
_1.ptx 1384 : 50745 858642 0 0 0 0 0 0 0 
_1.ptx 1388 : 62282 713866 0 0 0 0 0 0 0 
_1.ptx 1389 : 62282 730001 0 0 0 0 0 0 0 
_1.ptx 1390 : 62282 725904 0 0 0 0 0 0 0 
_1.ptx 1391 : 62282 764545 0 0 0 0 0 0 0 
_1.ptx 1392 : 62282 739228 0 0 0 0 0 0 0 
_1.ptx 1393 : 62282 777208 0 0 0 0 0 0 0 
_1.ptx 1395 : 62282 738960 0 0 0 0 0 0 0 
_1.ptx 1396 : 62282 758837 0 0 0 0 0 0 0 
_1.ptx 1397 : 62282 751841 0 0 0 0 0 0 0 
_1.ptx 1398 : 62282 789920 0 0 0 0 0 0 0 
_1.ptx 1399 : 62282 636790 0 0 0 0 0 0 0 
_1.ptx 1400 : 62282 614358 0 0 0 0 0 0 0 
_1.ptx 1401 : 62282 2594423 0 0 0 0 0 0 0 
_1.ptx 1402 : 62282 744717 0 0 0 0 0 0 0 
_1.ptx 1403 : 62282 749566 0 0 0 0 0 0 0 
_1.ptx 1404 : 62282 760873 0 0 0 0 0 0 0 
_1.ptx 1405 : 62282 493378 0 0 0 0 0 0 0 
_1.ptx 1406 : 62282 491643 0 0 0 0 0 0 0 
_1.ptx 1408 : 62282 429654 0 0 0 0 0 0 0 
_1.ptx 1409 : 62282 591228 0 0 0 0 0 0 0 
_1.ptx 1410 : 62282 423654 0 0 0 0 0 0 0 
_1.ptx 1411 : 62282 590410 0 0 0 0 0 0 0 
_1.ptx 1412 : 62282 425579 0 0 0 0 0 0 0 
_1.ptx 1413 : 62282 613203 0 0 0 0 0 0 0 
_1.ptx 1416 : 127467 1411099 0 0 0 0 0 0 0 
_1.ptx 1417 : 127467 961187 0 0 0 0 0 0 0 
_1.ptx 1418 : 127467 1105423 0 0 0 0 0 0 0 
_1.ptx 1419 : 127467 7020 0 0 0 0 0 0 0 
_1.ptx 1420 : 126435 1088773 0 0 0 0 0 0 0 
_1.ptx 1421 : 126435 424403 0 0 0 0 0 0 550 
_1.ptx 1424 : 65536 713216 0 0 0 0 0 0 0 
_1.ptx 1425 : 65536 518880 0 0 0 0 0 0 0 
_1.ptx 1426 : 65536 429024 0 0 0 0 0 0 0 
_1.ptx 1427 : 65536 550112 0 0 0 0 0 0 0 
_1.ptx 604 : 65536 410272 0 0 0 0 0 0 0 
_1.ptx 1428 : 65536 364452 0 0 0 0 0 0 218 
_1.ptx 605 : 65536 511648 38400 0 0 0 0 0 0 
_1.ptx 1429 : 10434 80220 0 0 0 0 0 0 0 
_1.ptx 606 : 65536 406496 0 0 0 0 0 0 0 
_1.ptx 1430 : 10434 79868 0 0 0 0 0 0 0 
_1.ptx 607 : 65536 930272 38400 0 0 0 0 0 0 
_1.ptx 1431 : 10434 121400 0 0 0 0 0 0 0 
_1.ptx 608 : 65536 407424 0 0 0 0 0 0 0 
_1.ptx 1432 : 10434 119980 0 0 0 0 0 0 0 
_1.ptx 609 : 65536 918176 38400 0 0 0 0 0 0 
_1.ptx 1433 : 10434 81112 0 0 0 0 0 0 0 
_1.ptx 610 : 65536 408864 0 0 0 0 0 0 0 
_1.ptx 611 : 65536 1305760 38400 0 0 0 0 0 0 
_1.ptx 612 : 65536 411072 0 0 0 0 0 0 0 
_1.ptx 613 : 65536 1302112 38400 0 0 0 0 0 0 
_1.ptx 1437 : 15923 2059962 0 0 0 0 0 0 0 
_1.ptx 614 : 65536 410208 0 0 0 0 0 0 0 
_1.ptx 1438 : 15923 2194740 0 0 0 0 0 0 0 
_1.ptx 615 : 65536 1426752 38400 0 0 0 0 0 0 
_1.ptx 1439 : 15923 2449824 0 0 0 0 0 0 0 
_1.ptx 616 : 65536 412576 0 0 0 0 0 0 0 
_1.ptx 1440 : 15923 2473434 0 0 0 0 0 0 0 
_1.ptx 617 : 65536 1671488 38400 0 0 0 0 0 0 
_1.ptx 1441 : 15923 2415052 0 0 0 0 0 0 0 
_1.ptx 618 : 65536 412096 0 0 0 0 0 0 0 
_1.ptx 1442 : 15923 2533185 0 0 0 0 0 0 0 
_1.ptx 619 : 65536 1796160 38400 0 0 0 0 0 0 
_1.ptx 1443 : 15923 2439579 0 0 0 0 0 0 0 
_1.ptx 620 : 65536 412064 0 0 0 0 0 0 0 
_1.ptx 1444 : 15923 2545124 0 0 0 0 0 0 0 
_1.ptx 621 : 65536 1817248 38400 0 0 0 0 0 0 
_1.ptx 1445 : 15923 101159 0 0 0 0 0 0 0 
_1.ptx 622 : 65536 410976 0 0 0 0 0 0 0 
_1.ptx 1446 : 15923 147956 0 0 0 0 0 0 0 
_1.ptx 623 : 65536 1904800 38400 0 0 0 0 0 0 
_1.ptx 1447 : 15923 146619 0 0 0 0 0 0 0 
_1.ptx 624 : 65536 411424 0 0 0 0 0 0 0 
_1.ptx 1448 : 15923 100947 0 0 0 0 0 0 0 
_1.ptx 625 : 65536 1992768 38400 0 0 0 0 0 0 
_1.ptx 1449 : 15923 147804 0 0 0 0 0 0 0 
_1.ptx 626 : 65536 421312 0 0 0 0 0 0 0 
_1.ptx 1450 : 15923 147080 0 0 0 0 0 0 0 
_1.ptx 627 : 65536 1387712 38400 0 0 0 0 0 0 
_1.ptx 1451 : 15923 101134 0 0 0 0 0 0 0 
_1.ptx 628 : 65536 415136 0 0 0 0 0 0 0 
_1.ptx 1452 : 15923 147922 0 0 0 0 0 0 0 
_1.ptx 629 : 65536 1434048 38400 0 0 0 0 0 0 
_1.ptx 1453 : 15923 137745 0 0 0 0 0 0 0 
_1.ptx 630 : 65536 416512 0 0 0 0 0 0 0 
_1.ptx 1454 : 15923 101164 0 0 0 0 0 0 0 
_1.ptx 631 : 65536 1599744 38400 0 0 0 0 0 0 
_1.ptx 1455 : 15923 147156 0 0 0 0 0 0 0 
_1.ptx 632 : 65536 417120 0 0 0 0 0 0 0 
_1.ptx 1456 : 15923 134214 0 0 0 0 0 0 0 
_1.ptx 633 : 65536 1542048 38400 0 0 0 0 0 0 
_1.ptx 1457 : 15923 165549 0 0 0 0 0 0 0 
_1.ptx 634 : 65536 415168 0 0 0 0 0 0 0 
_1.ptx 1458 : 15923 165797 0 0 0 0 0 0 0 
_1.ptx 635 : 65536 1650272 38400 0 0 0 0 0 0 
_1.ptx 1459 : 15923 108493 0 0 0 0 0 0 0 
_1.ptx 636 : 65536 414560 0 0 0 0 0 0 0 
_1.ptx 1460 : 15923 134058 0 0 0 0 0 0 0 
_1.ptx 637 : 65536 1737952 38400 0 0 0 0 0 0 
_1.ptx 1461 : 15923 34807 0 0 0 0 0 0 386 
_1.ptx 638 : 65536 414752 0 0 0 0 0 0 0 
_1.ptx 639 : 65536 1867584 38400 0 0 0 0 0 0 
_1.ptx 640 : 65536 414592 0 0 0 0 0 0 0 
_1.ptx 1464 : 65536 13899872 0 0 0 4096 2048 0 0 
_1.ptx 641 : 65536 1758336 38400 0 0 0 0 0 0 
_1.ptx 1465 : 65536 5337184 0 0 0 0 0 0 0 
_1.ptx 642 : 65536 418496 0 0 0 0 0 0 0 
_1.ptx 1466 : 65536 490016 0 0 0 0 0 0 0 
_1.ptx 643 : 65536 1472704 38400 0 0 0 0 0 0 
_1.ptx 1467 : 65536 424864 0 0 0 0 0 0 0 
_1.ptx 644 : 65536 419936 0 0 0 0 0 0 0 
_1.ptx 1468 : 65536 738912 0 0 0 0 0 0 0 
_1.ptx 645 : 65536 426752 0 0 0 0 0 0 0 
_1.ptx 1469 : 65536 486752 0 0 0 0 0 0 0 
_1.ptx 646 : 65536 551040 0 0 0 0 0 0 0 
_1.ptx 1470 : 65536 4938048 0 0 0 0 0 0 0 
_1.ptx 647 : 65536 422624 0 0 0 0 0 0 0 
_1.ptx 1471 : 65536 490784 0 0 0 0 0 0 0 
_1.ptx 648 : 65536 427424 0 0 0 0 0 0 0 
_1.ptx 1472 : 65536 424768 0 0 0 0 0 0 0 
_1.ptx 649 : 65536 547968 0 0 0 0 0 0 0 
_1.ptx 1473 : 65536 738624 0 0 0 0 0 0 0 
_1.ptx 650 : 65536 425824 0 0 0 0 0 0 0 
_1.ptx 1474 : 65536 489504 0 0 0 0 0 0 0 
_1.ptx 651 : 65536 738048 0 0 0 0 0 0 0 
_1.ptx 1475 : 65536 490176 0 0 0 0 0 0 0 
_1.ptx 652 : 65536 422400 0 0 0 0 0 0 0 
_1.ptx 1476 : 65536 542464 0 0 0 0 0 0 0 
_1.ptx 653 : 65536 735456 0 0 0 0 0 0 0 
_1.ptx 1477 : 65536 3692768 0 0 0 0 0 0 0 
_1.ptx 654 : 65536 1841248 128 0 0 0 0 0 0 
_1.ptx 1478 : 65536 490528 0 0 0 0 0 0 0 
_1.ptx 655 : 65536 1618592 0 0 0 0 0 0 0 
_1.ptx 1479 : 65536 428864 0 0 0 0 0 0 0 
_1.ptx 656 : 65536 545952 0 0 0 0 0 0 0 
_1.ptx 1480 : 65536 741312 0 0 0 0 0 0 0 
_1.ptx 657 : 65536 488672 0 0 0 0 0 0 0 
_1.ptx 1481 : 65536 497728 0 0 0 0 0 0 0 
_1.ptx 658 : 65536 544992 0 0 0 0 0 0 0 
_1.ptx 1482 : 65536 487936 0 0 0 0 0 0 0 
_1.ptx 659 : 65536 491040 0 0 0 0 0 0 0 
_1.ptx 1483 : 65536 4489120 0 0 0 0 0 0 0 
_1.ptx 660 : 65536 554144 0 0 0 0 0 0 0 
_1.ptx 1484 : 65536 492768 0 0 0 0 0 0 0 
_1.ptx 661 : 65536 425696 0 0 0 0 0 0 0 
_1.ptx 1485 : 65536 431424 0 0 0 0 0 0 0 
_1.ptx 662 : 65536 548896 0 0 0 0 0 0 0 
_1.ptx 1486 : 65536 740544 0 0 0 0 0 0 0 
_1.ptx 663 : 65536 0 0 0 0 0 0 0 0 
_1.ptx 1487 : 65536 491200 0 0 0 0 0 0 0 
_1.ptx 1488 : 65536 489792 0 0 0 0 0 0 0 
_1.ptx 665 : 65536 810400 0 0 0 0 0 0 0 
_1.ptx 1489 : 65536 543904 0 0 0 0 0 0 0 
_1.ptx 666 : 65536 748416 0 0 0 0 0 0 0 
_1.ptx 1490 : 65536 546208 0 0 0 0 0 0 0 
_1.ptx 667 : 65536 739456 0 0 0 0 0 0 0 
_1.ptx 1491 : 65536 739104 0 0 0 0 0 0 0 
_1.ptx 668 : 65536 493312 0 0 0 0 0 0 0 
_1.ptx 1492 : 65536 565920 0 0 0 4096 2048 0 0 
_1.ptx 669 : 65536 724000 0 0 0 0 0 0 0 
_1.ptx 670 : 65536 744704 0 0 0 0 0 0 0 
_1.ptx 671 : 65536 431616 0 0 0 0 0 0 0 
_1.ptx 1495 : 65536 414144 0 0 0 0 0 0 0 
_1.ptx 672 : 65536 1520704 170240 0 0 4096 2048 0 0 
_1.ptx 674 : 65536 2255424 128 0 0 0 0 0 0 
_1.ptx 675 : 65536 2058784 0 0 0 0 0 0 0 
_1.ptx 676 : 65536 714368 0 0 0 0 0 0 0 
_1.ptx 678 : 65536 404928 0 0 0 0 0 0 0 
_1.ptx 679 : 65536 570976 0 0 0 0 0 0 0 
_1.ptx 680 : 65536 750400 0 0 0 0 0 0 0 
_1.ptx 681 : 65536 1348480 0 0 0 0 0 0 0 
_1.ptx 682 : 65536 542144 0 0 0 0 0 0 0 
_1.ptx 683 : 65536 536896 0 0 0 0 0 0 0 
_1.ptx 684 : 65536 527968 0 0 0 0 0 0 0 
_1.ptx 685 : 65536 758624 0 0 0 0 0 0 0 
_1.ptx 686 : 65536 515968 0 0 0 0 0 0 0 
_1.ptx 687 : 65536 766112 0 0 0 0 0 0 0 
_1.ptx 688 : 65536 521632 0 0 0 0 0 0 0 
_1.ptx 689 : 65536 519872 0 0 0 0 0 0 0 
_1.ptx 690 : 65536 523872 0 0 0 0 0 0 0 
_1.ptx 691 : 65536 453216 0 0 0 0 0 0 0 
_1.ptx 692 : 65536 3143776 0 0 0 0 0 0 0 
_1.ptx 693 : 65536 425792 0 0 0 0 0 0 0 
_1.ptx 694 : 65536 745568 0 0 0 0 0 0 0 
_1.ptx 695 : 65536 758400 0 0 0 0 0 0 0 
_1.ptx 696 : 65536 441440 0 0 0 0 0 0 0 
_1.ptx 697 : 65536 751840 0 0 0 0 0 0 0 
_1.ptx 698 : 65536 747072 0 0 0 0 0 0 0 
_1.ptx 699 : 65536 539808 0 0 0 0 0 0 0 
_1.ptx 700 : 65536 744320 0 0 0 0 0 0 0 
_1.ptx 701 : 65536 444064 0 0 0 0 0 0 0 
_1.ptx 702 : 65536 743776 0 0 0 0 0 0 0 
_1.ptx 703 : 65536 441504 0 0 0 0 0 0 0 
_1.ptx 704 : 65536 743872 0 0 0 0 0 0 0 
_1.ptx 705 : 65536 466368 0 0 0 0 0 0 0 
_1.ptx 706 : 65536 743552 0 0 0 0 0 0 0 
_1.ptx 707 : 65536 444128 0 0 0 0 0 0 0 
_1.ptx 708 : 65536 745120 0 0 0 0 0 0 0 
_1.ptx 709 : 65536 413952 0 0 0 0 0 0 0 
_1.ptx 710 : 65536 758624 0 0 0 0 0 0 0 
_1.ptx 711 : 65536 773120 0 0 0 0 0 0 0 
_1.ptx 712 : 65536 784000 0 0 0 0 0 0 0 
_1.ptx 713 : 65536 794400 0 0 0 0 0 0 0 
_1.ptx 714 : 65536 795680 0 0 0 0 0 0 0 
_1.ptx 715 : 65536 809056 0 0 0 0 0 0 0 
_1.ptx 716 : 65536 816000 0 0 0 0 0 0 0 
_1.ptx 717 : 65536 802496 0 0 0 0 0 0 0 
_1.ptx 718 : 65536 799008 0 0 0 0 0 0 0 
_1.ptx 719 : 65536 796768 0 0 0 0 0 0 0 
_1.ptx 720 : 65536 789120 0 0 0 0 0 0 0 
_1.ptx 721 : 65536 788608 0 0 0 0 0 0 0 
_1.ptx 722 : 65536 783072 0 0 0 0 0 0 0 
_1.ptx 723 : 65536 798528 0 0 0 0 0 0 0 
_1.ptx 724 : 65536 647712 0 0 0 0 0 0 0 
_1.ptx 725 : 65536 622656 0 0 0 0 0 0 0 
_1.ptx 726 : 65536 1852352 0 0 0 0 0 0 0 
_1.ptx 727 : 65536 773984 0 0 0 0 0 0 0 
_1.ptx 728 : 65536 771264 0 0 0 0 0 0 0 
_1.ptx 729 : 65536 781376 0 0 0 0 0 0 0 
_1.ptx 731 : 65536 453568 0 0 0 0 0 0 0 
_1.ptx 733 : 65536 505312 0 0 0 0 0 0 0 
_1.ptx 734 : 65536 512416 0 0 0 0 0 0 0 
_1.ptx 735 : 65536 498880 0 0 0 0 0 0 0 
_1.ptx 736 : 65536 495488 0 0 0 0 0 0 0 
_1.ptx 738 : 127467 1009206 0 0 0 0 0 0 0 
_1.ptx 739 : 127467 886560 0 0 0 0 0 0 0 
_1.ptx 740 : 127467 855650 0 0 0 0 0 0 0 
_1.ptx 744 : 509868 3454741 128 0 0 17236 17236 0 0 
_1.ptx 745 : 509868 3314624 0 0 0 17236 17236 0 0 
_1.ptx 746 : 509868 3826924 128 0 0 17236 17236 0 0 
_1.ptx 747 : 509868 3114864 0 0 0 17236 17236 0 0 
_1.ptx 748 : 509868 2837964 0 0 0 17236 17236 0 0 
_1.ptx 749 : 509868 3433912 0 0 0 0 0 0 0 
_1.ptx 750 : 509868 4445336 0 0 0 0 0 0 0 
_1.ptx 751 : 509868 2718233 0 0 0 0 0 0 0 
_1.ptx 753 : 127467 986489 0 0 0 0 0 0 0 
_1.ptx 754 : 127467 873570 0 0 0 0 0 0 0 
_1.ptx 755 : 127467 1088519 0 0 0 0 0 0 0 
_1.ptx 756 : 127467 873986 0 0 0 0 0 0 0 
_1.ptx 761 : 127467 1457163 0 0 0 0 0 0 0 
_1.ptx 762 : 127467 6206392 0 0 0 0 0 0 0 
_1.ptx 763 : 127467 848001 0 0 0 0 0 0 0 
_1.ptx 764 : 127467 863194 0 0 0 0 0 0 0 
_1.ptx 765 : 127467 1081152 0 0 0 0 0 0 0 
_1.ptx 766 : 127467 1210747 0 0 0 0 0 0 0 
_1.ptx 769 : 127467 1015995 0 0 0 0 0 0 0 
_1.ptx 770 : 127467 892301 0 0 0 0 0 0 0 
_1.ptx 773 : 382401 4491532 0 0 0 0 0 0 0 
_1.ptx 774 : 382401 1292186 0 0 0 0 0 0 0 
_1.ptx 775 : 382401 4533211 0 0 0 0 0 0 0 
_1.ptx 776 : 382401 4530038 0 0 0 0 0 0 0 
_1.ptx 777 : 382401 4568803 0 0 0 0 0 0 0 
_1.ptx 778 : 382401 4577859 0 0 0 0 0 0 0 
_1.ptx 779 : 382401 4588107 0 0 0 0 0 0 0 
_1.ptx 780 : 382401 4590624 0 0 0 0 0 0 0 
_1.ptx 781 : 382401 3754372 0 0 0 0 0 0 0 
_1.ptx 782 : 382401 3838653 0 0 0 0 0 0 0 
_1.ptx 783 : 382401 3730833 0 0 0 0 0 0 0 
_1.ptx 784 : 382401 3831772 0 0 0 0 0 0 0 
_1.ptx 785 : 382401 3401150 0 0 0 0 0 0 0 
_1.ptx 786 : 382401 3178210 0 0 0 0 0 0 0 
_1.ptx 787 : 382401 2786543 0 0 0 0 0 0 0 
_1.ptx 788 : 382401 3398125 0 0 0 0 0 0 0 
_1.ptx 789 : 382401 3157916 0 0 0 0 0 0 0 
_1.ptx 790 : 382401 3407098 0 0 0 0 0 0 0 
_1.ptx 791 : 382401 2791519 0 0 0 0 0 0 0 
_1.ptx 792 : 382401 3397218 0 0 0 0 0 0 0 
_1.ptx 793 : 382401 2001004 0 0 0 0 0 0 1523 
_1.ptx 794 : 105477 786008 0 0 0 0 0 0 0 
_1.ptx 795 : 105477 770719 0 0 0 0 0 0 0 
_1.ptx 797 : 276924 3269639 0 0 0 0 0 0 0 
_1.ptx 798 : 276924 3272151 0 0 0 0 0 0 0 
_1.ptx 799 : 276924 2445196 0 0 0 0 0 0 0 
_1.ptx 800 : 276924 142444 0 0 0 0 0 0 715 
_1.ptx 801 : 257599 1874131 0 0 0 0 0 0 0 
_1.ptx 802 : 257599 1893778 0 0 0 0 0 0 0 
_1.ptx 805 : 19325 227273 0 0 0 0 0 0 0 
_1.ptx 806 : 19325 367901 0 0 0 0 0 0 0 
_1.ptx 807 : 19325 227480 0 0 0 0 0 0 0 
_1.ptx 808 : 19325 232075 0 0 0 0 0 0 0 
_1.ptx 809 : 19325 185733 0 0 0 0 0 0 0 
_1.ptx 813 : 382401 3181081 0 0 0 0 0 0 0 
_1.ptx 815 : 509868 3648055 0 0 0 0 0 0 0 
_1.ptx 816 : 509868 4419343 0 0 0 0 0 0 0 
_1.ptx 817 : 509868 4103879 0 0 0 0 0 0 0 
_1.ptx 818 : 509868 4416243 0 0 0 0 0 0 0 
_1.ptx 819 : 509868 4108547 0 0 0 0 0 0 0 
_1.ptx 820 : 509868 4481478 0 0 0 0 0 0 0 
_1.ptx 821 : 509868 3576109 0 0 0 0 0 0 0 
_1.ptx 822 : 509868 4445263 0 0 0 0 0 0 0 
