kernel line : count latency dram_traffic smem_bk_conflicts smem_warp gmem_access_generated gmem_warp exposed_latency warp_divergence
_1.ptx 200 : 61440 427040 0 0 0 0 0 0 0 
_1.ptx 68 : 61440 406720 0 0 0 0 0 0 0 
_1.ptx 69 : 61440 414240 0 0 0 0 0 0 0 
_1.ptx 70 : 61440 1325696 0 0 0 0 0 0 0 
_1.ptx 71 : 61440 393088 0 0 0 0 0 0 0 
_1.ptx 72 : 61440 708416 0 0 0 0 0 0 0 
_1.ptx 73 : 61440 492448 0 0 0 0 0 0 0 
_1.ptx 74 : 61440 7157504 256 0 0 0 0 0 0 
_1.ptx 75 : 61440 541600 0 0 0 0 0 0 0 
_1.ptx 76 : 61440 0 0 0 0 0 0 0 0 
_1.ptx 77 : 61440 3325088 0 0 0 0 0 0 0 
_1.ptx 78 : 61440 438304 0 0 0 0 0 0 0 
_1.ptx 79 : 61440 782752 0 0 0 0 0 0 0 
_1.ptx 80 : 61440 451008 0 0 0 0 0 0 0 
_1.ptx 81 : 61440 1381312 0 0 0 0 0 0 0 
_1.ptx 82 : 61440 483168 0 0 0 0 0 0 0 
_1.ptx 83 : 61440 1367296 0 0 0 0 0 0 0 
_1.ptx 84 : 61440 472416 0 0 0 0 0 0 0 
_1.ptx 85 : 61440 3535040 0 0 0 0 0 0 0 
_1.ptx 86 : 61440 582688 0 0 0 0 0 0 0 
_1.ptx 87 : 61440 3095040 0 0 0 0 0 0 0 
_1.ptx 88 : 61440 706560 0 0 0 0 0 0 0 
_1.ptx 89 : 61440 1456032 0 0 0 0 0 0 0 
_1.ptx 90 : 61440 3239040 0 0 0 0 0 0 0 
_1.ptx 91 : 61440 709696 0 0 0 0 0 0 0 
_1.ptx 92 : 61440 3090368 0 0 0 0 0 0 0 
_1.ptx 93 : 61440 710880 0 0 0 0 0 0 0 
_1.ptx 94 : 61440 3395776 0 0 0 0 0 0 0 
_1.ptx 95 : 61440 711168 0 0 0 0 0 0 0 
_1.ptx 96 : 61440 3400032 0 0 0 0 0 0 0 
_1.ptx 97 : 61440 709120 0 0 0 0 0 0 0 
_1.ptx 101 : 2000000 2034603488 14268928 0 0 62500 62500 0 0 
_1.ptx 102 : 2000000 2011817824 14247680 0 0 62500 62500 0 0 
_1.ptx 103 : 2000000 2012921280 14332416 0 0 62500 62500 0 0 
_1.ptx 104 : 2000000 23211200 0 0 0 0 0 0 0 
_1.ptx 105 : 2000000 126873280 0 0 0 0 0 0 0 
_1.ptx 106 : 2000000 52725440 0 0 0 0 0 0 0 
_1.ptx 107 : 2000000 15104512 0 0 0 0 0 0 0 
_1.ptx 108 : 2000000 54207968 0 0 0 0 0 0 0 
_1.ptx 109 : 2000000 23283936 0 0 0 0 0 0 0 
_1.ptx 110 : 2000000 12824448 0 0 0 0 0 0 0 
_1.ptx 111 : 2000000 23331904 0 0 0 0 0 0 0 
_1.ptx 112 : 2000000 12990368 0 0 0 0 0 0 0 
_1.ptx 113 : 2000000 23161312 0 0 0 0 0 0 0 
_1.ptx 114 : 2000000 54371712 0 0 0 0 0 0 0 
_1.ptx 115 : 2000000 18542880 0 0 0 0 0 0 0 
_1.ptx 116 : 2000000 23052000 0 0 0 0 0 0 0 
_1.ptx 117 : 2000000 116373216 0 0 0 0 0 0 0 
_1.ptx 118 : 2000000 22722560 0 0 0 0 0 0 0 
_1.ptx 119 : 2000000 22719200 0 0 0 0 0 0 0 
_1.ptx 120 : 2000000 12849248 0 0 0 0 0 0 0 
_1.ptx 121 : 2000000 16876352 0 0 0 0 0 0 0 
_1.ptx 122 : 2000000 13056096 0 0 0 0 0 0 0 
_1.ptx 123 : 2000000 22961600 0 0 0 0 0 0 0 
_1.ptx 124 : 2000000 16393376 0 0 0 0 0 0 0 
_1.ptx 125 : 2000000 13642720 0 0 0 0 0 0 0 
_1.ptx 126 : 2000000 16830816 0 0 0 0 0 0 0 
_1.ptx 127 : 2000000 13379392 0 0 0 0 0 0 0 
_1.ptx 128 : 2000000 22877600 0 0 0 0 0 0 0 
_1.ptx 129 : 2000000 15229696 0 0 0 0 0 0 0 
_1.ptx 130 : 2000000 23228064 0 0 0 0 0 0 0 
_1.ptx 131 : 2000000 13654112 0 0 0 0 0 0 0 
_1.ptx 132 : 2000000 13855200 0 0 0 0 0 0 0 
_1.ptx 133 : 2000000 19086208 0 0 0 0 0 0 0 
_1.ptx 134 : 2000000 23635008 0 0 0 0 0 0 0 
_1.ptx 135 : 2000000 13995264 0 0 0 0 0 0 0 
_1.ptx 136 : 2000000 14206112 0 0 0 0 0 0 0 
_1.ptx 137 : 2000000 18594304 0 0 0 0 0 0 0 
_1.ptx 138 : 2000000 12855456 0 0 0 0 0 0 0 
_1.ptx 139 : 2000000 23027456 0 0 0 0 0 0 0 
_1.ptx 140 : 2000000 53681184 0 0 0 0 0 0 0 
_1.ptx 141 : 2000000 13040288 0 0 0 0 0 0 0 
_1.ptx 142 : 2000000 23114400 0 0 0 0 0 0 0 
_1.ptx 143 : 2000000 66353536 0 0 0 0 0 0 0 
_1.ptx 144 : 2000000 67294080 0 0 0 0 0 0 0 
_1.ptx 145 : 2000000 13038816 0 0 0 0 0 0 0 
_1.ptx 146 : 2000000 13278848 0 0 0 0 0 0 0 
_1.ptx 147 : 2000000 18640608 0 0 0 0 0 0 0 
_1.ptx 148 : 2000000 75234656 0 0 0 0 0 0 0 
_1.ptx 149 : 2000000 13333440 0 0 0 0 0 0 0 
_1.ptx 150 : 2000000 13452224 0 0 0 0 0 0 0 
_1.ptx 151 : 2000000 18585920 0 0 0 0 0 0 0 
_1.ptx 152 : 2000000 12876544 0 0 0 0 0 0 0 
_1.ptx 153 : 2000000 23115040 0 0 0 0 0 0 0 
_1.ptx 154 : 2000000 12886240 0 0 0 0 0 0 0 
_1.ptx 155 : 2000000 18588896 0 0 0 0 0 0 0 
_1.ptx 156 : 2000000 12838912 0 0 0 0 0 0 0 
_1.ptx 157 : 2000000 23061696 0 0 0 0 0 0 0 
_1.ptx 158 : 2000000 12846016 0 0 0 0 0 0 0 
_1.ptx 159 : 2000000 18589024 0 0 0 0 0 0 0 
_1.ptx 160 : 2000000 12817664 0 0 0 0 0 0 0 
_1.ptx 161 : 2000000 18557888 0 0 0 0 0 0 0 
_1.ptx 162 : 2000000 12800032 0 0 0 0 0 0 0 
_1.ptx 163 : 2000000 18658624 0 0 0 0 0 0 0 
_1.ptx 164 : 2000000 12808576 0 0 0 0 0 0 0 
_1.ptx 165 : 2000000 18547616 0 0 0 0 0 0 0 
_1.ptx 166 : 2000000 12799968 0 0 0 0 0 0 0 
_1.ptx 167 : 2000000 18544256 0 0 0 0 0 0 0 
_1.ptx 168 : 2000000 23058208 0 0 0 0 0 0 0 
_1.ptx 169 : 2000000 22872128 0 0 0 0 0 0 0 
_1.ptx 170 : 2000000 22990528 0 0 0 0 0 0 0 
_1.ptx 171 : 2000000 23075872 0 0 0 0 0 0 0 
_1.ptx 172 : 2000000 12905312 0 0 0 0 0 0 0 
_1.ptx 173 : 2000000 22722400 0 0 0 0 0 0 0 
_1.ptx 174 : 2000000 12884864 0 0 0 0 0 0 0 
_1.ptx 175 : 2000000 22569056 0 0 0 0 0 0 0 
_1.ptx 176 : 2000000 18622016 0 0 0 0 0 0 0 
_1.ptx 177 : 2000000 18538688 0 0 0 0 0 0 0 
_1.ptx 178 : 2000000 22889728 0 0 0 0 0 0 0 
_1.ptx 179 : 2000000 23023328 0 0 0 0 0 0 0 
_1.ptx 180 : 2000000 22591584 0 0 0 0 0 0 0 
_1.ptx 181 : 2000000 144551648 7575296 0 0 62500 62500 0 0 
_1.ptx 182 : 2000000 13254752 0 0 0 0 0 0 0 
_1.ptx 183 : 2000000 23052864 0 0 0 0 0 0 0 
_1.ptx 184 : 2000000 23890912 0 0 0 0 0 0 0 
_1.ptx 185 : 2000000 13949120 0 0 0 0 0 0 0 
_1.ptx 186 : 2000000 22976416 0 0 0 0 0 0 0 
_1.ptx 187 : 2000000 23463296 0 0 0 0 0 0 0 
_1.ptx 188 : 2000000 22813504 0 0 0 0 0 0 0 
_1.ptx 189 : 2000000 161598272 7546368 0 0 62500 62500 0 0 
_1.ptx 190 : 2000000 22817312 0 0 0 0 0 0 0 
_1.ptx 191 : 2000000 23080544 0 0 0 0 0 0 0 
_1.ptx 192 : 2000000 23382656 0 0 0 0 0 0 0 
_1.ptx 193 : 2000000 23737952 0 0 0 0 0 0 0 
_1.ptx 194 : 2000000 24277920 0 0 0 0 0 0 0 
_1.ptx 195 : 2000000 24053696 0 0 0 0 0 0 0 
_1.ptx 196 : 2000000 18454624 0 0 0 0 0 0 0 
_1.ptx 197 : 2000000 13503072 0 0 0 0 0 0 0 
