kernel line : count latency dram_traffic smem_bk_conflicts smem_warp gmem_access_generated gmem_warp exposed_latency warp_divergence
_1.ptx 97 : 262144 2076672 0 0 0 0 0 0 0 
_1.ptx 98 : 262144 2260992 0 0 0 0 0 0 0 
_1.ptx 99 : 262144 0 0 0 0 0 0 0 0 
_1.ptx 100 : 262144 3018624 0 0 0 0 0 0 0 
_1.ptx 101 : 262144 2827648 0 0 0 0 0 0 0 
_1.ptx 102 : 262144 2084544 0 0 0 0 0 0 0 
_1.ptx 103 : 262144 1814016 0 0 0 0 0 0 0 
_1.ptx 104 : 262144 2218304 0 0 0 0 0 0 0 
_1.ptx 105 : 262144 3000448 0 0 0 0 0 0 0 
_1.ptx 106 : 262144 2029504 0 0 0 0 0 0 0 
_1.ptx 107 : 262144 2003200 0 0 0 0 0 0 0 
_1.ptx 108 : 262144 2869600 0 0 0 0 0 0 0 
_1.ptx 109 : 262144 5826528 0 0 0 0 0 0 0 
_1.ptx 110 : 262144 2971456 0 0 0 0 0 0 0 
_1.ptx 111 : 262144 4520064 0 0 0 0 0 0 0 
_1.ptx 112 : 262144 3002944 0 0 0 0 0 0 0 
_1.ptx 113 : 262144 1763680 0 0 0 0 0 0 0 
_1.ptx 114 : 262144 2043328 0 0 0 0 0 0 0 
_1.ptx 118 : 1048576 405457696 4194304 0 0 32768 32768 0 0 
_1.ptx 119 : 1048576 406227264 4194304 0 0 32768 32768 0 0 
_1.ptx 120 : 1048576 9738368 0 0 0 0 0 0 0 
_1.ptx 121 : 1048576 10916768 0 0 0 0 0 0 0 
_1.ptx 122 : 1048576 10974528 0 0 0 0 0 0 0 
_1.ptx 123 : 1048576 10984288 0 0 0 0 0 0 0 
_1.ptx 124 : 1048576 8803712 0 0 0 0 0 0 0 
_1.ptx 125 : 1048576 5128448 0 0 0 0 0 0 0 
_1.ptx 126 : 262144 1717920 0 0 0 0 0 0 0 
_1.ptx 131 : 262144 6360032 0 8192 8192 0 0 0 0 
_1.ptx 132 : 262144 2962112 0 0 0 0 0 0 0 
_1.ptx 133 : 262144 2976160 0 0 0 0 0 0 0 
_1.ptx 134 : 262144 2222816 0 0 0 0 0 0 0 
_1.ptx 135 : 262144 1315296 0 0 0 0 0 0 0 
_1.ptx 137 : 65536 435936 0 0 0 0 0 0 0 
_1.ptx 141 : 655360 4508416 0 0 0 0 0 0 0 
_1.ptx 142 : 655360 5559776 0 0 0 0 0 0 0 
_1.ptx 143 : 655360 3199793 0 0 0 0 0 0 1280 
_1.ptx 144 : 196352 1584516 0 0 0 0 0 0 0 
_1.ptx 145 : 196352 1407720 0 0 0 0 0 0 0 
_1.ptx 146 : 196352 1608485 0 0 0 0 0 0 0 
_1.ptx 147 : 196352 2263488 0 0 0 0 0 0 0 
_1.ptx 148 : 196352 2381898 0 0 0 0 0 0 0 
_1.ptx 149 : 196352 2739030 0 0 0 0 0 0 0 
_1.ptx 150 : 196352 2905688 0 0 0 0 0 0 0 
_1.ptx 151 : 196352 2355492 0 0 0 0 0 0 0 
_1.ptx 152 : 196352 1657688 0 0 0 0 0 0 0 
_1.ptx 153 : 196352 2785295 0 0 0 0 0 0 0 
_1.ptx 154 : 196352 2290236 0 0 0 0 0 0 0 
_1.ptx 158 : 261888 4072900 0 9216 9216 0 0 0 0 
_1.ptx 159 : 261888 3519222 0 9216 9216 0 0 0 0 
_1.ptx 160 : 261888 3013278 0 0 0 0 0 0 0 
_1.ptx 161 : 261888 3233312 0 9216 9216 0 0 0 0 
_1.ptx 162 : 261888 3025441 0 0 0 0 0 0 0 
_1.ptx 163 : 261888 3031620 0 0 0 0 0 0 0 
_1.ptx 66 : 32768 211520 0 0 0 0 0 0 0 
_1.ptx 164 : 261888 3081786 0 0 0 0 0 0 0 
_1.ptx 67 : 32768 242144 0 0 0 0 0 0 0 
_1.ptx 165 : 261888 2329536 0 0 0 0 0 0 0 
_1.ptx 68 : 32768 4760416 128 0 0 0 0 0 0 
_1.ptx 166 : 261888 481056 0 0 0 0 0 0 0 
_1.ptx 69 : 32768 279648 0 0 0 0 0 0 0 
_1.ptx 70 : 32768 0 0 0 0 0 0 0 0 
_1.ptx 71 : 32768 236128 0 0 0 0 0 0 0 
_1.ptx 169 : 655360 5280192 0 0 0 0 0 0 0 
_1.ptx 72 : 32768 230688 0 0 0 0 0 0 0 
_1.ptx 170 : 655360 4633824 0 0 0 0 0 0 0 
_1.ptx 73 : 32768 280416 0 0 0 0 0 0 0 
_1.ptx 171 : 655360 5725024 0 0 0 0 0 0 0 
_1.ptx 74 : 32768 234112 0 0 0 0 0 0 0 
_1.ptx 172 : 655360 4186848 0 0 0 0 0 0 0 
_1.ptx 75 : 32768 233888 0 0 0 0 0 0 0 
_1.ptx 173 : 65536 485743 0 0 0 0 0 0 256 
_1.ptx 76 : 32768 280416 0 0 0 0 0 0 0 
_1.ptx 77 : 32768 219424 0 0 0 0 0 0 0 
_1.ptx 175 : 256 5162 0 256 256 0 0 0 0 
_1.ptx 78 : 32768 219808 0 0 0 0 0 0 0 
_1.ptx 176 : 256 3342 0 0 0 0 0 0 0 
_1.ptx 177 : 256 1972 0 0 0 0 0 0 0 
_1.ptx 178 : 256 2691 0 0 0 0 0 0 0 
_1.ptx 81 : 65536 0 0 0 0 0 0 0 0 
_1.ptx 179 : 256 2971 0 0 0 0 0 0 0 
_1.ptx 82 : 65536 572096 0 0 0 0 0 0 0 
_1.ptx 180 : 256 4669 352 0 0 256 256 0 0 
_1.ptx 83 : 65536 567136 0 0 0 0 0 0 0 
_1.ptx 84 : 65536 779328 0 0 0 0 0 0 0 
_1.ptx 182 : 65536 762112 0 0 0 0 0 0 0 
_1.ptx 85 : 65536 564992 0 0 0 0 0 0 0 
_1.ptx 183 : 65536 572928 0 0 0 0 0 0 0 
_1.ptx 86 : 65536 522912 0 0 0 0 0 0 0 
_1.ptx 184 : 65536 228512 0 0 0 0 0 0 0 
_1.ptx 87 : 65536 552800 0 0 0 0 0 0 0 
_1.ptx 88 : 65536 778400 0 0 0 0 0 0 0 
_1.ptx 89 : 65536 741952 0 0 0 0 0 0 0 
_1.ptx 187 : 32768 230784 0 0 0 0 0 0 0 
_1.ptx 90 : 65536 994176 0 0 0 0 0 0 0 
_1.ptx 91 : 65536 1050016 0 0 0 0 0 0 0 
_1.ptx 92 : 65536 795840 0 0 0 0 0 0 0 
_1.ptx 96 : 262144 2077568 0 0 0 0 0 0 0 
