kernel line : count latency dram_traffic smem_bk_conflicts smem_warp gmem_access_generated gmem_warp exposed_latency warp_divergence
_1.ptx 823 : 509868 3073031 0 0 0 0 0 0 1125 
_1.ptx 825 : 74702 592455 0 0 0 0 0 0 0 
_1.ptx 827 : 74702 615841 0 0 0 0 0 0 0 
_1.ptx 829 : 509868 5565357 0 0 0 0 0 0 0 
_1.ptx 830 : 509868 5616123 0 0 0 0 0 0 0 
_1.ptx 831 : 509868 3794029 0 0 0 0 0 0 0 
_1.ptx 832 : 509868 4478791 0 0 0 0 0 0 0 
_1.ptx 833 : 509868 2674237 0 0 0 0 0 0 0 
_1.ptx 834 : 127467 908787 0 0 0 0 0 0 0 
_1.ptx 835 : 127467 1099803 0 0 0 0 0 0 0 
_1.ptx 836 : 127467 1019594 0 0 0 0 0 0 0 
_1.ptx 837 : 127467 891906 0 0 0 0 0 0 0 
_1.ptx 838 : 127467 1101730 0 0 0 0 0 0 0 
_1.ptx 839 : 127467 1005562 0 0 0 0 0 0 0 
_1.ptx 840 : 127467 1105013 0 0 0 0 0 0 0 
_1.ptx 841 : 127467 890865 0 0 0 0 0 0 0 
_1.ptx 842 : 127467 1093801 0 0 0 0 0 0 0 
_1.ptx 843 : 127467 440903 0 0 0 0 0 0 631 
_1.ptx 845 : 62282 683538 0 0 0 0 0 0 0 
_1.ptx 847 : 62282 512374 0 0 0 0 0 0 0 
_1.ptx 848 : 62282 491580 0 0 0 0 0 0 0 
_1.ptx 849 : 62282 791652 0 0 0 0 0 0 0 
_1.ptx 850 : 62282 718730 0 0 0 0 0 0 0 
_1.ptx 851 : 62282 301112 0 0 0 2349 2349 0 0 
_1.ptx 852 : 62282 301590 0 0 0 2349 2349 0 0 
_1.ptx 853 : 62282 295906 0 0 0 2544 2349 0 0 
_1.ptx 854 : 62282 302559 0 0 0 2544 2349 0 0 
_1.ptx 855 : 62282 292500 0 0 0 2544 2349 0 0 
_1.ptx 856 : 62282 297917 0 0 0 2544 2349 0 0 
_1.ptx 857 : 62282 287440 0 0 0 2544 2349 0 0 
_1.ptx 859 : 62282 706621 0 0 0 0 0 0 0 
_1.ptx 860 : 62282 708837 0 0 0 0 0 0 0 
_1.ptx 861 : 62282 709867 0 0 0 0 0 0 0 
_1.ptx 862 : 62282 718006 0 0 0 0 0 0 0 
_1.ptx 863 : 62282 729126 0 0 0 0 0 0 0 
_1.ptx 864 : 62282 720777 0 0 0 0 0 0 0 
_1.ptx 865 : 62282 320062 0 0 0 2544 2349 0 0 
_1.ptx 866 : 62282 439943 0 0 0 0 0 0 0 
_1.ptx 867 : 62282 538515 0 0 0 0 0 0 0 
_1.ptx 868 : 62282 130354 0 0 0 0 0 0 305 
_1.ptx 870 : 43133 311095 0 0 0 0 0 0 0 
_1.ptx 871 : 43133 308911 0 0 0 0 0 0 0 
_1.ptx 872 : 43133 308150 0 0 0 0 0 0 0 
_1.ptx 873 : 43133 299740 0 0 0 0 0 0 0 
_1.ptx 875 : 19149 61442 0 0 0 0 0 0 0 
_1.ptx 876 : 19149 219185 0 0 0 0 0 0 0 
_1.ptx 877 : 19149 219332 0 0 0 0 0 0 0 
_1.ptx 878 : 19149 221317 0 0 0 0 0 0 0 
_1.ptx 879 : 19149 224911 0 0 0 0 0 0 0 
_1.ptx 880 : 19149 230459 0 0 0 0 0 0 0 
_1.ptx 881 : 19149 182758 0 0 0 0 0 0 0 
_1.ptx 882 : 19149 183864 0 0 0 0 0 0 0 
_1.ptx 883 : 19149 664725 0 0 0 0 0 0 0 
_1.ptx 884 : 19149 249049 0 0 0 0 0 0 0 
_1.ptx 885 : 19149 246485 0 0 0 0 0 0 0 
_1.ptx 886 : 19149 247329 0 0 0 0 0 0 0 
_1.ptx 888 : 62282 728749 0 0 0 0 0 0 0 
_1.ptx 889 : 62282 727089 0 0 0 0 0 0 0 
_1.ptx 890 : 62282 740808 0 0 0 0 0 0 0 
_1.ptx 891 : 62282 778880 0 0 0 0 0 0 0 
_1.ptx 892 : 62282 616533 0 0 0 0 0 0 0 
_1.ptx 893 : 62282 605813 0 0 0 0 0 0 0 
_1.ptx 894 : 62282 2116873 0 0 0 0 0 0 0 
_1.ptx 895 : 62282 731713 0 0 0 0 0 0 0 
_1.ptx 896 : 62282 736058 0 0 0 0 0 0 0 
_1.ptx 897 : 62282 736061 0 0 0 0 0 0 0 
_1.ptx 898 : 62282 712761 0 0 0 0 0 0 0 
_1.ptx 899 : 62282 598700 0 0 0 0 0 0 0 
_1.ptx 900 : 62282 596781 0 0 0 0 0 0 0 
_1.ptx 901 : 62282 425417 0 0 0 0 0 0 0 
_1.ptx 902 : 62282 536230 0 0 0 0 0 0 0 
_1.ptx 903 : 62282 433881 0 0 0 0 0 0 0 
_1.ptx 910 : 62282 485291 0 0 0 0 0 0 0 
_1.ptx 911 : 62282 489271 0 0 0 0 0 0 0 
_1.ptx 912 : 62282 503670 0 0 0 0 0 0 0 
_1.ptx 915 : 62282 447745 0 0 0 0 0 0 0 
_1.ptx 916 : 62282 720314 0 0 0 0 0 0 0 
_1.ptx 917 : 62282 487760 0 0 0 0 0 0 0 
_1.ptx 918 : 62282 1002710 0 0 0 0 0 0 0 
_1.ptx 919 : 62282 709101 0 0 0 0 0 0 0 
_1.ptx 920 : 62282 541101 21088 0 0 0 0 0 0 
_1.ptx 921 : 62282 418393 0 0 0 0 0 0 0 
_1.ptx 922 : 62282 716225 0 0 0 0 0 0 0 
_1.ptx 923 : 62282 708980 44832 0 0 0 0 0 0 
_1.ptx 924 : 62282 417273 0 0 0 0 0 0 0 
_1.ptx 925 : 62282 712823 0 0 0 0 0 0 0 
_1.ptx 926 : 62282 912837 21664 0 0 0 0 0 0 
_1.ptx 927 : 62282 406480 0 0 0 0 0 0 0 
_1.ptx 928 : 62282 713106 0 0 0 0 0 0 0 
_1.ptx 929 : 62282 937495 13472 0 0 0 0 0 0 
_1.ptx 931 : 62282 410600 0 0 0 0 0 0 0 
_1.ptx 932 : 62282 713910 0 0 0 0 0 0 0 
_1.ptx 933 : 62282 419190 0 0 0 0 0 0 0 
_1.ptx 934 : 62282 711553 0 0 0 0 0 0 0 
_1.ptx 935 : 62282 409129 0 0 0 0 0 0 0 
_1.ptx 936 : 62282 716953 0 0 0 0 0 0 0 
_1.ptx 937 : 62282 745752 0 0 0 0 0 0 0 
_1.ptx 938 : 62282 600655 0 0 0 0 0 0 0 
_1.ptx 939 : 62282 593802 0 0 0 0 0 0 0 
_1.ptx 940 : 62282 2341907 0 0 0 0 0 0 0 
_1.ptx 941 : 62282 764998 0 0 0 0 0 0 0 
_1.ptx 942 : 62282 770739 0 0 0 0 0 0 0 
_1.ptx 943 : 62282 785641 0 0 0 0 0 0 0 
_1.ptx 944 : 62282 768118 0 0 0 0 0 0 0 
_1.ptx 945 : 62282 597466 0 0 0 0 0 0 0 
_1.ptx 946 : 62282 598882 0 0 0 0 0 0 0 
_1.ptx 947 : 62282 434440 0 0 0 0 0 0 0 
_1.ptx 948 : 62282 539463 0 0 0 0 0 0 0 
_1.ptx 949 : 62282 36995 0 0 0 0 0 0 318 
_1.ptx 951 : 56815 444259 0 0 0 0 0 0 0 
_1.ptx 952 : 56815 354584 0 0 0 0 0 0 0 
_1.ptx 955 : 220903 987578 0 0 0 8579 8579 0 0 
_1.ptx 956 : 220903 978751 0 0 0 8579 8579 0 0 
_1.ptx 957 : 220903 962263 0 0 0 8579 8579 0 0 
_1.ptx 958 : 220903 969283 0 0 0 8579 8579 0 0 
_1.ptx 959 : 220903 1474258 0 0 0 0 0 0 0 
_1.ptx 960 : 220903 1891393 0 0 0 0 0 0 0 
_1.ptx 961 : 220903 1141102 0 0 0 0 0 0 0 
_1.ptx 963 : 56815 435117 0 0 0 0 0 0 0 
_1.ptx 964 : 56815 380721 0 0 0 0 0 0 0 
_1.ptx 965 : 56815 477443 0 0 0 0 0 0 0 
_1.ptx 966 : 56815 369022 0 0 0 0 0 0 0 
_1.ptx 971 : 56815 359254 0 0 0 0 0 0 0 
_1.ptx 972 : 56815 525009 0 0 0 0 0 0 0 
_1.ptx 973 : 56815 639971 0 0 0 0 0 0 0 
_1.ptx 974 : 56815 3375987 0 0 0 0 0 0 0 
_1.ptx 976 : 56815 370379 0 0 0 0 0 0 0 
_1.ptx 977 : 56815 375679 0 0 0 0 0 0 0 
_1.ptx 978 : 56815 489267 0 0 0 0 0 0 0 
_1.ptx 979 : 56815 529856 0 0 0 0 0 0 0 
_1.ptx 982 : 56815 437491 0 0 0 0 0 0 0 
_1.ptx 983 : 56815 381261 0 0 0 0 0 0 0 
_1.ptx 986 : 164088 751919 0 0 0 6402 6402 0 0 
_1.ptx 987 : 164088 624884 0 0 0 0 0 0 0 
_1.ptx 988 : 164088 1943265 0 0 0 0 0 0 0 
_1.ptx 989 : 164088 1157288 0 0 0 0 0 0 0 
_1.ptx 990 : 164088 1956148 0 0 0 0 0 0 0 
_1.ptx 991 : 164088 1180286 0 0 0 0 0 0 0 
_1.ptx 992 : 164088 1964412 0 0 0 0 0 0 0 
_1.ptx 993 : 164088 1208816 0 0 0 0 0 0 0 
_1.ptx 994 : 164088 1958589 0 0 0 0 0 0 0 
_1.ptx 995 : 164088 1950514 0 0 0 0 0 0 0 
_1.ptx 996 : 164088 1985753 0 0 0 0 0 0 0 
_1.ptx 997 : 164088 1982970 0 0 0 0 0 0 0 
_1.ptx 998 : 164088 1984179 0 0 0 0 0 0 0 
_1.ptx 999 : 164088 1980146 0 0 0 0 0 0 0 
_1.ptx 1000 : 164088 1996734 0 0 0 0 0 0 0 
_1.ptx 1001 : 164088 2017921 0 0 0 0 0 0 0 
_1.ptx 1002 : 164088 1677126 0 0 0 0 0 0 0 
_1.ptx 1003 : 164088 1662604 0 0 0 0 0 0 0 
_1.ptx 1004 : 164088 1988554 0 0 0 0 0 0 0 
_1.ptx 1005 : 164088 1643180 0 0 0 0 0 0 0 
_1.ptx 1006 : 164088 1638164 0 0 0 0 0 0 0 
_1.ptx 1007 : 164088 2002869 0 0 0 0 0 0 0 
_1.ptx 1008 : 164088 1501614 0 0 0 0 0 0 0 
_1.ptx 1009 : 164088 1389954 0 0 0 0 0 0 0 
_1.ptx 1010 : 164088 1173657 0 0 0 0 0 0 0 
_1.ptx 1011 : 164088 1454768 0 0 0 0 0 0 0 
_1.ptx 1012 : 164088 1357110 0 0 0 0 0 0 0 
_1.ptx 1013 : 164088 1466820 0 0 0 0 0 0 0 
_1.ptx 1014 : 164088 1205083 0 0 0 0 0 0 0 
_1.ptx 1015 : 164088 1460302 0 0 0 0 0 0 0 
_1.ptx 1016 : 164088 829772 0 0 0 0 0 0 965 
_1.ptx 1017 : 50431 371058 0 0 0 0 0 0 0 
_1.ptx 1018 : 50431 367377 0 0 0 0 0 0 0 
_1.ptx 1020 : 113657 1344238 0 0 0 0 0 0 0 
_1.ptx 1021 : 113657 1353374 0 0 0 0 0 0 0 
_1.ptx 1022 : 113657 1021900 0 0 0 0 0 0 0 
_1.ptx 1023 : 113657 45444 0 0 0 0 0 0 344 
_1.ptx 1024 : 107587 798950 0 0 0 0 0 0 0 
_1.ptx 1025 : 107587 806511 0 0 0 0 0 0 0 
_1.ptx 1028 : 6070 71730 0 0 0 0 0 0 0 
_1.ptx 1029 : 6070 117501 0 0 0 0 0 0 0 
_1.ptx 1030 : 6070 72761 0 0 0 0 0 0 0 
_1.ptx 1031 : 6070 74351 0 0 0 0 0 0 0 
_1.ptx 1032 : 6070 60201 0 0 0 0 0 0 0 
_1.ptx 1036 : 164088 1374538 0 0 0 0 0 0 0 
_1.ptx 1039 : 220903 1584806 0 0 0 0 0 0 0 
_1.ptx 1040 : 220903 1924691 0 0 0 0 0 0 0 
_1.ptx 1041 : 220903 1512550 0 0 0 0 0 0 370 
_1.ptx 1042 : 6068 72259 0 0 0 0 0 0 0 
_1.ptx 1043 : 6068 73887 0 0 0 0 0 0 0 
_1.ptx 1044 : 6068 74269 0 0 0 0 0 0 0 
_1.ptx 1045 : 6068 73067 0 0 0 0 0 0 0 
_1.ptx 1046 : 6068 72940 0 0 0 0 0 0 0 
_1.ptx 1047 : 6068 73717 0 0 0 0 0 0 0 
_1.ptx 1048 : 6068 76889 0 0 0 0 0 0 0 
_1.ptx 1049 : 6068 60483 0 0 0 0 0 0 0 
_1.ptx 1050 : 6068 60580 0 0 0 0 0 0 0 
_1.ptx 1051 : 6068 55923 0 0 0 0 0 0 0 
_1.ptx 1052 : 6068 46799 0 0 0 0 0 0 0 
_1.ptx 1057 : 220903 2400442 0 0 0 0 0 0 0 
_1.ptx 1058 : 220903 2409247 0 0 0 0 0 0 0 
_1.ptx 1059 : 220903 1678517 0 0 0 0 0 0 0 
_1.ptx 1060 : 220903 1940111 0 0 0 0 0 0 0 
_1.ptx 1061 : 220903 377073 0 0 0 0 0 0 0 
_1.ptx 1062 : 169119 1234300 0 0 0 0 0 0 0 
_1.ptx 1063 : 169119 1458737 0 0 0 0 0 0 0 
_1.ptx 1064 : 169119 1132050 0 0 0 0 0 0 295 
_1.ptx 1065 : 5031 37052 0 0 0 0 0 0 0 
_1.ptx 1067 : 51784 375071 0 0 0 0 0 0 0 
_1.ptx 1068 : 51784 458717 0 0 0 0 0 0 0 
_1.ptx 1071 : 56815 45466 0 0 0 0 0 0 318 
_1.ptx 1073 : 50745 601665 0 0 0 0 0 0 0 
_1.ptx 1074 : 50745 605877 0 0 0 0 0 0 0 
_1.ptx 1075 : 50745 606408 0 0 0 0 0 0 0 
_1.ptx 1076 : 50745 636774 0 0 0 0 0 0 0 
_1.ptx 1077 : 50745 502734 0 0 0 0 0 0 0 
_1.ptx 1078 : 50745 499193 0 0 0 0 0 0 0 
_1.ptx 1079 : 50745 1225718 0 0 0 0 0 0 0 
_1.ptx 1081 : 50745 369811 0 0 0 0 0 0 0 
_1.ptx 1082 : 50745 1080316 0 0 0 0 0 0 0 
_1.ptx 1083 : 50745 413153 0 0 0 0 0 0 0 
_1.ptx 1084 : 50745 714795 0 0 0 0 0 0 0 
_1.ptx 1085 : 50745 671547 0 0 0 0 0 0 0 
_1.ptx 1086 : 50745 606182 0 0 0 0 0 0 0 
_1.ptx 1087 : 50745 371197 0 0 0 0 0 0 0 
_1.ptx 1088 : 50745 369779 0 0 0 0 0 0 0 
_1.ptx 1089 : 50745 587294 0 0 0 0 0 0 0 
_1.ptx 1090 : 50745 598572 0 0 0 0 0 0 0 
_1.ptx 1091 : 50745 603222 0 0 0 0 0 0 0 
_1.ptx 1092 : 50745 356165 0 0 0 0 0 0 0 
_1.ptx 1093 : 50745 368105 0 0 0 0 0 0 0 
_1.ptx 1094 : 50745 595014 0 0 0 0 0 0 0 
_1.ptx 1095 : 50745 602086 0 0 0 0 0 0 0 
_1.ptx 1096 : 50745 606204 0 0 0 0 0 0 0 
_1.ptx 1097 : 50745 617714 0 0 0 0 0 0 0 
_1.ptx 1098 : 50745 364078 0 0 0 0 0 0 0 
_1.ptx 1099 : 50745 596063 0 0 0 0 0 0 0 
_1.ptx 1100 : 50745 493101 0 0 0 0 0 0 0 
_1.ptx 1101 : 50745 667682 0 0 0 0 0 0 0 
_1.ptx 1103 : 50745 588005 0 0 0 0 0 0 0 
_1.ptx 1104 : 50745 595514 0 0 0 0 0 0 0 
_1.ptx 1105 : 50745 597090 0 0 0 0 0 0 0 
_1.ptx 1106 : 50745 501011 0 0 0 0 0 0 0 
_1.ptx 1107 : 50745 607674 0 0 0 0 0 0 0 
_1.ptx 1108 : 50745 509902 0 0 0 0 0 0 0 
_1.ptx 1109 : 50745 385477 0 0 0 0 0 0 0 
_1.ptx 1110 : 50745 1099972 0 0 0 0 0 0 0 
_1.ptx 1111 : 50745 424237 0 0 0 0 0 0 0 
_1.ptx 1112 : 50745 1108204 0 0 0 0 0 0 0 
_1.ptx 1113 : 50745 431592 0 0 0 0 0 0 0 
_1.ptx 1114 : 50745 471354 0 0 0 0 0 0 0 
_1.ptx 1115 : 50745 376694 0 0 0 0 0 0 0 
_1.ptx 1121 : 50745 418464 0 0 0 0 0 0 0 
_1.ptx 1122 : 50745 368335 0 0 0 0 0 0 0 
_1.ptx 1123 : 50745 437344 0 0 0 0 0 0 0 
_1.ptx 1124 : 50745 0 0 0 0 0 0 0 0 
_1.ptx 1125 : 50745 330959 0 0 0 0 0 0 0 
_1.ptx 1133 : 50745 324079 0 0 0 0 0 0 0 
_1.ptx 1134 : 50745 420914 0 0 0 0 0 0 0 
_1.ptx 1135 : 50745 335220 0 0 0 0 0 0 0 
_1.ptx 1140 : 50745 331098 0 0 0 0 0 0 0 
_1.ptx 1141 : 50745 423129 0 0 0 0 0 0 0 
_1.ptx 1142 : 50745 336885 0 0 0 0 0 0 0 
_1.ptx 1157 : 50745 330348 0 0 0 0 0 0 0 
_1.ptx 1158 : 50745 426408 0 0 0 0 0 0 0 
_1.ptx 1159 : 50745 332422 0 0 0 0 0 0 0 
_1.ptx 1181 : 50745 326749 0 0 0 0 0 0 0 
_1.ptx 1182 : 50745 424129 0 0 0 0 0 0 0 
_1.ptx 1183 : 50745 328438 0 0 0 0 0 0 0 
_1.ptx 1196 : 50745 371295 0 0 0 0 0 0 0 
_1.ptx 1197 : 50745 373970 0 0 0 0 0 0 0 
_1.ptx 1198 : 50745 379164 0 0 0 0 0 0 0 
_1.ptx 1199 : 50745 384220 0 0 0 0 0 0 0 
_1.ptx 1200 : 50745 344619 0 0 0 0 0 0 0 
_1.ptx 1201 : 50745 428641 0 0 0 0 0 0 0 
_1.ptx 1202 : 50745 333391 0 0 0 0 0 0 0 
_1.ptx 1213 : 50745 428298 0 0 0 0 0 0 0 
_1.ptx 1216 : 50745 581714 0 0 0 0 0 0 0 
_1.ptx 1218 : 50745 428096 0 0 0 0 0 0 0 
_1.ptx 1219 : 50745 401311 0 0 0 0 0 0 0 
_1.ptx 1220 : 50745 395653 0 0 0 0 0 0 0 
_1.ptx 1221 : 50745 405748 0 0 0 0 0 0 0 
_1.ptx 1222 : 50745 360136 0 0 0 0 0 0 0 
_1.ptx 1223 : 50745 442855 0 0 0 0 0 0 0 
_1.ptx 1224 : 50745 212082 0 0 0 0 0 0 727 
_1.ptx 1226 : 21083 157289 0 0 0 0 0 0 0 
_1.ptx 1227 : 21083 250036 0 0 0 0 0 0 0 
_1.ptx 1229 : 21083 238452 0 0 0 0 0 0 0 
_1.ptx 1232 : 50745 391577 0 0 0 0 0 0 0 
_1.ptx 1233 : 50745 594268 0 0 0 0 0 0 0 
_1.ptx 1234 : 50745 325138 0 0 0 0 0 0 0 
_1.ptx 1235 : 50745 585968 0 0 0 0 0 0 0 
_1.ptx 1236 : 50745 613055 0 0 0 0 0 0 0 
_1.ptx 1237 : 50745 474328 0 0 0 0 0 0 0 
_1.ptx 1238 : 50745 2500011 0 0 0 0 0 0 0 
_1.ptx 1239 : 50745 407036 0 0 0 0 0 0 0 
_1.ptx 1240 : 50745 625550 0 0 0 0 0 0 0 
_1.ptx 1241 : 50745 407171 0 0 0 0 0 0 0 
_1.ptx 1242 : 50745 412300 0 0 0 0 0 0 0 
_1.ptx 1243 : 50745 410760 0 0 0 0 0 0 0 
_1.ptx 1244 : 50745 408682 0 0 0 0 0 0 0 
_1.ptx 1245 : 50745 409029 0 0 0 0 0 0 0 
_1.ptx 1246 : 50745 588105 0 0 0 0 0 0 0 
_1.ptx 1247 : 50745 590811 0 0 0 0 0 0 0 
_1.ptx 1248 : 50745 599196 0 0 0 0 0 0 0 
_1.ptx 1249 : 50745 482013 0 0 0 0 0 0 0 
_1.ptx 1250 : 50745 481852 0 0 0 0 0 0 0 
_1.ptx 1252 : 50745 615709 0 0 0 0 0 0 0 
_1.ptx 1253 : 50745 650240 0 0 0 0 0 0 0 
_1.ptx 1254 : 50745 447313 0 0 0 0 0 0 0 
_1.ptx 1255 : 50745 451506 0 0 0 0 0 0 0 
_1.ptx 1256 : 50745 528581 0 0 0 0 0 0 0 
_1.ptx 1257 : 50745 401157 0 0 0 0 0 0 0 
_1.ptx 1258 : 50745 514682 0 0 0 0 0 0 0 
_1.ptx 1259 : 50745 623304 0 0 0 0 0 0 0 
_1.ptx 1260 : 50745 626362 0 0 0 0 0 0 0 
_1.ptx 1261 : 50745 620422 0 0 0 0 0 0 0 
_1.ptx 1262 : 50745 612430 0 0 0 0 0 0 0 
_1.ptx 1263 : 50745 604699 0 0 0 0 0 0 0 
_1.ptx 1264 : 50745 602522 0 0 0 0 0 0 0 
_1.ptx 1265 : 50745 601339 0 0 0 0 0 0 0 
_1.ptx 1266 : 50745 595417 0 0 0 0 0 0 0 
_1.ptx 1267 : 50745 568155 0 0 0 0 0 0 0 
_1.ptx 1269 : 50745 575690 0 0 0 0 0 0 0 
_1.ptx 1271 : 50745 587770 0 0 0 0 0 0 0 
_1.ptx 1272 : 50745 620694 0 0 0 0 0 0 0 
_1.ptx 1274 : 50745 486293 0 0 0 0 0 0 0 
_1.ptx 1275 : 50745 433054 0 0 0 0 0 0 0 
_1.ptx 1276 : 50745 624509 0 0 0 0 0 0 0 
_1.ptx 1277 : 50745 629698 0 0 0 0 0 0 0 
_1.ptx 1279 : 50745 424676 0 0 0 0 0 0 0 
_1.ptx 1280 : 50745 622435 0 0 0 0 0 0 0 
_1.ptx 1281 : 50745 625481 0 0 0 0 0 0 0 
_1.ptx 1282 : 50745 615218 0 0 0 0 0 0 0 
_1.ptx 1283 : 50745 606006 0 0 0 0 0 0 0 
_1.ptx 1284 : 50745 598347 0 0 0 0 0 0 0 
_1.ptx 1286 : 50745 601817 0 0 0 0 0 0 0 
_1.ptx 1288 : 50745 368804 0 0 0 0 0 0 0 
_1.ptx 1289 : 50745 587964 0 0 0 0 0 0 0 
_1.ptx 1290 : 50745 596942 0 0 0 0 0 0 0 
_1.ptx 1291 : 50745 474358 0 0 0 0 0 0 0 
_1.ptx 1292 : 50745 642063 0 0 0 0 0 0 0 
_1.ptx 1293 : 50745 407431 0 0 0 0 0 0 0 
_1.ptx 1294 : 50745 493879 0 0 0 0 0 0 0 
_1.ptx 1295 : 50745 364812 0 0 0 0 0 0 0 
_1.ptx 1296 : 50745 489320 0 0 0 0 0 0 0 
_1.ptx 1297 : 50745 356573 0 0 0 0 0 0 0 
_1.ptx 1298 : 50745 491518 0 0 0 0 0 0 0 
_1.ptx 1299 : 50745 354278 0 0 0 0 0 0 0 
_1.ptx 1300 : 50745 491076 0 0 0 0 0 0 0 
_1.ptx 1301 : 50745 600068 0 0 0 0 0 0 0 
_1.ptx 1303 : 50745 421244 0 0 0 0 0 0 0 
_1.ptx 1304 : 50745 596849 0 0 0 0 0 0 0 
_1.ptx 1305 : 50745 590436 0 0 0 0 0 0 0 
_1.ptx 1307 : 50745 376721 0 0 0 0 0 0 0 
_1.ptx 1308 : 50745 388198 0 0 0 0 0 0 0 
_1.ptx 1309 : 50745 402197 0 0 0 0 0 0 0 
_1.ptx 1310 : 50745 356630 0 0 0 0 0 0 0 
_1.ptx 1311 : 50745 421575 0 0 0 0 0 0 0 
_1.ptx 1312 : 50745 323535 0 0 0 0 0 0 0 
_1.ptx 1321 : 50745 380175 0 0 0 0 0 0 0 
_1.ptx 1322 : 50745 340358 0 0 0 0 0 0 0 
_1.ptx 1323 : 50745 577241 0 0 0 0 0 0 0 
_1.ptx 1324 : 50745 406795 0 0 0 0 0 0 0 
_1.ptx 1325 : 50745 365479 0 0 0 0 0 0 0 
_1.ptx 1326 : 50745 365474 0 0 0 0 0 0 0 
_1.ptx 1327 : 50745 2679653 0 0 0 0 0 0 0 
_1.ptx 1328 : 50745 312697 0 0 0 0 0 0 0 
_1.ptx 1329 : 50745 326065 0 0 0 0 0 0 0 
_1.ptx 1330 : 50745 477775 0 0 0 0 0 0 0 
_1.ptx 1331 : 50745 484934 0 0 0 0 0 0 0 
_1.ptx 1332 : 50745 350171 0 0 0 0 0 0 0 
_1.ptx 1333 : 50745 667091 0 0 0 0 0 0 0 
_1.ptx 1334 : 50745 3614534 0 0 0 0 0 0 0 
_1.ptx 1335 : 50745 587184 0 0 0 0 0 0 0 
_1.ptx 1336 : 50745 324818 0 0 0 0 0 0 0 
_1.ptx 1337 : 50745 432573 0 0 0 0 0 0 0 
_1.ptx 1338 : 50745 473802 0 0 0 0 0 0 0 
_1.ptx 1339 : 50745 330585 0 0 0 0 0 0 0 
_1.ptx 1340 : 50745 426509 0 0 0 0 0 0 0 
_1.ptx 1341 : 50745 469358 0 0 0 0 0 0 0 
_1.ptx 1343 : 50745 381360 0 0 0 0 0 0 0 
_1.ptx 1344 : 50745 317923 0 0 0 0 0 0 0 
_1.ptx 1345 : 50745 429802 0 0 0 0 0 0 0 
_1.ptx 1346 : 50745 0 0 0 0 0 0 0 0 
_1.ptx 1348 : 50745 483393 0 0 0 0 0 0 0 
_1.ptx 1351 : 50745 414406 0 0 0 0 0 0 0 
_1.ptx 1352 : 50745 366143 0 0 0 0 0 0 0 
_1.ptx 1353 : 50745 409519 0 0 0 0 0 0 0 
_1.ptx 1354 : 50745 411983 0 0 0 0 0 0 0 
_1.ptx 1355 : 50745 369253 0 0 0 0 0 0 0 
_1.ptx 1356 : 50745 608116 0 0 0 0 0 0 0 
_1.ptx 1357 : 50745 603336 0 0 0 0 0 0 0 
_1.ptx 1358 : 50745 422303 0 0 0 0 0 0 0 
_1.ptx 1359 : 50745 360272 0 0 0 0 0 0 0 
_1.ptx 1360 : 50745 438592 0 0 0 0 0 0 0 
_1.ptx 1361 : 50745 401352 0 0 0 0 0 0 0 
_1.ptx 1362 : 50745 431607 0 0 0 0 0 0 0 
_1.ptx 1363 : 50745 318724 0 0 0 0 0 0 0 
_1.ptx 1364 : 50745 421133 0 0 0 0 0 0 0 
_1.ptx 1365 : 50745 323282 0 0 0 0 0 0 0 
_1.ptx 1372 : 50745 381681 0 0 0 0 0 0 0 
_1.ptx 1375 : 50745 336962 0 0 0 0 0 0 0 
_1.ptx 1376 : 50745 578558 0 0 0 0 0 0 0 
_1.ptx 1377 : 50745 576822 0 0 0 0 0 0 0 
_1.ptx 1378 : 50745 514655 0 0 0 0 0 0 0 
_1.ptx 1380 : 50745 571603 0 0 0 0 0 0 0 
_1.ptx 1381 : 50745 659456 0 0 0 0 0 0 0 
_1.ptx 1383 : 50745 578657 0 0 0 0 0 0 0 
_1.ptx 1384 : 50745 821060 0 0 0 0 0 0 0 
_1.ptx 1388 : 62282 713585 0 0 0 0 0 0 0 
_1.ptx 1389 : 62282 722153 0 0 0 0 0 0 0 
_1.ptx 1390 : 62282 724099 0 0 0 0 0 0 0 
_1.ptx 1391 : 62282 752087 0 0 0 0 0 0 0 
_1.ptx 1392 : 62282 743009 0 0 0 0 0 0 0 
_1.ptx 1393 : 62282 789209 0 0 0 0 0 0 0 
_1.ptx 1395 : 62282 738087 0 0 0 0 0 0 0 
_1.ptx 1396 : 62282 757716 0 0 0 0 0 0 0 
_1.ptx 1397 : 62282 746125 0 0 0 0 0 0 0 
_1.ptx 1398 : 62282 772442 0 0 0 0 0 0 0 
_1.ptx 1399 : 62282 634317 0 0 0 0 0 0 0 
_1.ptx 1400 : 62282 610800 0 0 0 0 0 0 0 
_1.ptx 1401 : 62282 2593796 0 0 0 0 0 0 0 
_1.ptx 1402 : 62282 739456 0 0 0 0 0 0 0 
_1.ptx 1403 : 62282 746338 0 0 0 0 0 0 0 
_1.ptx 1404 : 62282 752531 0 0 0 0 0 0 0 
_1.ptx 1405 : 62282 494336 0 0 0 0 0 0 0 
_1.ptx 1406 : 62282 491935 0 0 0 0 0 0 0 
_1.ptx 1408 : 62282 431086 0 0 0 0 0 0 0 
_1.ptx 1409 : 62282 591689 0 0 0 0 0 0 0 
_1.ptx 1410 : 62282 420361 0 0 0 0 0 0 0 
_1.ptx 1411 : 62282 590674 0 0 0 0 0 0 0 
_1.ptx 1412 : 62282 427690 0 0 0 0 0 0 0 
_1.ptx 1413 : 62282 610699 0 0 0 0 0 0 0 
_1.ptx 1416 : 127467 1414450 0 0 0 0 0 0 0 
_1.ptx 1417 : 127467 952668 0 0 0 0 0 0 0 
_1.ptx 1418 : 127467 1102036 0 0 0 0 0 0 0 
_1.ptx 1419 : 127467 6813 0 0 0 0 0 0 0 
_1.ptx 1420 : 126435 1090998 0 0 0 0 0 0 0 
_1.ptx 1421 : 126435 427815 0 0 0 0 0 0 550 
_1.ptx 1424 : 65536 714848 0 0 0 0 0 0 0 
_1.ptx 1425 : 65536 526112 0 0 0 0 0 0 0 
_1.ptx 1426 : 65536 430176 0 0 0 0 0 0 0 
_1.ptx 1427 : 65536 551296 0 0 0 0 0 0 0 
_1.ptx 604 : 65536 407488 0 0 0 0 0 0 0 
_1.ptx 1428 : 65536 364856 0 0 0 0 0 0 218 
_1.ptx 605 : 65536 459968 38400 0 0 0 0 0 0 
_1.ptx 1429 : 10434 80215 0 0 0 0 0 0 0 
_1.ptx 606 : 65536 404800 0 0 0 0 0 0 0 
_1.ptx 1430 : 10434 79500 0 0 0 0 0 0 0 
_1.ptx 607 : 65536 886560 38400 0 0 0 0 0 0 
_1.ptx 1431 : 10434 123757 0 0 0 0 0 0 0 
_1.ptx 608 : 65536 405024 0 0 0 0 0 0 0 
_1.ptx 1432 : 10434 119339 0 0 0 0 0 0 0 
_1.ptx 609 : 65536 872480 38400 0 0 0 0 0 0 
_1.ptx 1433 : 10434 80955 0 0 0 0 0 0 0 
_1.ptx 610 : 65536 408704 0 0 0 0 0 0 0 
_1.ptx 611 : 65536 1243968 38400 0 0 0 0 0 0 
_1.ptx 612 : 65536 409568 0 0 0 0 0 0 0 
_1.ptx 613 : 65536 1195680 43264 0 0 0 0 0 0 
_1.ptx 1437 : 15923 1672300 8832 0 0 0 0 0 0 
_1.ptx 614 : 65536 408480 0 0 0 0 0 0 0 
_1.ptx 1438 : 15923 1555050 2176 0 0 0 0 0 0 
_1.ptx 615 : 65536 1260160 40448 0 0 0 0 0 0 
_1.ptx 1439 : 15923 1796268 4224 0 0 0 0 0 0 
_1.ptx 616 : 65536 408960 0 0 0 0 0 0 0 
_1.ptx 1440 : 15923 1878423 0 0 0 0 0 0 0 
_1.ptx 617 : 65536 1422720 43776 0 0 0 0 0 0 
_1.ptx 1441 : 15923 1690078 0 0 0 0 0 0 0 
_1.ptx 618 : 65536 407808 0 0 0 0 0 0 0 
_1.ptx 1442 : 15923 1924129 0 0 0 0 0 0 0 
_1.ptx 619 : 65536 1490528 40320 0 0 0 0 0 0 
_1.ptx 1443 : 15923 1904911 8704 0 0 0 0 0 0 
_1.ptx 620 : 65536 407712 0 0 0 0 0 0 0 
_1.ptx 1444 : 15923 1922684 0 0 0 0 0 0 0 
_1.ptx 621 : 65536 1457536 39552 0 0 0 0 0 0 
_1.ptx 1445 : 15923 101707 0 0 0 0 0 0 0 
_1.ptx 622 : 65536 407840 0 0 0 0 0 0 0 
_1.ptx 1446 : 15923 146858 0 0 0 0 0 0 0 
_1.ptx 623 : 65536 1515488 44544 0 0 0 0 0 0 
_1.ptx 1447 : 15923 113885 0 0 0 0 0 0 0 
_1.ptx 624 : 65536 407840 0 0 0 0 0 0 0 
_1.ptx 1448 : 15923 101041 0 0 0 0 0 0 0 
_1.ptx 625 : 65536 1608352 39808 0 0 0 0 0 0 
_1.ptx 1449 : 15923 146947 0 0 0 0 0 0 0 
_1.ptx 626 : 65536 414432 0 0 0 0 0 0 0 
_1.ptx 1450 : 15923 107026 0 0 0 0 0 0 0 
_1.ptx 627 : 65536 1069664 42112 0 0 0 0 0 0 
_1.ptx 1451 : 15923 101935 0 0 0 0 0 0 0 
_1.ptx 628 : 65536 410400 0 0 0 0 0 0 0 
_1.ptx 1452 : 15923 147773 0 0 0 0 0 0 0 
_1.ptx 629 : 65536 1164384 44800 0 0 0 0 0 0 
_1.ptx 1453 : 15923 109732 0 0 0 0 0 0 0 
_1.ptx 630 : 65536 410304 0 0 0 0 0 0 0 
_1.ptx 1454 : 15923 101001 0 0 0 0 0 0 0 
_1.ptx 631 : 65536 1385088 41216 0 0 0 0 0 0 
_1.ptx 1455 : 15923 147026 0 0 0 0 0 0 0 
_1.ptx 632 : 65536 410912 0 0 0 0 0 0 0 
_1.ptx 1456 : 15923 106747 0 0 0 0 0 0 0 
_1.ptx 633 : 65536 1360128 45696 0 0 0 0 0 0 
_1.ptx 1457 : 15923 166124 0 0 0 0 0 0 0 
_1.ptx 634 : 65536 409312 0 0 0 0 0 0 0 
_1.ptx 1458 : 15923 167020 0 0 0 0 0 0 0 
_1.ptx 635 : 65536 1451840 40832 0 0 0 0 0 0 
_1.ptx 1459 : 15923 109324 0 0 0 0 0 0 0 
_1.ptx 636 : 65536 410848 0 0 0 0 0 0 0 
_1.ptx 1460 : 15923 134657 0 0 0 0 0 0 0 
_1.ptx 637 : 65536 1577856 44672 0 0 0 0 0 0 
_1.ptx 1461 : 15923 35957 0 0 0 0 0 0 386 
_1.ptx 638 : 65536 409792 0 0 0 0 0 0 0 
_1.ptx 639 : 65536 1701792 46208 0 0 0 0 0 0 
_1.ptx 640 : 65536 410592 0 0 0 0 0 0 0 
_1.ptx 1464 : 65536 13684064 9728 0 0 4096 2048 0 0 
_1.ptx 641 : 65536 1655488 46464 0 0 0 0 0 0 
_1.ptx 1465 : 65536 1966496 0 0 0 0 0 0 0 
_1.ptx 642 : 65536 413664 0 0 0 0 0 0 0 
_1.ptx 1466 : 65536 503200 0 0 0 0 0 0 0 
_1.ptx 643 : 65536 1339808 49408 0 0 0 0 0 0 
_1.ptx 1467 : 65536 434592 0 0 0 0 0 0 0 
_1.ptx 644 : 65536 418784 0 0 0 0 0 0 0 
_1.ptx 1468 : 65536 745088 0 0 0 0 0 0 0 
_1.ptx 645 : 65536 422496 0 0 0 0 0 0 0 
_1.ptx 1469 : 65536 501536 0 0 0 0 0 0 0 
_1.ptx 646 : 65536 547808 0 0 0 0 0 0 0 
_1.ptx 1470 : 65536 1698272 0 0 0 0 0 0 0 
_1.ptx 647 : 65536 418304 0 0 0 0 0 0 0 
_1.ptx 1471 : 65536 505440 0 0 0 0 0 0 0 
_1.ptx 648 : 65536 424032 0 0 0 0 0 0 0 
_1.ptx 1472 : 65536 441440 0 0 0 0 0 0 0 
_1.ptx 649 : 65536 548544 0 0 0 0 0 0 0 
_1.ptx 1473 : 65536 745760 0 0 0 0 0 0 0 
_1.ptx 650 : 65536 427456 0 0 0 0 0 0 0 
_1.ptx 1474 : 65536 503200 0 0 0 0 0 0 0 
_1.ptx 651 : 65536 738816 0 0 0 0 0 0 0 
_1.ptx 1475 : 65536 501280 0 0 0 0 0 0 0 
_1.ptx 652 : 65536 424928 0 0 0 0 0 0 0 
_1.ptx 1476 : 65536 546880 0 0 0 0 0 0 0 
_1.ptx 653 : 65536 735264 0 0 0 0 0 0 0 
_1.ptx 1477 : 65536 1295488 0 0 0 0 0 0 0 
_1.ptx 654 : 65536 1717024 128 0 0 0 0 0 0 
_1.ptx 1478 : 65536 494624 0 0 0 0 0 0 0 
_1.ptx 655 : 65536 1525952 0 0 0 0 0 0 0 
_1.ptx 1479 : 65536 434880 0 0 0 0 0 0 0 
_1.ptx 656 : 65536 542560 0 0 0 0 0 0 0 
_1.ptx 1480 : 65536 737344 0 0 0 0 0 0 0 
_1.ptx 657 : 65536 485504 0 0 0 0 0 0 0 
_1.ptx 1481 : 65536 507360 0 0 0 0 0 0 0 
_1.ptx 658 : 65536 545376 0 0 0 0 0 0 0 
_1.ptx 1482 : 65536 497728 0 0 0 0 0 0 0 
_1.ptx 659 : 65536 492384 0 0 0 0 0 0 0 
_1.ptx 1483 : 65536 1413088 0 0 0 0 0 0 0 
_1.ptx 660 : 65536 552128 0 0 0 0 0 0 0 
_1.ptx 1484 : 65536 512064 0 0 0 0 0 0 0 
_1.ptx 661 : 65536 422944 0 0 0 0 0 0 0 
_1.ptx 1485 : 65536 449408 0 0 0 0 0 0 0 
_1.ptx 662 : 65536 546336 0 0 0 0 0 0 0 
_1.ptx 1486 : 65536 755136 0 0 0 0 0 0 0 
_1.ptx 663 : 65536 0 0 0 0 0 0 0 0 
_1.ptx 1487 : 65536 519424 0 0 0 0 0 0 0 
_1.ptx 1488 : 65536 512640 0 0 0 0 0 0 0 
_1.ptx 665 : 65536 820128 0 0 0 0 0 0 0 
_1.ptx 1489 : 65536 560128 0 0 0 0 0 0 0 
_1.ptx 666 : 65536 632448 0 0 0 0 0 0 0 
_1.ptx 1490 : 65536 557536 0 0 0 0 0 0 0 
_1.ptx 667 : 65536 738624 0 0 0 0 0 0 0 
_1.ptx 1491 : 65536 749696 0 0 0 0 0 0 0 
_1.ptx 668 : 65536 492992 0 0 0 0 0 0 0 
_1.ptx 1492 : 65536 620800 0 0 0 4096 2048 0 0 
_1.ptx 669 : 65536 762464 0 0 0 0 0 0 0 
_1.ptx 670 : 65536 742784 0 0 0 0 0 0 0 
_1.ptx 671 : 65536 431904 0 0 0 0 0 0 0 
_1.ptx 1495 : 65536 426368 0 0 0 0 0 0 0 
_1.ptx 672 : 65536 1341568 188032 0 0 4096 2048 0 0 
_1.ptx 674 : 65536 2124480 128 0 0 0 0 0 0 
_1.ptx 675 : 65536 1952672 0 0 0 0 0 0 0 
_1.ptx 676 : 65536 664448 0 0 0 0 0 0 0 
_1.ptx 678 : 65536 365120 0 0 0 0 0 0 0 
_1.ptx 679 : 65536 548288 0 0 0 0 0 0 0 
_1.ptx 680 : 65536 746720 0 0 0 0 0 0 0 
_1.ptx 681 : 65536 1349248 0 0 0 0 0 0 0 
_1.ptx 682 : 65536 545344 0 0 0 0 0 0 0 
_1.ptx 683 : 65536 540320 0 0 0 0 0 0 0 
_1.ptx 684 : 65536 481216 0 0 0 0 0 0 0 
_1.ptx 685 : 65536 755136 0 0 0 0 0 0 0 
_1.ptx 686 : 65536 475456 0 0 0 0 0 0 0 
_1.ptx 687 : 65536 764320 0 0 0 0 0 0 0 
_1.ptx 688 : 65536 524736 0 0 0 0 0 0 0 
_1.ptx 689 : 65536 525120 0 0 0 0 0 0 0 
_1.ptx 690 : 65536 526464 0 0 0 0 0 0 0 
_1.ptx 691 : 65536 457344 0 0 0 0 0 0 0 
_1.ptx 692 : 65536 3176192 0 0 0 0 0 0 0 
_1.ptx 693 : 65536 424896 0 0 0 0 0 0 0 
_1.ptx 694 : 65536 748192 0 0 0 0 0 0 0 
_1.ptx 695 : 65536 765504 0 0 0 0 0 0 0 
_1.ptx 696 : 65536 454176 0 0 0 0 0 0 0 
_1.ptx 697 : 65536 764224 0 0 0 0 0 0 0 
_1.ptx 698 : 65536 747296 0 0 0 0 0 0 0 
_1.ptx 699 : 65536 489088 0 0 0 0 0 0 0 
_1.ptx 700 : 65536 744096 0 0 0 0 0 0 0 
_1.ptx 701 : 65536 411936 0 0 0 0 0 0 0 
_1.ptx 702 : 65536 745664 0 0 0 0 0 0 0 
_1.ptx 703 : 65536 400960 0 0 0 0 0 0 0 
_1.ptx 704 : 65536 742400 0 0 0 0 0 0 0 
_1.ptx 705 : 65536 431552 0 0 0 0 0 0 0 
_1.ptx 706 : 65536 742176 0 0 0 0 0 0 0 
_1.ptx 707 : 65536 421440 0 0 0 0 0 0 0 
_1.ptx 708 : 65536 738368 0 0 0 0 0 0 0 
_1.ptx 709 : 65536 373696 0 0 0 0 0 0 0 
_1.ptx 710 : 65536 755104 0 0 0 0 0 0 0 
_1.ptx 711 : 65536 774848 0 0 0 0 0 0 0 
_1.ptx 712 : 65536 782496 0 0 0 0 0 0 0 
_1.ptx 713 : 65536 794560 0 0 0 0 0 0 0 
_1.ptx 714 : 65536 798272 0 0 0 0 0 0 0 
_1.ptx 715 : 65536 809696 0 0 0 0 0 0 0 
_1.ptx 716 : 65536 825280 0 0 0 0 0 0 0 
_1.ptx 717 : 65536 798464 0 0 0 0 0 0 0 
_1.ptx 718 : 65536 792224 0 0 0 0 0 0 0 
_1.ptx 719 : 65536 791424 0 0 0 0 0 0 0 
_1.ptx 720 : 65536 781568 0 0 0 0 0 0 0 
_1.ptx 721 : 65536 783168 0 0 0 0 0 0 0 
_1.ptx 722 : 65536 781184 0 0 0 0 0 0 0 
_1.ptx 723 : 65536 808096 0 0 0 0 0 0 0 
_1.ptx 724 : 65536 649216 0 0 0 0 0 0 0 
_1.ptx 725 : 65536 619808 0 0 0 0 0 0 0 
_1.ptx 726 : 65536 2192704 0 0 0 0 0 0 0 
_1.ptx 727 : 65536 786400 0 0 0 0 0 0 0 
_1.ptx 728 : 65536 779040 0 0 0 0 0 0 0 
_1.ptx 729 : 65536 795072 0 0 0 0 0 0 0 
_1.ptx 731 : 65536 456512 0 0 0 0 0 0 0 
_1.ptx 733 : 65536 496416 0 0 0 0 0 0 0 
_1.ptx 734 : 65536 509440 0 0 0 0 0 0 0 
_1.ptx 735 : 65536 492608 0 0 0 0 0 0 0 
_1.ptx 736 : 65536 490176 0 0 0 0 0 0 0 
_1.ptx 738 : 127467 1009744 0 0 0 0 0 0 0 
_1.ptx 739 : 127467 888303 0 0 0 0 0 0 0 
_1.ptx 740 : 127467 856242 0 0 0 0 0 0 0 
_1.ptx 744 : 509868 3096880 128 0 0 17236 17236 0 0 
_1.ptx 745 : 509868 2987170 0 0 0 17236 17236 0 0 
_1.ptx 746 : 509868 3220202 128 0 0 17236 17236 0 0 
_1.ptx 747 : 509868 2610412 0 0 0 17236 17236 0 0 
_1.ptx 748 : 509868 2452744 0 0 0 17236 17236 0 0 
_1.ptx 749 : 509868 3436367 0 0 0 0 0 0 0 
_1.ptx 750 : 509868 4432904 0 0 0 0 0 0 0 
_1.ptx 751 : 509868 2725775 0 0 0 0 0 0 0 
_1.ptx 753 : 127467 986334 0 0 0 0 0 0 0 
_1.ptx 754 : 127467 869917 0 0 0 0 0 0 0 
_1.ptx 755 : 127467 1091122 0 0 0 0 0 0 0 
_1.ptx 756 : 127467 873654 0 0 0 0 0 0 0 
_1.ptx 761 : 127467 1459326 0 0 0 0 0 0 0 
_1.ptx 762 : 127467 6256178 0 0 0 0 0 0 0 
_1.ptx 763 : 127467 843837 0 0 0 0 0 0 0 
_1.ptx 764 : 127467 859050 0 0 0 0 0 0 0 
_1.ptx 765 : 127467 1085763 0 0 0 0 0 0 0 
_1.ptx 766 : 127467 1206294 0 0 0 0 0 0 0 
_1.ptx 769 : 127467 1013874 0 0 0 0 0 0 0 
_1.ptx 770 : 127467 895209 0 0 0 0 0 0 0 
_1.ptx 773 : 382401 4489217 0 0 0 0 0 0 0 
_1.ptx 774 : 382401 1245314 0 0 0 0 0 0 0 
_1.ptx 775 : 382401 4533650 0 0 0 0 0 0 0 
_1.ptx 776 : 382401 4529798 0 0 0 0 0 0 0 
_1.ptx 777 : 382401 4562053 0 0 0 0 0 0 0 
_1.ptx 778 : 382401 4581451 0 0 0 0 0 0 0 
_1.ptx 779 : 382401 4581176 0 0 0 0 0 0 0 
_1.ptx 780 : 382401 4589935 0 0 0 0 0 0 0 
_1.ptx 781 : 382401 3759720 0 0 0 0 0 0 0 
_1.ptx 782 : 382401 3840185 0 0 0 0 0 0 0 
_1.ptx 783 : 382401 3744321 0 0 0 0 0 0 0 
_1.ptx 784 : 382401 3839759 0 0 0 0 0 0 0 
_1.ptx 785 : 382401 3400055 0 0 0 0 0 0 0 
_1.ptx 786 : 382401 3179557 0 0 0 0 0 0 0 
_1.ptx 787 : 382401 2777678 0 0 0 0 0 0 0 
_1.ptx 788 : 382401 3392426 0 0 0 0 0 0 0 
_1.ptx 789 : 382401 3165750 0 0 0 0 0 0 0 
_1.ptx 790 : 382401 3408743 0 0 0 0 0 0 0 
_1.ptx 791 : 382401 2802948 0 0 0 0 0 0 0 
_1.ptx 792 : 382401 3400888 0 0 0 0 0 0 0 
_1.ptx 793 : 382401 2009139 0 0 0 0 0 0 1523 
_1.ptx 794 : 105477 780540 0 0 0 0 0 0 0 
_1.ptx 795 : 105477 770753 0 0 0 0 0 0 0 
_1.ptx 797 : 276924 3273219 0 0 0 0 0 0 0 
_1.ptx 798 : 276924 3279618 0 0 0 0 0 0 0 
_1.ptx 799 : 276924 2455657 0 0 0 0 0 0 0 
_1.ptx 800 : 276924 143840 0 0 0 0 0 0 715 
_1.ptx 801 : 257599 1887912 0 0 0 0 0 0 0 
_1.ptx 802 : 257599 1908039 0 0 0 0 0 0 0 
_1.ptx 805 : 19325 226344 0 0 0 0 0 0 0 
_1.ptx 806 : 19325 342202 0 0 0 0 0 0 0 
_1.ptx 807 : 19325 227535 0 0 0 0 0 0 0 
_1.ptx 808 : 19325 231151 0 0 0 0 0 0 0 
_1.ptx 809 : 19325 186393 0 0 0 0 0 0 0 
_1.ptx 813 : 382401 3188920 0 0 0 0 0 0 0 
_1.ptx 815 : 509868 3650985 0 0 0 0 0 0 0 
_1.ptx 816 : 509868 4422485 0 0 0 0 0 0 0 
_1.ptx 817 : 509868 4108007 0 0 0 0 0 0 0 
_1.ptx 818 : 509868 4424244 0 0 0 0 0 0 0 
_1.ptx 819 : 509868 4115879 0 0 0 0 0 0 0 
_1.ptx 820 : 509868 4486695 0 0 0 0 0 0 0 
_1.ptx 821 : 509868 3592704 0 0 0 0 0 0 0 
_1.ptx 822 : 509868 4450858 0 0 0 0 0 0 0 
