kernel line : count latency dram_traffic smem_bk_conflicts smem_warp gmem_access_generated gmem_warp exposed_latency warp_divergence
_1.ptx 823 : 509868 3065843 0 0 0 0 0 0 1125 
_1.ptx 825 : 74702 592627 0 0 0 0 0 0 0 
_1.ptx 827 : 74702 624327 0 0 0 0 0 0 0 
_1.ptx 829 : 509868 5578421 0 0 0 0 0 0 0 
_1.ptx 830 : 509868 5628644 0 0 0 0 0 0 0 
_1.ptx 831 : 509868 3795662 0 0 0 0 0 0 0 
_1.ptx 832 : 509868 4479660 0 0 0 0 0 0 0 
_1.ptx 833 : 509868 2676125 0 0 0 0 0 0 0 
_1.ptx 834 : 127467 910774 0 0 0 0 0 0 0 
_1.ptx 835 : 127467 1103423 0 0 0 0 0 0 0 
_1.ptx 836 : 127467 1025089 0 0 0 0 0 0 0 
_1.ptx 837 : 127467 893859 0 0 0 0 0 0 0 
_1.ptx 838 : 127467 1099981 0 0 0 0 0 0 0 
_1.ptx 839 : 127467 1010733 0 0 0 0 0 0 0 
_1.ptx 840 : 127467 1104234 0 0 0 0 0 0 0 
_1.ptx 841 : 127467 892408 0 0 0 0 0 0 0 
_1.ptx 842 : 127467 1093650 0 0 0 0 0 0 0 
_1.ptx 843 : 127467 446905 0 0 0 0 0 0 631 
_1.ptx 845 : 62282 680368 0 0 0 0 0 0 0 
_1.ptx 847 : 62282 513216 0 0 0 0 0 0 0 
_1.ptx 848 : 62282 491257 0 0 0 0 0 0 0 
_1.ptx 849 : 62282 835247 0 0 0 0 0 0 0 
_1.ptx 850 : 62282 719072 0 0 0 0 0 0 0 
_1.ptx 851 : 62282 305826 0 0 0 2349 2349 0 0 
_1.ptx 852 : 62282 302975 0 0 0 2349 2349 0 0 
_1.ptx 853 : 62282 301255 0 0 0 2544 2349 0 0 
_1.ptx 854 : 62282 305408 0 0 0 2544 2349 0 0 
_1.ptx 855 : 62282 300155 0 0 0 2544 2349 0 0 
_1.ptx 856 : 62282 303513 0 0 0 2544 2349 0 0 
_1.ptx 857 : 62282 293399 0 0 0 2544 2349 0 0 
_1.ptx 859 : 62282 706407 0 0 0 0 0 0 0 
_1.ptx 860 : 62282 708941 0 0 0 0 0 0 0 
_1.ptx 861 : 62282 710696 0 0 0 0 0 0 0 
_1.ptx 862 : 62282 720333 0 0 0 0 0 0 0 
_1.ptx 863 : 62282 734659 0 0 0 0 0 0 0 
_1.ptx 864 : 62282 724897 0 0 0 0 0 0 0 
_1.ptx 865 : 62282 325017 0 0 0 2544 2349 0 0 
_1.ptx 866 : 62282 441658 0 0 0 0 0 0 0 
_1.ptx 867 : 62282 535584 0 0 0 0 0 0 0 
_1.ptx 868 : 62282 129991 0 0 0 0 0 0 305 
_1.ptx 870 : 43133 312416 0 0 0 0 0 0 0 
_1.ptx 871 : 43133 310857 0 0 0 0 0 0 0 
_1.ptx 872 : 43133 312745 0 0 0 0 0 0 0 
_1.ptx 873 : 43133 300952 0 0 0 0 0 0 0 
_1.ptx 875 : 19149 61919 0 0 0 0 0 0 0 
_1.ptx 876 : 19149 220706 0 0 0 0 0 0 0 
_1.ptx 877 : 19149 222060 0 0 0 0 0 0 0 
_1.ptx 878 : 19149 223335 0 0 0 0 0 0 0 
_1.ptx 879 : 19149 226684 0 0 0 0 0 0 0 
_1.ptx 880 : 19149 232613 0 0 0 0 0 0 0 
_1.ptx 881 : 19149 183176 0 0 0 0 0 0 0 
_1.ptx 882 : 19149 185584 0 0 0 0 0 0 0 
_1.ptx 883 : 19149 650690 0 0 0 0 0 0 0 
_1.ptx 884 : 19149 242526 0 0 0 0 0 0 0 
_1.ptx 885 : 19149 248399 0 0 0 0 0 0 0 
_1.ptx 886 : 19149 248412 0 0 0 0 0 0 0 
_1.ptx 888 : 62282 730142 0 0 0 0 0 0 0 
_1.ptx 889 : 62282 730175 0 0 0 0 0 0 0 
_1.ptx 890 : 62282 744463 0 0 0 0 0 0 0 
_1.ptx 891 : 62282 773181 0 0 0 0 0 0 0 
_1.ptx 892 : 62282 612222 0 0 0 0 0 0 0 
_1.ptx 893 : 62282 603691 0 0 0 0 0 0 0 
_1.ptx 894 : 62282 2101175 0 0 0 0 0 0 0 
_1.ptx 895 : 62282 742470 0 0 0 0 0 0 0 
_1.ptx 896 : 62282 734360 0 0 0 0 0 0 0 
_1.ptx 897 : 62282 734114 0 0 0 0 0 0 0 
_1.ptx 898 : 62282 718586 0 0 0 0 0 0 0 
_1.ptx 899 : 62282 599973 0 0 0 0 0 0 0 
_1.ptx 900 : 62282 596011 0 0 0 0 0 0 0 
_1.ptx 901 : 62282 426210 0 0 0 0 0 0 0 
_1.ptx 902 : 62282 537233 0 0 0 0 0 0 0 
_1.ptx 903 : 62282 431675 0 0 0 0 0 0 0 
_1.ptx 910 : 62282 487597 0 0 0 0 0 0 0 
_1.ptx 911 : 62282 493596 0 0 0 0 0 0 0 
_1.ptx 912 : 62282 509029 0 0 0 0 0 0 0 
_1.ptx 915 : 62282 450808 0 0 0 0 0 0 0 
_1.ptx 916 : 62282 725032 0 0 0 0 0 0 0 
_1.ptx 917 : 62282 494015 0 0 0 0 0 0 0 
_1.ptx 918 : 62282 989868 0 0 0 0 0 0 0 
_1.ptx 919 : 62282 709030 0 0 0 0 0 0 0 
_1.ptx 920 : 62282 539936 20960 0 0 0 0 0 0 
_1.ptx 921 : 62282 414668 0 0 0 0 0 0 0 
_1.ptx 922 : 62282 716942 0 0 0 0 0 0 0 
_1.ptx 923 : 62282 710996 44960 0 0 0 0 0 0 
_1.ptx 924 : 62282 412197 0 0 0 0 0 0 0 
_1.ptx 925 : 62282 713300 0 0 0 0 0 0 0 
_1.ptx 926 : 62282 909162 21920 0 0 0 0 0 0 
_1.ptx 927 : 62282 406420 0 0 0 0 0 0 0 
_1.ptx 928 : 62282 711978 0 0 0 0 0 0 0 
_1.ptx 929 : 62282 938922 13504 0 0 0 0 0 0 
_1.ptx 931 : 62282 410414 0 0 0 0 0 0 0 
_1.ptx 932 : 62282 715568 0 0 0 0 0 0 0 
_1.ptx 933 : 62282 423820 0 0 0 0 0 0 0 
_1.ptx 934 : 62282 712030 0 0 0 0 0 0 0 
_1.ptx 935 : 62282 410405 0 0 0 0 0 0 0 
_1.ptx 936 : 62282 718771 0 0 0 0 0 0 0 
_1.ptx 937 : 62282 746607 0 0 0 0 0 0 0 
_1.ptx 938 : 62282 601852 0 0 0 0 0 0 0 
_1.ptx 939 : 62282 594654 0 0 0 0 0 0 0 
_1.ptx 940 : 62282 2396600 0 0 0 0 0 0 0 
_1.ptx 941 : 62282 758981 0 0 0 0 0 0 0 
_1.ptx 942 : 62282 758417 0 0 0 0 0 0 0 
_1.ptx 943 : 62282 793759 0 0 0 0 0 0 0 
_1.ptx 944 : 62282 770277 0 0 0 0 0 0 0 
_1.ptx 945 : 62282 599299 0 0 0 0 0 0 0 
_1.ptx 946 : 62282 602608 0 0 0 0 0 0 0 
_1.ptx 947 : 62282 439836 0 0 0 0 0 0 0 
_1.ptx 948 : 62282 544325 0 0 0 0 0 0 0 
_1.ptx 949 : 62282 37550 0 0 0 0 0 0 318 
_1.ptx 951 : 56815 449292 0 0 0 0 0 0 0 
_1.ptx 952 : 56815 353502 0 0 0 0 0 0 0 
_1.ptx 955 : 220903 993485 0 0 0 8579 8579 0 0 
_1.ptx 956 : 220903 1001157 0 0 0 8579 8579 0 0 
_1.ptx 957 : 220903 982190 0 0 0 8579 8579 0 0 
_1.ptx 958 : 220903 992545 0 0 0 8579 8579 0 0 
_1.ptx 959 : 220903 1474269 0 0 0 0 0 0 0 
_1.ptx 960 : 220903 1888626 0 0 0 0 0 0 0 
_1.ptx 961 : 220903 1140860 0 0 0 0 0 0 0 
_1.ptx 963 : 56815 432004 0 0 0 0 0 0 0 
_1.ptx 964 : 56815 378703 0 0 0 0 0 0 0 
_1.ptx 965 : 56815 477450 0 0 0 0 0 0 0 
_1.ptx 966 : 56815 368272 0 0 0 0 0 0 0 
_1.ptx 971 : 56815 361572 0 0 0 0 0 0 0 
_1.ptx 972 : 56815 524733 0 0 0 0 0 0 0 
_1.ptx 973 : 56815 640685 0 0 0 0 0 0 0 
_1.ptx 974 : 56815 3400834 0 0 0 0 0 0 0 
_1.ptx 976 : 56815 366509 0 0 0 0 0 0 0 
_1.ptx 977 : 56815 371099 0 0 0 0 0 0 0 
_1.ptx 978 : 56815 485384 0 0 0 0 0 0 0 
_1.ptx 979 : 56815 528642 0 0 0 0 0 0 0 
_1.ptx 982 : 56815 432550 0 0 0 0 0 0 0 
_1.ptx 983 : 56815 377704 0 0 0 0 0 0 0 
_1.ptx 986 : 164088 747463 0 0 0 6402 6402 0 0 
_1.ptx 987 : 164088 621083 0 0 0 0 0 0 0 
_1.ptx 988 : 164088 1941134 0 0 0 0 0 0 0 
_1.ptx 989 : 164088 1157669 0 0 0 0 0 0 0 
_1.ptx 990 : 164088 1954969 0 0 0 0 0 0 0 
_1.ptx 991 : 164088 1184138 0 0 0 0 0 0 0 
_1.ptx 992 : 164088 1956952 0 0 0 0 0 0 0 
_1.ptx 993 : 164088 1205302 0 0 0 0 0 0 0 
_1.ptx 994 : 164088 1955484 0 0 0 0 0 0 0 
_1.ptx 995 : 164088 1947525 0 0 0 0 0 0 0 
_1.ptx 996 : 164088 1986739 0 0 0 0 0 0 0 
_1.ptx 997 : 164088 1979607 0 0 0 0 0 0 0 
_1.ptx 998 : 164088 1983621 0 0 0 0 0 0 0 
_1.ptx 999 : 164088 1979141 0 0 0 0 0 0 0 
_1.ptx 1000 : 164088 2003841 0 0 0 0 0 0 0 
_1.ptx 1001 : 164088 2018671 0 0 0 0 0 0 0 
_1.ptx 1002 : 164088 1681999 0 0 0 0 0 0 0 
_1.ptx 1003 : 164088 1663628 0 0 0 0 0 0 0 
_1.ptx 1004 : 164088 1996558 0 0 0 0 0 0 0 
_1.ptx 1005 : 164088 1646311 0 0 0 0 0 0 0 
_1.ptx 1006 : 164088 1644556 0 0 0 0 0 0 0 
_1.ptx 1007 : 164088 2005262 0 0 0 0 0 0 0 
_1.ptx 1008 : 164088 1498315 0 0 0 0 0 0 0 
_1.ptx 1009 : 164088 1391835 0 0 0 0 0 0 0 
_1.ptx 1010 : 164088 1175466 0 0 0 0 0 0 0 
_1.ptx 1011 : 164088 1460418 0 0 0 0 0 0 0 
_1.ptx 1012 : 164088 1359016 0 0 0 0 0 0 0 
_1.ptx 1013 : 164088 1466204 0 0 0 0 0 0 0 
_1.ptx 1014 : 164088 1200562 0 0 0 0 0 0 0 
_1.ptx 1015 : 164088 1465852 0 0 0 0 0 0 0 
_1.ptx 1016 : 164088 830050 0 0 0 0 0 0 965 
_1.ptx 1017 : 50431 371795 0 0 0 0 0 0 0 
_1.ptx 1018 : 50431 364866 0 0 0 0 0 0 0 
_1.ptx 1020 : 113657 1345552 0 0 0 0 0 0 0 
_1.ptx 1021 : 113657 1353613 0 0 0 0 0 0 0 
_1.ptx 1022 : 113657 1022688 0 0 0 0 0 0 0 
_1.ptx 1023 : 113657 44965 0 0 0 0 0 0 344 
_1.ptx 1024 : 107587 800577 0 0 0 0 0 0 0 
_1.ptx 1025 : 107587 810762 0 0 0 0 0 0 0 
_1.ptx 1028 : 6070 70648 0 0 0 0 0 0 0 
_1.ptx 1029 : 6070 116057 0 0 0 0 0 0 0 
_1.ptx 1030 : 6070 72167 0 0 0 0 0 0 0 
_1.ptx 1031 : 6070 73817 0 0 0 0 0 0 0 
_1.ptx 1032 : 6070 59674 0 0 0 0 0 0 0 
_1.ptx 1036 : 164088 1373947 0 0 0 0 0 0 0 
_1.ptx 1039 : 220903 1583963 0 0 0 0 0 0 0 
_1.ptx 1040 : 220903 1928448 0 0 0 0 0 0 0 
_1.ptx 1041 : 220903 1509368 0 0 0 0 0 0 370 
_1.ptx 1042 : 6068 73620 0 0 0 0 0 0 0 
_1.ptx 1043 : 6068 73219 0 0 0 0 0 0 0 
_1.ptx 1044 : 6068 73545 0 0 0 0 0 0 0 
_1.ptx 1045 : 6068 73766 0 0 0 0 0 0 0 
_1.ptx 1046 : 6068 73216 0 0 0 0 0 0 0 
_1.ptx 1047 : 6068 73303 0 0 0 0 0 0 0 
_1.ptx 1048 : 6068 73409 0 0 0 0 0 0 0 
_1.ptx 1049 : 6068 60776 0 0 0 0 0 0 0 
_1.ptx 1050 : 6068 60818 0 0 0 0 0 0 0 
_1.ptx 1051 : 6068 55741 0 0 0 0 0 0 0 
_1.ptx 1052 : 6068 46136 0 0 0 0 0 0 0 
_1.ptx 1057 : 220903 2404086 0 0 0 0 0 0 0 
_1.ptx 1058 : 220903 2412620 0 0 0 0 0 0 0 
_1.ptx 1059 : 220903 1681989 0 0 0 0 0 0 0 
_1.ptx 1060 : 220903 1940046 0 0 0 0 0 0 0 
_1.ptx 1061 : 220903 369809 0 0 0 0 0 0 0 
_1.ptx 1062 : 169119 1238483 0 0 0 0 0 0 0 
_1.ptx 1063 : 169119 1462278 0 0 0 0 0 0 0 
_1.ptx 1064 : 169119 1139232 0 0 0 0 0 0 295 
_1.ptx 1065 : 5031 35637 0 0 0 0 0 0 0 
_1.ptx 1067 : 51784 375593 0 0 0 0 0 0 0 
_1.ptx 1068 : 51784 458375 0 0 0 0 0 0 0 
_1.ptx 1071 : 56815 45233 0 0 0 0 0 0 318 
_1.ptx 1073 : 50745 600968 0 0 0 0 0 0 0 
_1.ptx 1074 : 50745 605531 0 0 0 0 0 0 0 
_1.ptx 1075 : 50745 607572 0 0 0 0 0 0 0 
_1.ptx 1076 : 50745 638081 0 0 0 0 0 0 0 
_1.ptx 1077 : 50745 505354 0 0 0 0 0 0 0 
_1.ptx 1078 : 50745 498549 0 0 0 0 0 0 0 
_1.ptx 1079 : 50745 1254179 0 0 0 0 0 0 0 
_1.ptx 1081 : 50745 371365 0 0 0 0 0 0 0 
_1.ptx 1082 : 50745 1078552 0 0 0 0 0 0 0 
_1.ptx 1083 : 50745 412221 0 0 0 0 0 0 0 
_1.ptx 1084 : 50745 726973 0 0 0 0 0 0 0 
_1.ptx 1085 : 50745 674163 0 0 0 0 0 0 0 
_1.ptx 1086 : 50745 603958 0 0 0 0 0 0 0 
_1.ptx 1087 : 50745 366817 0 0 0 0 0 0 0 
_1.ptx 1088 : 50745 364668 0 0 0 0 0 0 0 
_1.ptx 1089 : 50745 587248 0 0 0 0 0 0 0 
_1.ptx 1090 : 50745 595836 0 0 0 0 0 0 0 
_1.ptx 1091 : 50745 607467 0 0 0 0 0 0 0 
_1.ptx 1092 : 50745 353194 0 0 0 0 0 0 0 
_1.ptx 1093 : 50745 365200 0 0 0 0 0 0 0 
_1.ptx 1094 : 50745 591926 0 0 0 0 0 0 0 
_1.ptx 1095 : 50745 599607 0 0 0 0 0 0 0 
_1.ptx 1096 : 50745 605459 0 0 0 0 0 0 0 
_1.ptx 1097 : 50745 617777 0 0 0 0 0 0 0 
_1.ptx 1098 : 50745 360059 0 0 0 0 0 0 0 
_1.ptx 1099 : 50745 593018 0 0 0 0 0 0 0 
_1.ptx 1100 : 50745 491162 0 0 0 0 0 0 0 
_1.ptx 1101 : 50745 671300 0 0 0 0 0 0 0 
_1.ptx 1103 : 50745 585375 0 0 0 0 0 0 0 
_1.ptx 1104 : 50745 589903 0 0 0 0 0 0 0 
_1.ptx 1105 : 50745 590874 0 0 0 0 0 0 0 
_1.ptx 1106 : 50745 502410 0 0 0 0 0 0 0 
_1.ptx 1107 : 50745 613585 0 0 0 0 0 0 0 
_1.ptx 1108 : 50745 510756 0 0 0 0 0 0 0 
_1.ptx 1109 : 50745 384366 0 0 0 0 0 0 0 
_1.ptx 1110 : 50745 1103779 0 0 0 0 0 0 0 
_1.ptx 1111 : 50745 424828 0 0 0 0 0 0 0 
_1.ptx 1112 : 50745 1109397 0 0 0 0 0 0 0 
_1.ptx 1113 : 50745 434063 0 0 0 0 0 0 0 
_1.ptx 1114 : 50745 469207 0 0 0 0 0 0 0 
_1.ptx 1115 : 50745 377452 0 0 0 0 0 0 0 
_1.ptx 1121 : 50745 418686 0 0 0 0 0 0 0 
_1.ptx 1122 : 50745 369449 0 0 0 0 0 0 0 
_1.ptx 1123 : 50745 435271 0 0 0 0 0 0 0 
_1.ptx 1124 : 50745 0 0 0 0 0 0 0 0 
_1.ptx 1125 : 50745 330088 0 0 0 0 0 0 0 
_1.ptx 1133 : 50745 325044 0 0 0 0 0 0 0 
_1.ptx 1134 : 50745 423897 0 0 0 0 0 0 0 
_1.ptx 1135 : 50745 335394 0 0 0 0 0 0 0 
_1.ptx 1140 : 50745 329743 0 0 0 0 0 0 0 
_1.ptx 1141 : 50745 424053 0 0 0 0 0 0 0 
_1.ptx 1142 : 50745 335194 0 0 0 0 0 0 0 
_1.ptx 1157 : 50745 330956 0 0 0 0 0 0 0 
_1.ptx 1158 : 50745 428056 0 0 0 0 0 0 0 
_1.ptx 1159 : 50745 330383 0 0 0 0 0 0 0 
_1.ptx 1181 : 50745 328935 0 0 0 0 0 0 0 
_1.ptx 1182 : 50745 424840 0 0 0 0 0 0 0 
_1.ptx 1183 : 50745 330706 0 0 0 0 0 0 0 
_1.ptx 1196 : 50745 372731 0 0 0 0 0 0 0 
_1.ptx 1197 : 50745 376186 0 0 0 0 0 0 0 
_1.ptx 1198 : 50745 380246 0 0 0 0 0 0 0 
_1.ptx 1199 : 50745 388654 0 0 0 0 0 0 0 
_1.ptx 1200 : 50745 348310 0 0 0 0 0 0 0 
_1.ptx 1201 : 50745 431429 0 0 0 0 0 0 0 
_1.ptx 1202 : 50745 336728 0 0 0 0 0 0 0 
_1.ptx 1213 : 50745 424252 0 0 0 0 0 0 0 
_1.ptx 1216 : 50745 580746 0 0 0 0 0 0 0 
_1.ptx 1218 : 50745 428134 0 0 0 0 0 0 0 
_1.ptx 1219 : 50745 405913 0 0 0 0 0 0 0 
_1.ptx 1220 : 50745 402660 0 0 0 0 0 0 0 
_1.ptx 1221 : 50745 409482 0 0 0 0 0 0 0 
_1.ptx 1222 : 50745 363466 0 0 0 0 0 0 0 
_1.ptx 1223 : 50745 444315 0 0 0 0 0 0 0 
_1.ptx 1224 : 50745 214159 0 0 0 0 0 0 727 
_1.ptx 1226 : 21083 160306 0 0 0 0 0 0 0 
_1.ptx 1227 : 21083 250190 0 0 0 0 0 0 0 
_1.ptx 1229 : 21083 240599 0 0 0 0 0 0 0 
_1.ptx 1232 : 50745 392102 0 0 0 0 0 0 0 
_1.ptx 1233 : 50745 598172 0 0 0 0 0 0 0 
_1.ptx 1234 : 50745 331859 0 0 0 0 0 0 0 
_1.ptx 1235 : 50745 588657 0 0 0 0 0 0 0 
_1.ptx 1236 : 50745 614227 0 0 0 0 0 0 0 
_1.ptx 1237 : 50745 477503 0 0 0 0 0 0 0 
_1.ptx 1238 : 50745 2515974 0 0 0 0 0 0 0 
_1.ptx 1239 : 50745 409495 0 0 0 0 0 0 0 
_1.ptx 1240 : 50745 626229 0 0 0 0 0 0 0 
_1.ptx 1241 : 50745 411754 0 0 0 0 0 0 0 
_1.ptx 1242 : 50745 415894 0 0 0 0 0 0 0 
_1.ptx 1243 : 50745 410913 0 0 0 0 0 0 0 
_1.ptx 1244 : 50745 409869 0 0 0 0 0 0 0 
_1.ptx 1245 : 50745 412004 0 0 0 0 0 0 0 
_1.ptx 1246 : 50745 590120 0 0 0 0 0 0 0 
_1.ptx 1247 : 50745 592027 0 0 0 0 0 0 0 
_1.ptx 1248 : 50745 600764 0 0 0 0 0 0 0 
_1.ptx 1249 : 50745 481401 0 0 0 0 0 0 0 
_1.ptx 1250 : 50745 484170 0 0 0 0 0 0 0 
_1.ptx 1252 : 50745 618339 0 0 0 0 0 0 0 
_1.ptx 1253 : 50745 654004 0 0 0 0 0 0 0 
_1.ptx 1254 : 50745 443222 0 0 0 0 0 0 0 
_1.ptx 1255 : 50745 448387 0 0 0 0 0 0 0 
_1.ptx 1256 : 50745 528097 0 0 0 0 0 0 0 
_1.ptx 1257 : 50745 406276 0 0 0 0 0 0 0 
_1.ptx 1258 : 50745 519136 0 0 0 0 0 0 0 
_1.ptx 1259 : 50745 625092 0 0 0 0 0 0 0 
_1.ptx 1260 : 50745 628952 0 0 0 0 0 0 0 
_1.ptx 1261 : 50745 620122 0 0 0 0 0 0 0 
_1.ptx 1262 : 50745 614966 0 0 0 0 0 0 0 
_1.ptx 1263 : 50745 606622 0 0 0 0 0 0 0 
_1.ptx 1264 : 50745 602052 0 0 0 0 0 0 0 
_1.ptx 1265 : 50745 598677 0 0 0 0 0 0 0 
_1.ptx 1266 : 50745 597504 0 0 0 0 0 0 0 
_1.ptx 1267 : 50745 567437 0 0 0 0 0 0 0 
_1.ptx 1269 : 50745 575904 0 0 0 0 0 0 0 
_1.ptx 1271 : 50745 589826 0 0 0 0 0 0 0 
_1.ptx 1272 : 50745 619089 0 0 0 0 0 0 0 
_1.ptx 1274 : 50745 483821 0 0 0 0 0 0 0 
_1.ptx 1275 : 50745 436114 0 0 0 0 0 0 0 
_1.ptx 1276 : 50745 621840 0 0 0 0 0 0 0 
_1.ptx 1277 : 50745 627634 0 0 0 0 0 0 0 
_1.ptx 1279 : 50745 420038 0 0 0 0 0 0 0 
_1.ptx 1280 : 50745 621921 0 0 0 0 0 0 0 
_1.ptx 1281 : 50745 624718 0 0 0 0 0 0 0 
_1.ptx 1282 : 50745 611622 0 0 0 0 0 0 0 
_1.ptx 1283 : 50745 601777 0 0 0 0 0 0 0 
_1.ptx 1284 : 50745 596477 0 0 0 0 0 0 0 
_1.ptx 1286 : 50745 598832 0 0 0 0 0 0 0 
_1.ptx 1288 : 50745 367060 0 0 0 0 0 0 0 
_1.ptx 1289 : 50745 589240 0 0 0 0 0 0 0 
_1.ptx 1290 : 50745 593114 0 0 0 0 0 0 0 
_1.ptx 1291 : 50745 473576 0 0 0 0 0 0 0 
_1.ptx 1292 : 50745 645104 0 0 0 0 0 0 0 
_1.ptx 1293 : 50745 404537 0 0 0 0 0 0 0 
_1.ptx 1294 : 50745 493629 0 0 0 0 0 0 0 
_1.ptx 1295 : 50745 362238 0 0 0 0 0 0 0 
_1.ptx 1296 : 50745 492023 0 0 0 0 0 0 0 
_1.ptx 1297 : 50745 354397 0 0 0 0 0 0 0 
_1.ptx 1298 : 50745 492276 0 0 0 0 0 0 0 
_1.ptx 1299 : 50745 357565 0 0 0 0 0 0 0 
_1.ptx 1300 : 50745 492811 0 0 0 0 0 0 0 
_1.ptx 1301 : 50745 602992 0 0 0 0 0 0 0 
_1.ptx 1303 : 50745 421003 0 0 0 0 0 0 0 
_1.ptx 1304 : 50745 597088 0 0 0 0 0 0 0 
_1.ptx 1305 : 50745 589951 0 0 0 0 0 0 0 
_1.ptx 1307 : 50745 380549 0 0 0 0 0 0 0 
_1.ptx 1308 : 50745 390421 0 0 0 0 0 0 0 
_1.ptx 1309 : 50745 404516 0 0 0 0 0 0 0 
_1.ptx 1310 : 50745 361086 0 0 0 0 0 0 0 
_1.ptx 1311 : 50745 423986 0 0 0 0 0 0 0 
_1.ptx 1312 : 50745 326328 0 0 0 0 0 0 0 
_1.ptx 1321 : 50745 380893 0 0 0 0 0 0 0 
_1.ptx 1322 : 50745 340380 0 0 0 0 0 0 0 
_1.ptx 1323 : 50745 575447 0 0 0 0 0 0 0 
_1.ptx 1324 : 50745 410852 0 0 0 0 0 0 0 
_1.ptx 1325 : 50745 367517 0 0 0 0 0 0 0 
_1.ptx 1326 : 50745 370515 0 0 0 0 0 0 0 
_1.ptx 1327 : 50745 2695652 0 0 0 0 0 0 0 
_1.ptx 1328 : 50745 313405 0 0 0 0 0 0 0 
_1.ptx 1329 : 50745 325653 0 0 0 0 0 0 0 
_1.ptx 1330 : 50745 476268 0 0 0 0 0 0 0 
_1.ptx 1331 : 50745 484280 0 0 0 0 0 0 0 
_1.ptx 1332 : 50745 350769 0 0 0 0 0 0 0 
_1.ptx 1333 : 50745 661121 0 0 0 0 0 0 0 
_1.ptx 1334 : 50745 3662546 0 0 0 0 0 0 0 
_1.ptx 1335 : 50745 588995 0 0 0 0 0 0 0 
_1.ptx 1336 : 50745 326136 0 0 0 0 0 0 0 
_1.ptx 1337 : 50745 432923 0 0 0 0 0 0 0 
_1.ptx 1338 : 50745 474526 0 0 0 0 0 0 0 
_1.ptx 1339 : 50745 328610 0 0 0 0 0 0 0 
_1.ptx 1340 : 50745 428398 0 0 0 0 0 0 0 
_1.ptx 1341 : 50745 470614 0 0 0 0 0 0 0 
_1.ptx 1343 : 50745 380454 0 0 0 0 0 0 0 
_1.ptx 1344 : 50745 320908 0 0 0 0 0 0 0 
_1.ptx 1345 : 50745 430053 0 0 0 0 0 0 0 
_1.ptx 1346 : 50745 0 0 0 0 0 0 0 0 
_1.ptx 1348 : 50745 481640 0 0 0 0 0 0 0 
_1.ptx 1351 : 50745 417312 0 0 0 0 0 0 0 
_1.ptx 1352 : 50745 365008 0 0 0 0 0 0 0 
_1.ptx 1353 : 50745 409737 0 0 0 0 0 0 0 
_1.ptx 1354 : 50745 412514 0 0 0 0 0 0 0 
_1.ptx 1355 : 50745 369195 0 0 0 0 0 0 0 
_1.ptx 1356 : 50745 609272 0 0 0 0 0 0 0 
_1.ptx 1357 : 50745 605215 0 0 0 0 0 0 0 
_1.ptx 1358 : 50745 423621 0 0 0 0 0 0 0 
_1.ptx 1359 : 50745 362025 0 0 0 0 0 0 0 
_1.ptx 1360 : 50745 436705 0 0 0 0 0 0 0 
_1.ptx 1361 : 50745 399226 0 0 0 0 0 0 0 
_1.ptx 1362 : 50745 429482 0 0 0 0 0 0 0 
_1.ptx 1363 : 50745 321637 0 0 0 0 0 0 0 
_1.ptx 1364 : 50745 423570 0 0 0 0 0 0 0 
_1.ptx 1365 : 50745 327349 0 0 0 0 0 0 0 
_1.ptx 1372 : 50745 382708 0 0 0 0 0 0 0 
_1.ptx 1375 : 50745 335023 0 0 0 0 0 0 0 
_1.ptx 1376 : 50745 576902 0 0 0 0 0 0 0 
_1.ptx 1377 : 50745 576738 0 0 0 0 0 0 0 
_1.ptx 1378 : 50745 523477 0 0 0 0 0 0 0 
_1.ptx 1380 : 50745 572949 0 0 0 0 0 0 0 
_1.ptx 1381 : 50745 667288 0 0 0 0 0 0 0 
_1.ptx 1383 : 50745 581149 0 0 0 0 0 0 0 
_1.ptx 1384 : 50745 832740 0 0 0 0 0 0 0 
_1.ptx 1388 : 62282 717799 0 0 0 0 0 0 0 
_1.ptx 1389 : 62282 723621 0 0 0 0 0 0 0 
_1.ptx 1390 : 62282 722082 0 0 0 0 0 0 0 
_1.ptx 1391 : 62282 760049 0 0 0 0 0 0 0 
_1.ptx 1392 : 62282 740612 0 0 0 0 0 0 0 
_1.ptx 1393 : 62282 781796 0 0 0 0 0 0 0 
_1.ptx 1395 : 62282 739066 0 0 0 0 0 0 0 
_1.ptx 1396 : 62282 755493 0 0 0 0 0 0 0 
_1.ptx 1397 : 62282 751351 0 0 0 0 0 0 0 
_1.ptx 1398 : 62282 789616 0 0 0 0 0 0 0 
_1.ptx 1399 : 62282 634471 0 0 0 0 0 0 0 
_1.ptx 1400 : 62282 612530 0 0 0 0 0 0 0 
_1.ptx 1401 : 62282 2611502 0 0 0 0 0 0 0 
_1.ptx 1402 : 62282 745395 0 0 0 0 0 0 0 
_1.ptx 1403 : 62282 745052 0 0 0 0 0 0 0 
_1.ptx 1404 : 62282 769608 0 0 0 0 0 0 0 
_1.ptx 1405 : 62282 496613 0 0 0 0 0 0 0 
_1.ptx 1406 : 62282 493193 0 0 0 0 0 0 0 
_1.ptx 1408 : 62282 431854 0 0 0 0 0 0 0 
_1.ptx 1409 : 62282 590853 0 0 0 0 0 0 0 
_1.ptx 1410 : 62282 422960 0 0 0 0 0 0 0 
_1.ptx 1411 : 62282 589685 0 0 0 0 0 0 0 
_1.ptx 1412 : 62282 427055 0 0 0 0 0 0 0 
_1.ptx 1413 : 62282 609728 0 0 0 0 0 0 0 
_1.ptx 1416 : 127467 1408117 0 0 0 0 0 0 0 
_1.ptx 1417 : 127467 954608 0 0 0 0 0 0 0 
_1.ptx 1418 : 127467 1103640 0 0 0 0 0 0 0 
_1.ptx 1419 : 127467 6779 0 0 0 0 0 0 0 
_1.ptx 1420 : 126435 1087922 0 0 0 0 0 0 0 
_1.ptx 1421 : 126435 429618 0 0 0 0 0 0 550 
_1.ptx 1424 : 65536 715168 0 0 0 0 0 0 0 
_1.ptx 1425 : 65536 524896 0 0 0 0 0 0 0 
_1.ptx 1426 : 65536 427392 0 0 0 0 0 0 0 
_1.ptx 1427 : 65536 549376 0 0 0 0 0 0 0 
_1.ptx 604 : 65536 406784 0 0 0 0 0 0 0 
_1.ptx 1428 : 65536 364198 0 0 0 0 0 0 218 
_1.ptx 605 : 65536 467712 38400 0 0 0 0 0 0 
_1.ptx 1429 : 10434 80386 0 0 0 0 0 0 0 
_1.ptx 606 : 65536 403296 0 0 0 0 0 0 0 
_1.ptx 1430 : 10434 78870 0 0 0 0 0 0 0 
_1.ptx 607 : 65536 892992 38400 0 0 0 0 0 0 
_1.ptx 1431 : 10434 127975 0 0 0 0 0 0 0 
_1.ptx 608 : 65536 403072 0 0 0 0 0 0 0 
_1.ptx 1432 : 10434 119429 0 0 0 0 0 0 0 
_1.ptx 609 : 65536 868416 38400 0 0 0 0 0 0 
_1.ptx 1433 : 10434 81207 0 0 0 0 0 0 0 
_1.ptx 610 : 65536 407456 0 0 0 0 0 0 0 
_1.ptx 611 : 65536 1241056 38400 0 0 0 0 0 0 
_1.ptx 612 : 65536 406112 0 0 0 0 0 0 0 
_1.ptx 613 : 65536 1222080 43648 0 0 0 0 0 0 
_1.ptx 1437 : 15923 1794282 8704 0 0 0 0 0 0 
_1.ptx 614 : 65536 407040 0 0 0 0 0 0 0 
_1.ptx 1438 : 15923 1763819 2560 0 0 0 0 0 0 
_1.ptx 615 : 65536 1316096 41344 0 0 0 0 0 0 
_1.ptx 1439 : 15923 2020172 4736 0 0 0 0 0 0 
_1.ptx 616 : 65536 407520 0 0 0 0 0 0 0 
_1.ptx 1440 : 15923 2019866 0 0 0 0 0 0 0 
_1.ptx 617 : 65536 1500096 44672 0 0 0 0 0 0 
_1.ptx 1441 : 15923 1985428 0 0 0 0 0 0 0 
_1.ptx 618 : 65536 405856 0 0 0 0 0 0 0 
_1.ptx 1442 : 15923 2202373 0 0 0 0 0 0 0 
_1.ptx 619 : 65536 1591328 41088 0 0 0 0 0 0 
_1.ptx 1443 : 15923 2110534 9216 0 0 0 0 0 0 
_1.ptx 620 : 65536 406176 0 0 0 0 0 0 0 
_1.ptx 1444 : 15923 2112103 0 0 0 0 0 0 0 
_1.ptx 621 : 65536 1591712 40320 0 0 0 0 0 0 
_1.ptx 1445 : 15923 100800 0 0 0 0 0 0 0 
_1.ptx 622 : 65536 407552 0 0 0 0 0 0 0 
_1.ptx 1446 : 15923 148710 0 0 0 0 0 0 0 
_1.ptx 623 : 65536 1672544 45696 0 0 0 0 0 0 
_1.ptx 1447 : 15923 118746 0 0 0 0 0 0 0 
_1.ptx 624 : 65536 409408 0 0 0 0 0 0 0 
_1.ptx 1448 : 15923 101243 0 0 0 0 0 0 0 
_1.ptx 625 : 65536 1762176 40064 0 0 0 0 0 0 
_1.ptx 1449 : 15923 147783 0 0 0 0 0 0 0 
_1.ptx 626 : 65536 411040 0 0 0 0 0 0 0 
_1.ptx 1450 : 15923 111572 0 0 0 0 0 0 0 
_1.ptx 627 : 65536 1217952 42880 0 0 0 0 0 0 
_1.ptx 1451 : 15923 101480 0 0 0 0 0 0 0 
_1.ptx 628 : 65536 408608 0 0 0 0 0 0 0 
_1.ptx 1452 : 15923 148390 0 0 0 0 0 0 0 
_1.ptx 629 : 65536 1303456 47232 0 0 0 0 0 0 
_1.ptx 1453 : 15923 110924 0 0 0 0 0 0 0 
_1.ptx 630 : 65536 409856 0 0 0 0 0 0 0 
_1.ptx 1454 : 15923 102291 0 0 0 0 0 0 0 
_1.ptx 631 : 65536 1482048 42112 0 0 0 0 0 0 
_1.ptx 1455 : 15923 148257 0 0 0 0 0 0 0 
_1.ptx 632 : 65536 411040 0 0 0 0 0 0 0 
_1.ptx 1456 : 15923 112057 0 0 0 0 0 0 0 
_1.ptx 633 : 65536 1501888 47104 0 0 0 0 0 0 
_1.ptx 1457 : 15923 167331 0 0 0 0 0 0 0 
_1.ptx 634 : 65536 408672 0 0 0 0 0 0 0 
_1.ptx 1458 : 15923 167408 0 0 0 0 0 0 0 
_1.ptx 635 : 65536 1568288 40832 0 0 0 0 0 0 
_1.ptx 1459 : 15923 110085 0 0 0 0 0 0 0 
_1.ptx 636 : 65536 410368 0 0 0 0 0 0 0 
_1.ptx 1460 : 15923 134551 0 0 0 0 0 0 0 
_1.ptx 637 : 65536 1674464 45696 0 0 0 0 0 0 
_1.ptx 1461 : 15923 34718 0 0 0 0 0 0 386 
_1.ptx 638 : 65536 410208 0 0 0 0 0 0 0 
_1.ptx 639 : 65536 1797856 47488 0 0 0 0 0 0 
_1.ptx 640 : 65536 409824 0 0 0 0 0 0 0 
_1.ptx 1464 : 65536 13883840 10624 0 0 4096 2048 0 0 
_1.ptx 641 : 65536 1707808 48384 0 0 0 0 0 0 
_1.ptx 1465 : 65536 2637856 0 0 0 0 0 0 0 
_1.ptx 642 : 65536 413632 0 0 0 0 0 0 0 
_1.ptx 1466 : 65536 498464 0 0 0 0 0 0 0 
_1.ptx 643 : 65536 1429024 52224 0 0 0 0 0 0 
_1.ptx 1467 : 65536 429728 0 0 0 0 0 0 0 
_1.ptx 644 : 65536 414848 0 0 0 0 0 0 0 
_1.ptx 1468 : 65536 742624 0 0 0 0 0 0 0 
_1.ptx 645 : 65536 420128 0 0 0 0 0 0 0 
_1.ptx 1469 : 65536 500096 0 0 0 0 0 0 0 
_1.ptx 646 : 65536 546624 0 0 0 0 0 0 0 
_1.ptx 1470 : 65536 2240832 128 0 0 0 0 0 0 
_1.ptx 647 : 65536 415968 0 0 0 0 0 0 0 
_1.ptx 1471 : 65536 500576 0 0 0 0 0 0 0 
_1.ptx 648 : 65536 420960 0 0 0 0 0 0 0 
_1.ptx 1472 : 65536 438848 0 0 0 0 0 0 0 
_1.ptx 649 : 65536 548128 0 0 0 0 0 0 0 
_1.ptx 1473 : 65536 746400 0 0 0 0 0 0 0 
_1.ptx 650 : 65536 421216 0 0 0 0 0 0 0 
_1.ptx 1474 : 65536 500384 0 0 0 0 0 0 0 
_1.ptx 651 : 65536 737824 0 0 0 0 0 0 0 
_1.ptx 1475 : 65536 501984 0 0 0 0 0 0 0 
_1.ptx 652 : 65536 419200 0 0 0 0 0 0 0 
_1.ptx 1476 : 65536 546336 0 0 0 0 0 0 0 
_1.ptx 653 : 65536 733856 0 0 0 0 0 0 0 
_1.ptx 1477 : 65536 1664736 0 0 0 0 0 0 0 
_1.ptx 654 : 65536 1781664 128 0 0 0 0 0 0 
_1.ptx 1478 : 65536 494464 0 0 0 0 0 0 0 
_1.ptx 655 : 65536 1599008 0 0 0 0 0 0 0 
_1.ptx 1479 : 65536 430304 0 0 0 0 0 0 0 
_1.ptx 656 : 65536 542464 0 0 0 0 0 0 0 
_1.ptx 1480 : 65536 745248 0 0 0 0 0 0 0 
_1.ptx 657 : 65536 485568 0 0 0 0 0 0 0 
_1.ptx 1481 : 65536 511776 0 0 0 0 0 0 0 
_1.ptx 658 : 65536 543328 0 0 0 0 0 0 0 
_1.ptx 1482 : 65536 497504 0 0 0 0 0 0 0 
_1.ptx 659 : 65536 486592 0 0 0 0 0 0 0 
_1.ptx 1483 : 65536 1953312 0 0 0 0 0 0 0 
_1.ptx 660 : 65536 551392 0 0 0 0 0 0 0 
_1.ptx 1484 : 65536 511616 0 0 0 0 0 0 0 
_1.ptx 661 : 65536 418848 0 0 0 0 0 0 0 
_1.ptx 1485 : 65536 446112 0 0 0 0 0 0 0 
_1.ptx 662 : 65536 546272 0 0 0 0 0 0 0 
_1.ptx 1486 : 65536 750880 0 0 0 0 0 0 0 
_1.ptx 663 : 65536 0 0 0 0 0 0 0 0 
_1.ptx 1487 : 65536 516384 0 0 0 0 0 0 0 
_1.ptx 1488 : 65536 509344 0 0 0 0 0 0 0 
_1.ptx 665 : 65536 852960 0 0 0 0 0 0 0 
_1.ptx 1489 : 65536 556416 0 0 0 0 0 0 0 
_1.ptx 666 : 65536 665088 0 0 0 0 0 0 0 
_1.ptx 1490 : 65536 551200 0 0 0 0 0 0 0 
_1.ptx 667 : 65536 737728 0 0 0 0 0 0 0 
_1.ptx 1491 : 65536 744576 0 0 0 0 0 0 0 
_1.ptx 668 : 65536 494560 0 0 0 0 0 0 0 
_1.ptx 1492 : 65536 584032 0 0 0 4096 2048 0 0 
_1.ptx 669 : 65536 740768 0 0 0 0 0 0 0 
_1.ptx 670 : 65536 743232 0 0 0 0 0 0 0 
_1.ptx 671 : 65536 432128 0 0 0 0 0 0 0 
_1.ptx 1495 : 65536 420192 0 0 0 0 0 0 0 
_1.ptx 672 : 65536 1381056 182272 0 0 4096 2048 0 0 
_1.ptx 674 : 65536 2160224 128 0 0 0 0 0 0 
_1.ptx 675 : 65536 1990464 0 0 0 0 0 0 0 
_1.ptx 676 : 65536 675328 0 0 0 0 0 0 0 
_1.ptx 678 : 65536 376288 0 0 0 0 0 0 0 
_1.ptx 679 : 65536 555872 0 0 0 0 0 0 0 
_1.ptx 680 : 65536 749248 0 0 0 0 0 0 0 
_1.ptx 681 : 65536 1348480 0 0 0 0 0 0 0 
_1.ptx 682 : 65536 548064 0 0 0 0 0 0 0 
_1.ptx 683 : 65536 536128 0 0 0 0 0 0 0 
_1.ptx 684 : 65536 502784 0 0 0 0 0 0 0 
_1.ptx 685 : 65536 757408 0 0 0 0 0 0 0 
_1.ptx 686 : 65536 487168 0 0 0 0 0 0 0 
_1.ptx 687 : 65536 763328 0 0 0 0 0 0 0 
_1.ptx 688 : 65536 523488 0 0 0 0 0 0 0 
_1.ptx 689 : 65536 522304 0 0 0 0 0 0 0 
_1.ptx 690 : 65536 523584 0 0 0 0 0 0 0 
_1.ptx 691 : 65536 452576 0 0 0 0 0 0 0 
_1.ptx 692 : 65536 3164544 0 0 0 0 0 0 0 
_1.ptx 693 : 65536 421728 0 0 0 0 0 0 0 
_1.ptx 694 : 65536 748896 0 0 0 0 0 0 0 
_1.ptx 695 : 65536 763072 0 0 0 0 0 0 0 
_1.ptx 696 : 65536 445792 0 0 0 0 0 0 0 
_1.ptx 697 : 65536 761792 0 0 0 0 0 0 0 
_1.ptx 698 : 65536 746144 0 0 0 0 0 0 0 
_1.ptx 699 : 65536 482688 0 0 0 0 0 0 0 
_1.ptx 700 : 65536 742624 0 0 0 0 0 0 0 
_1.ptx 701 : 65536 412544 0 0 0 0 0 0 0 
_1.ptx 702 : 65536 742848 0 0 0 0 0 0 0 
_1.ptx 703 : 65536 410912 0 0 0 0 0 0 0 
_1.ptx 704 : 65536 741632 0 0 0 0 0 0 0 
_1.ptx 705 : 65536 438048 0 0 0 0 0 0 0 
_1.ptx 706 : 65536 741248 0 0 0 0 0 0 0 
_1.ptx 707 : 65536 420960 0 0 0 0 0 0 0 
_1.ptx 708 : 65536 740064 0 0 0 0 0 0 0 
_1.ptx 709 : 65536 364576 0 0 0 0 0 0 0 
_1.ptx 710 : 65536 757280 0 0 0 0 0 0 0 
_1.ptx 711 : 65536 773184 0 0 0 0 0 0 0 
_1.ptx 712 : 65536 786656 0 0 0 0 0 0 0 
_1.ptx 713 : 65536 797184 0 0 0 0 0 0 0 
_1.ptx 714 : 65536 807712 0 0 0 0 0 0 0 
_1.ptx 715 : 65536 811392 0 0 0 0 0 0 0 
_1.ptx 716 : 65536 823360 0 0 0 0 0 0 0 
_1.ptx 717 : 65536 798432 0 0 0 0 0 0 0 
_1.ptx 718 : 65536 793216 0 0 0 0 0 0 0 
_1.ptx 719 : 65536 797088 0 0 0 0 0 0 0 
_1.ptx 720 : 65536 787648 0 0 0 0 0 0 0 
_1.ptx 721 : 65536 788480 0 0 0 0 0 0 0 
_1.ptx 722 : 65536 784160 0 0 0 0 0 0 0 
_1.ptx 723 : 65536 802464 0 0 0 0 0 0 0 
_1.ptx 724 : 65536 652064 0 0 0 0 0 0 0 
_1.ptx 725 : 65536 622496 0 0 0 0 0 0 0 
_1.ptx 726 : 65536 2083136 0 0 0 0 0 0 0 
_1.ptx 727 : 65536 775520 0 0 0 0 0 0 0 
_1.ptx 728 : 65536 773280 0 0 0 0 0 0 0 
_1.ptx 729 : 65536 784416 0 0 0 0 0 0 0 
_1.ptx 731 : 65536 451808 0 0 0 0 0 0 0 
_1.ptx 733 : 65536 492288 0 0 0 0 0 0 0 
_1.ptx 734 : 65536 503744 0 0 0 0 0 0 0 
_1.ptx 735 : 65536 491072 0 0 0 0 0 0 0 
_1.ptx 736 : 65536 490528 0 0 0 0 0 0 0 
_1.ptx 738 : 127467 1004739 0 0 0 0 0 0 0 
_1.ptx 739 : 127467 885408 0 0 0 0 0 0 0 
_1.ptx 740 : 127467 858098 0 0 0 0 0 0 0 
_1.ptx 744 : 509868 3132978 256 0 0 17236 17236 0 0 
_1.ptx 745 : 509868 3015207 0 0 0 17236 17236 0 0 
_1.ptx 746 : 509868 3316046 256 0 0 17236 17236 0 0 
_1.ptx 747 : 509868 2678496 0 0 0 17236 17236 0 0 
_1.ptx 748 : 509868 2512776 0 0 0 17236 17236 0 0 
_1.ptx 749 : 509868 3433966 0 0 0 0 0 0 0 
_1.ptx 750 : 509868 4431196 0 0 0 0 0 0 0 
_1.ptx 751 : 509868 2719600 0 0 0 0 0 0 0 
_1.ptx 753 : 127467 985910 0 0 0 0 0 0 0 
_1.ptx 754 : 127467 873711 0 0 0 0 0 0 0 
_1.ptx 755 : 127467 1092156 0 0 0 0 0 0 0 
_1.ptx 756 : 127467 871291 0 0 0 0 0 0 0 
_1.ptx 761 : 127467 1455691 0 0 0 0 0 0 0 
_1.ptx 762 : 127467 6264138 0 0 0 0 0 0 0 
_1.ptx 763 : 127467 845800 0 0 0 0 0 0 0 
_1.ptx 764 : 127467 862350 0 0 0 0 0 0 0 
_1.ptx 765 : 127467 1080588 0 0 0 0 0 0 0 
_1.ptx 766 : 127467 1205397 0 0 0 0 0 0 0 
_1.ptx 769 : 127467 1011977 0 0 0 0 0 0 0 
_1.ptx 770 : 127467 891364 0 0 0 0 0 0 0 
_1.ptx 773 : 382401 4493826 0 0 0 0 0 0 0 
_1.ptx 774 : 382401 1250011 0 0 0 0 0 0 0 
_1.ptx 775 : 382401 4531774 0 0 0 0 0 0 0 
_1.ptx 776 : 382401 4534817 0 0 0 0 0 0 0 
_1.ptx 777 : 382401 4569729 0 0 0 0 0 0 0 
_1.ptx 778 : 382401 4586576 0 0 0 0 0 0 0 
_1.ptx 779 : 382401 4602576 0 0 0 0 0 0 0 
_1.ptx 780 : 382401 4600102 0 0 0 0 0 0 0 
_1.ptx 781 : 382401 3761207 0 0 0 0 0 0 0 
_1.ptx 782 : 382401 3842931 0 0 0 0 0 0 0 
_1.ptx 783 : 382401 3745808 0 0 0 0 0 0 0 
_1.ptx 784 : 382401 3840541 0 0 0 0 0 0 0 
_1.ptx 785 : 382401 3400033 0 0 0 0 0 0 0 
_1.ptx 786 : 382401 3178377 0 0 0 0 0 0 0 
_1.ptx 787 : 382401 2779653 0 0 0 0 0 0 0 
_1.ptx 788 : 382401 3398206 0 0 0 0 0 0 0 
_1.ptx 789 : 382401 3164308 0 0 0 0 0 0 0 
_1.ptx 790 : 382401 3408120 0 0 0 0 0 0 0 
_1.ptx 791 : 382401 2799145 0 0 0 0 0 0 0 
_1.ptx 792 : 382401 3395660 0 0 0 0 0 0 0 
_1.ptx 793 : 382401 2003264 0 0 0 0 0 0 1523 
_1.ptx 794 : 105477 779635 0 0 0 0 0 0 0 
_1.ptx 795 : 105477 774566 0 0 0 0 0 0 0 
_1.ptx 797 : 276924 3279097 0 0 0 0 0 0 0 
_1.ptx 798 : 276924 3271290 0 0 0 0 0 0 0 
_1.ptx 799 : 276924 2445945 0 0 0 0 0 0 0 
_1.ptx 800 : 276924 141871 0 0 0 0 0 0 715 
_1.ptx 801 : 257599 1885036 0 0 0 0 0 0 0 
_1.ptx 802 : 257599 1902690 0 0 0 0 0 0 0 
_1.ptx 805 : 19325 226491 0 0 0 0 0 0 0 
_1.ptx 806 : 19325 342664 0 0 0 0 0 0 0 
_1.ptx 807 : 19325 228123 0 0 0 0 0 0 0 
_1.ptx 808 : 19325 232167 0 0 0 0 0 0 0 
_1.ptx 809 : 19325 185541 0 0 0 0 0 0 0 
_1.ptx 813 : 382401 3191299 0 0 0 0 0 0 0 
_1.ptx 815 : 509868 3646886 0 0 0 0 0 0 0 
_1.ptx 816 : 509868 4414019 0 0 0 0 0 0 0 
_1.ptx 817 : 509868 4104031 0 0 0 0 0 0 0 
_1.ptx 818 : 509868 4414148 0 0 0 0 0 0 0 
_1.ptx 819 : 509868 4115546 0 0 0 0 0 0 0 
_1.ptx 820 : 509868 4481332 0 0 0 0 0 0 0 
_1.ptx 821 : 509868 3585989 0 0 0 0 0 0 0 
_1.ptx 822 : 509868 4439952 0 0 0 0 0 0 0 
