kernel line : count latency dram_traffic smem_bk_conflicts smem_warp gmem_access_generated gmem_warp exposed_latency warp_divergence
_1.ptx 823 : 509868 3065530 0 0 0 0 0 0 1125 
_1.ptx 825 : 74702 587580 0 0 0 0 0 0 0 
_1.ptx 827 : 74702 618102 0 0 0 0 0 0 0 
_1.ptx 829 : 509868 5568642 0 0 0 0 0 0 0 
_1.ptx 830 : 509868 5608299 0 0 0 0 0 0 0 
_1.ptx 831 : 509868 3791909 0 0 0 0 0 0 0 
_1.ptx 832 : 509868 4467011 0 0 0 0 0 0 0 
_1.ptx 833 : 509868 2654220 0 0 0 0 0 0 0 
_1.ptx 834 : 127467 908667 0 0 0 0 0 0 0 
_1.ptx 835 : 127467 1103145 0 0 0 0 0 0 0 
_1.ptx 836 : 127467 1027703 0 0 0 0 0 0 0 
_1.ptx 837 : 127467 896097 0 0 0 0 0 0 0 
_1.ptx 838 : 127467 1101288 0 0 0 0 0 0 0 
_1.ptx 839 : 127467 1008916 0 0 0 0 0 0 0 
_1.ptx 840 : 127467 1101502 0 0 0 0 0 0 0 
_1.ptx 841 : 127467 894845 0 0 0 0 0 0 0 
_1.ptx 842 : 127467 1094604 0 0 0 0 0 0 0 
_1.ptx 843 : 127467 443911 0 0 0 0 0 0 631 
_1.ptx 845 : 62282 686433 0 0 0 0 0 0 0 
_1.ptx 847 : 62282 517653 0 0 0 0 0 0 0 
_1.ptx 848 : 62282 494349 0 0 0 0 0 0 0 
_1.ptx 849 : 62282 791421 0 0 0 0 0 0 0 
_1.ptx 850 : 62282 719422 0 0 0 0 0 0 0 
_1.ptx 851 : 62282 308945 0 0 0 2349 2349 0 0 
_1.ptx 852 : 62282 309507 0 0 0 2349 2349 0 0 
_1.ptx 853 : 62282 303167 0 0 0 2544 2349 0 0 
_1.ptx 854 : 62282 306292 0 0 0 2544 2349 0 0 
_1.ptx 855 : 62282 295658 128 0 0 2544 2349 0 0 
_1.ptx 856 : 62282 302815 0 0 0 2544 2349 0 0 
_1.ptx 857 : 62282 300641 0 0 0 2544 2349 0 0 
_1.ptx 859 : 62282 704884 0 0 0 0 0 0 0 
_1.ptx 860 : 62282 709286 0 0 0 0 0 0 0 
_1.ptx 861 : 62282 709572 0 0 0 0 0 0 0 
_1.ptx 862 : 62282 720066 0 0 0 0 0 0 0 
_1.ptx 863 : 62282 728781 0 0 0 0 0 0 0 
_1.ptx 864 : 62282 720174 0 0 0 0 0 0 0 
_1.ptx 865 : 62282 337428 0 0 0 2544 2349 0 0 
_1.ptx 866 : 62282 438728 0 0 0 0 0 0 0 
_1.ptx 867 : 62282 536150 0 0 0 0 0 0 0 
_1.ptx 868 : 62282 130005 0 0 0 0 0 0 305 
_1.ptx 870 : 43133 311538 0 0 0 0 0 0 0 
_1.ptx 871 : 43133 306757 0 0 0 0 0 0 0 
_1.ptx 872 : 43133 307969 0 0 0 0 0 0 0 
_1.ptx 873 : 43133 297904 0 0 0 0 0 0 0 
_1.ptx 875 : 19149 66138 0 0 0 0 0 0 0 
_1.ptx 876 : 19149 220160 0 0 0 0 0 0 0 
_1.ptx 877 : 19149 220684 0 0 0 0 0 0 0 
_1.ptx 878 : 19149 223748 0 0 0 0 0 0 0 
_1.ptx 879 : 19149 226185 0 0 0 0 0 0 0 
_1.ptx 880 : 19149 233118 0 0 0 0 0 0 0 
_1.ptx 881 : 19149 183891 0 0 0 0 0 0 0 
_1.ptx 882 : 19149 183852 0 0 0 0 0 0 0 
_1.ptx 883 : 19149 617841 0 0 0 0 0 0 0 
_1.ptx 884 : 19149 242500 0 0 0 0 0 0 0 
_1.ptx 885 : 19149 243731 0 0 0 0 0 0 0 
_1.ptx 886 : 19149 242634 0 0 0 0 0 0 0 
_1.ptx 888 : 62282 730383 0 0 0 0 0 0 0 
_1.ptx 889 : 62282 727228 0 0 0 0 0 0 0 
_1.ptx 890 : 62282 741327 0 0 0 0 0 0 0 
_1.ptx 891 : 62282 758630 0 0 0 0 0 0 0 
_1.ptx 892 : 62282 612489 0 0 0 0 0 0 0 
_1.ptx 893 : 62282 603327 0 0 0 0 0 0 0 
_1.ptx 894 : 62282 1956916 0 0 0 0 0 0 0 
_1.ptx 895 : 62282 729261 0 0 0 0 0 0 0 
_1.ptx 896 : 62282 731251 0 0 0 0 0 0 0 
_1.ptx 897 : 62282 733153 0 0 0 0 0 0 0 
_1.ptx 898 : 62282 716252 0 0 0 0 0 0 0 
_1.ptx 899 : 62282 597525 0 0 0 0 0 0 0 
_1.ptx 900 : 62282 597074 0 0 0 0 0 0 0 
_1.ptx 901 : 62282 426284 0 0 0 0 0 0 0 
_1.ptx 902 : 62282 538195 0 0 0 0 0 0 0 
_1.ptx 903 : 62282 430840 0 0 0 0 0 0 0 
_1.ptx 910 : 62282 485223 0 0 0 0 0 0 0 
_1.ptx 911 : 62282 489729 0 0 0 0 0 0 0 
_1.ptx 912 : 62282 501269 0 0 0 0 0 0 0 
_1.ptx 915 : 62282 446764 0 0 0 0 0 0 0 
_1.ptx 916 : 62282 723294 0 0 0 0 0 0 0 
_1.ptx 917 : 62282 488959 0 0 0 0 0 0 0 
_1.ptx 918 : 62282 1000662 0 0 0 0 0 0 0 
_1.ptx 919 : 62282 710747 0 0 0 0 0 0 0 
_1.ptx 920 : 62282 551515 23680 0 0 0 0 0 0 
_1.ptx 921 : 62282 414369 0 0 0 0 0 0 0 
_1.ptx 922 : 62282 712935 0 0 0 0 0 0 0 
_1.ptx 923 : 62282 741020 49792 0 0 0 0 0 0 
_1.ptx 924 : 62282 409646 0 0 0 0 0 0 0 
_1.ptx 925 : 62282 712088 0 0 0 0 0 0 0 
_1.ptx 926 : 62282 945464 26688 0 0 0 0 0 0 
_1.ptx 927 : 62282 407357 0 0 0 0 0 0 0 
_1.ptx 928 : 62282 713164 0 0 0 0 0 0 0 
_1.ptx 929 : 62282 1015646 17024 0 0 0 0 0 0 
_1.ptx 931 : 62282 409021 0 0 0 0 0 0 0 
_1.ptx 932 : 62282 712295 0 0 0 0 0 0 0 
_1.ptx 933 : 62282 418116 0 0 0 0 0 0 0 
_1.ptx 934 : 62282 709935 0 0 0 0 0 0 0 
_1.ptx 935 : 62282 414430 0 0 0 0 0 0 0 
_1.ptx 936 : 62282 722187 0 0 0 0 0 0 0 
_1.ptx 937 : 62282 753831 0 0 0 0 0 0 0 
_1.ptx 938 : 62282 606279 0 0 0 0 0 0 0 
_1.ptx 939 : 62282 595310 0 0 0 0 0 0 0 
_1.ptx 940 : 62282 2332672 0 0 0 0 0 0 0 
_1.ptx 941 : 62282 758242 0 0 0 0 0 0 0 
_1.ptx 942 : 62282 761211 0 0 0 0 0 0 0 
_1.ptx 943 : 62282 788452 0 0 0 0 0 0 0 
_1.ptx 944 : 62282 774238 0 0 0 0 0 0 0 
_1.ptx 945 : 62282 602131 0 0 0 0 0 0 0 
_1.ptx 946 : 62282 602673 0 0 0 0 0 0 0 
_1.ptx 947 : 62282 438178 0 0 0 0 0 0 0 
_1.ptx 948 : 62282 544266 0 0 0 0 0 0 0 
_1.ptx 949 : 62282 37033 0 0 0 0 0 0 318 
_1.ptx 951 : 56815 447419 0 0 0 0 0 0 0 
_1.ptx 952 : 56815 359208 0 0 0 0 0 0 0 
_1.ptx 955 : 220903 1014283 256 0 0 8579 8579 0 0 
_1.ptx 956 : 220903 1019724 128 0 0 8579 8579 0 0 
_1.ptx 957 : 220903 995192 0 0 0 8579 8579 0 0 
_1.ptx 958 : 220903 1002394 0 0 0 8579 8579 0 0 
_1.ptx 959 : 220903 1472293 0 0 0 0 0 0 0 
_1.ptx 960 : 220903 1888484 0 0 0 0 0 0 0 
_1.ptx 961 : 220903 1139862 0 0 0 0 0 0 0 
_1.ptx 963 : 56815 436029 0 0 0 0 0 0 0 
_1.ptx 964 : 56815 381518 0 0 0 0 0 0 0 
_1.ptx 965 : 56815 480015 0 0 0 0 0 0 0 
_1.ptx 966 : 56815 374235 0 0 0 0 0 0 0 
_1.ptx 971 : 56815 366158 0 0 0 0 0 0 0 
_1.ptx 972 : 56815 527753 0 0 0 0 0 0 0 
_1.ptx 973 : 56815 641295 0 0 0 0 0 0 0 
_1.ptx 974 : 56815 3346039 0 0 0 0 0 0 0 
_1.ptx 976 : 56815 372493 0 0 0 0 0 0 0 
_1.ptx 977 : 56815 376929 0 0 0 0 0 0 0 
_1.ptx 978 : 56815 488739 0 0 0 0 0 0 0 
_1.ptx 979 : 56815 529017 0 0 0 0 0 0 0 
_1.ptx 982 : 56815 435476 0 0 0 0 0 0 0 
_1.ptx 983 : 56815 383036 0 0 0 0 0 0 0 
_1.ptx 986 : 164088 752421 0 0 0 6402 6402 0 0 
_1.ptx 987 : 164088 622214 0 0 0 0 0 0 0 
_1.ptx 988 : 164088 1938480 0 0 0 0 0 0 0 
_1.ptx 989 : 164088 1149889 0 0 0 0 0 0 0 
_1.ptx 990 : 164088 1948786 0 0 0 0 0 0 0 
_1.ptx 991 : 164088 1181221 0 0 0 0 0 0 0 
_1.ptx 992 : 164088 1952403 0 0 0 0 0 0 0 
_1.ptx 993 : 164088 1211605 0 0 0 0 0 0 0 
_1.ptx 994 : 164088 1959274 0 0 0 0 0 0 0 
_1.ptx 995 : 164088 1951503 0 0 0 0 0 0 0 
_1.ptx 996 : 164088 1986941 0 0 0 0 0 0 0 
_1.ptx 997 : 164088 1979908 0 0 0 0 0 0 0 
_1.ptx 998 : 164088 1990064 0 0 0 0 0 0 0 
_1.ptx 999 : 164088 1984050 0 0 0 0 0 0 0 
_1.ptx 1000 : 164088 1999344 0 0 0 0 0 0 0 
_1.ptx 1001 : 164088 2010776 0 0 0 0 0 0 0 
_1.ptx 1002 : 164088 1669770 0 0 0 0 0 0 0 
_1.ptx 1003 : 164088 1660147 0 0 0 0 0 0 0 
_1.ptx 1004 : 164088 1992332 0 0 0 0 0 0 0 
_1.ptx 1005 : 164088 1639993 0 0 0 0 0 0 0 
_1.ptx 1006 : 164088 1644800 0 0 0 0 0 0 0 
_1.ptx 1007 : 164088 2005070 0 0 0 0 0 0 0 
_1.ptx 1008 : 164088 1504352 0 0 0 0 0 0 0 
_1.ptx 1009 : 164088 1395274 0 0 0 0 0 0 0 
_1.ptx 1010 : 164088 1181421 0 0 0 0 0 0 0 
_1.ptx 1011 : 164088 1457957 0 0 0 0 0 0 0 
_1.ptx 1012 : 164088 1359085 0 0 0 0 0 0 0 
_1.ptx 1013 : 164088 1469098 0 0 0 0 0 0 0 
_1.ptx 1014 : 164088 1204866 0 0 0 0 0 0 0 
_1.ptx 1015 : 164088 1459425 0 0 0 0 0 0 0 
_1.ptx 1016 : 164088 825848 0 0 0 0 0 0 965 
_1.ptx 1017 : 50431 370673 0 0 0 0 0 0 0 
_1.ptx 1018 : 50431 367112 0 0 0 0 0 0 0 
_1.ptx 1020 : 113657 1345066 0 0 0 0 0 0 0 
_1.ptx 1021 : 113657 1348659 0 0 0 0 0 0 0 
_1.ptx 1022 : 113657 1020058 0 0 0 0 0 0 0 
_1.ptx 1023 : 113657 43689 0 0 0 0 0 0 344 
_1.ptx 1024 : 107587 799665 0 0 0 0 0 0 0 
_1.ptx 1025 : 107587 811037 0 0 0 0 0 0 0 
_1.ptx 1028 : 6070 71273 0 0 0 0 0 0 0 
_1.ptx 1029 : 6070 105774 0 0 0 0 0 0 0 
_1.ptx 1030 : 6070 71783 0 0 0 0 0 0 0 
_1.ptx 1031 : 6070 72957 0 0 0 0 0 0 0 
_1.ptx 1032 : 6070 59100 0 0 0 0 0 0 0 
_1.ptx 1036 : 164088 1368592 0 0 0 0 0 0 0 
_1.ptx 1039 : 220903 1583885 0 0 0 0 0 0 0 
_1.ptx 1040 : 220903 1920662 0 0 0 0 0 0 0 
_1.ptx 1041 : 220903 1517350 0 0 0 0 0 0 370 
_1.ptx 1042 : 6068 72413 0 0 0 0 0 0 0 
_1.ptx 1043 : 6068 73356 0 0 0 0 0 0 0 
_1.ptx 1044 : 6068 74179 0 0 0 0 0 0 0 
_1.ptx 1045 : 6068 73215 0 0 0 0 0 0 0 
_1.ptx 1046 : 6068 74105 0 0 0 0 0 0 0 
_1.ptx 1047 : 6068 73629 0 0 0 0 0 0 0 
_1.ptx 1048 : 6068 73838 0 0 0 0 0 0 0 
_1.ptx 1049 : 6068 60659 0 0 0 0 0 0 0 
_1.ptx 1050 : 6068 60924 0 0 0 0 0 0 0 
_1.ptx 1051 : 6068 55437 0 0 0 0 0 0 0 
_1.ptx 1052 : 6068 44870 0 0 0 0 0 0 0 
_1.ptx 1057 : 220903 2407080 0 0 0 0 0 0 0 
_1.ptx 1058 : 220903 2414826 0 0 0 0 0 0 0 
_1.ptx 1059 : 220903 1681787 0 0 0 0 0 0 0 
_1.ptx 1060 : 220903 1938763 0 0 0 0 0 0 0 
_1.ptx 1061 : 220903 375285 0 0 0 0 0 0 0 
_1.ptx 1062 : 169119 1237326 0 0 0 0 0 0 0 
_1.ptx 1063 : 169119 1458221 0 0 0 0 0 0 0 
_1.ptx 1064 : 169119 1136441 0 0 0 0 0 0 295 
_1.ptx 1065 : 5031 36989 0 0 0 0 0 0 0 
_1.ptx 1067 : 51784 373857 0 0 0 0 0 0 0 
_1.ptx 1068 : 51784 461384 0 0 0 0 0 0 0 
_1.ptx 1071 : 56815 44562 0 0 0 0 0 0 318 
_1.ptx 1073 : 50745 602766 0 0 0 0 0 0 0 
_1.ptx 1074 : 50745 606665 0 0 0 0 0 0 0 
_1.ptx 1075 : 50745 611794 0 0 0 0 0 0 0 
_1.ptx 1076 : 50745 638449 0 0 0 0 0 0 0 
_1.ptx 1077 : 50745 503175 0 0 0 0 0 0 0 
_1.ptx 1078 : 50745 498922 0 0 0 0 0 0 0 
_1.ptx 1079 : 50745 1250913 0 0 0 0 0 0 0 
_1.ptx 1081 : 50745 371143 0 0 0 0 0 0 0 
_1.ptx 1082 : 50745 1079314 0 0 0 0 0 0 0 
_1.ptx 1083 : 50745 412305 0 0 0 0 0 0 0 
_1.ptx 1084 : 50745 738417 0 0 0 0 0 0 0 
_1.ptx 1085 : 50745 646316 0 0 0 0 0 0 0 
_1.ptx 1086 : 50745 602870 0 0 0 0 0 0 0 
_1.ptx 1087 : 50745 376283 128 0 0 0 0 0 0 
_1.ptx 1088 : 50745 362581 0 0 0 0 0 0 0 
_1.ptx 1089 : 50745 584918 0 0 0 0 0 0 0 
_1.ptx 1090 : 50745 598000 0 0 0 0 0 0 0 
_1.ptx 1091 : 50745 606513 0 0 0 0 0 0 0 
_1.ptx 1092 : 50745 373640 0 0 0 0 0 0 0 
_1.ptx 1093 : 50745 367490 0 0 0 0 0 0 0 
_1.ptx 1094 : 50745 592133 0 0 0 0 0 0 0 
_1.ptx 1095 : 50745 600309 0 0 0 0 0 0 0 
_1.ptx 1096 : 50745 608997 0 0 0 0 0 0 0 
_1.ptx 1097 : 50745 626260 0 0 0 0 0 0 0 
_1.ptx 1098 : 50745 365432 0 0 0 0 0 0 0 
_1.ptx 1099 : 50745 601680 0 0 0 0 0 0 0 
_1.ptx 1100 : 50745 493411 0 0 0 0 0 0 0 
_1.ptx 1101 : 50745 701250 256 0 0 0 0 0 0 
_1.ptx 1103 : 50745 586856 0 0 0 0 0 0 0 
_1.ptx 1104 : 50745 589760 0 0 0 0 0 0 0 
_1.ptx 1105 : 50745 589582 0 0 0 0 0 0 0 
_1.ptx 1106 : 50745 500114 0 0 0 0 0 0 0 
_1.ptx 1107 : 50745 608398 0 0 0 0 0 0 0 
_1.ptx 1108 : 50745 506647 0 0 0 0 0 0 0 
_1.ptx 1109 : 50745 383002 0 0 0 0 0 0 0 
_1.ptx 1110 : 50745 1098562 0 0 0 0 0 0 0 
_1.ptx 1111 : 50745 419493 0 0 0 0 0 0 0 
_1.ptx 1112 : 50745 1104208 0 0 0 0 0 0 0 
_1.ptx 1113 : 50745 427680 0 0 0 0 0 0 0 
_1.ptx 1114 : 50745 467700 0 0 0 0 0 0 0 
_1.ptx 1115 : 50745 370292 0 0 0 0 0 0 0 
_1.ptx 1121 : 50745 414599 0 0 0 0 0 0 0 
_1.ptx 1122 : 50745 366173 0 0 0 0 0 0 0 
_1.ptx 1123 : 50745 435736 0 0 0 0 0 0 0 
_1.ptx 1124 : 50745 0 0 0 0 0 0 0 0 
_1.ptx 1125 : 50745 327354 0 0 0 0 0 0 0 
_1.ptx 1133 : 50745 327013 0 0 0 0 0 0 0 
_1.ptx 1134 : 50745 424445 0 0 0 0 0 0 0 
_1.ptx 1135 : 50745 336928 0 0 0 0 0 0 0 
_1.ptx 1140 : 50745 331462 0 0 0 0 0 0 0 
_1.ptx 1141 : 50745 426634 0 0 0 0 0 0 0 
_1.ptx 1142 : 50745 337855 0 0 0 0 0 0 0 
_1.ptx 1157 : 50745 330000 0 0 0 0 0 0 0 
_1.ptx 1158 : 50745 427304 0 0 0 0 0 0 0 
_1.ptx 1159 : 50745 331914 0 0 0 0 0 0 0 
_1.ptx 1181 : 50745 327810 0 0 0 0 0 0 0 
_1.ptx 1182 : 50745 426465 0 0 0 0 0 0 0 
_1.ptx 1183 : 50745 327802 0 0 0 0 0 0 0 
_1.ptx 1196 : 50745 372502 0 0 0 0 0 0 0 
_1.ptx 1197 : 50745 375383 0 0 0 0 0 0 0 
_1.ptx 1198 : 50745 382721 0 0 0 0 0 0 0 
_1.ptx 1199 : 50745 389039 0 0 0 0 0 0 0 
_1.ptx 1200 : 50745 347235 0 0 0 0 0 0 0 
_1.ptx 1201 : 50745 428247 0 0 0 0 0 0 0 
_1.ptx 1202 : 50745 331510 0 0 0 0 0 0 0 
_1.ptx 1213 : 50745 422145 0 0 0 0 0 0 0 
_1.ptx 1216 : 50745 578810 0 0 0 0 0 0 0 
_1.ptx 1218 : 50745 427750 0 0 0 0 0 0 0 
_1.ptx 1219 : 50745 405223 0 0 0 0 0 0 0 
_1.ptx 1220 : 50745 399681 0 0 0 0 0 0 0 
_1.ptx 1221 : 50745 409182 0 0 0 0 0 0 0 
_1.ptx 1222 : 50745 362002 0 0 0 0 0 0 0 
_1.ptx 1223 : 50745 443294 0 0 0 0 0 0 0 
_1.ptx 1224 : 50745 212925 0 0 0 0 0 0 727 
_1.ptx 1226 : 21083 159959 0 0 0 0 0 0 0 
_1.ptx 1227 : 21083 251284 0 0 0 0 0 0 0 
_1.ptx 1229 : 21083 240194 0 0 0 0 0 0 0 
_1.ptx 1232 : 50745 393747 0 0 0 0 0 0 0 
_1.ptx 1233 : 50745 597358 0 0 0 0 0 0 0 
_1.ptx 1234 : 50745 331822 0 0 0 0 0 0 0 
_1.ptx 1235 : 50745 589708 0 0 0 0 0 0 0 
_1.ptx 1236 : 50745 615194 0 0 0 0 0 0 0 
_1.ptx 1237 : 50745 477637 0 0 0 0 0 0 0 
_1.ptx 1238 : 50745 2460944 0 0 0 0 0 0 0 
_1.ptx 1239 : 50745 406506 0 0 0 0 0 0 0 
_1.ptx 1240 : 50745 633291 0 0 0 0 0 0 0 
_1.ptx 1241 : 50745 409319 0 0 0 0 0 0 0 
_1.ptx 1242 : 50745 413580 0 0 0 0 0 0 0 
_1.ptx 1243 : 50745 409866 0 0 0 0 0 0 0 
_1.ptx 1244 : 50745 409971 0 0 0 0 0 0 0 
_1.ptx 1245 : 50745 411721 0 0 0 0 0 0 0 
_1.ptx 1246 : 50745 590139 0 0 0 0 0 0 0 
_1.ptx 1247 : 50745 590263 0 0 0 0 0 0 0 
_1.ptx 1248 : 50745 600308 0 0 0 0 0 0 0 
_1.ptx 1249 : 50745 481764 0 0 0 0 0 0 0 
_1.ptx 1250 : 50745 479659 0 0 0 0 0 0 0 
_1.ptx 1252 : 50745 617683 0 0 0 0 0 0 0 
_1.ptx 1253 : 50745 648924 0 0 0 0 0 0 0 
_1.ptx 1254 : 50745 444291 0 0 0 0 0 0 0 
_1.ptx 1255 : 50745 441089 0 0 0 0 0 0 0 
_1.ptx 1256 : 50745 526135 0 0 0 0 0 0 0 
_1.ptx 1257 : 50745 403429 0 0 0 0 0 0 0 
_1.ptx 1258 : 50745 515387 0 0 0 0 0 0 0 
_1.ptx 1259 : 50745 625786 0 0 0 0 0 0 0 
_1.ptx 1260 : 50745 625943 0 0 0 0 0 0 0 
_1.ptx 1261 : 50745 620193 0 0 0 0 0 0 0 
_1.ptx 1262 : 50745 614435 0 0 0 0 0 0 0 
_1.ptx 1263 : 50745 608019 0 0 0 0 0 0 0 
_1.ptx 1264 : 50745 603605 0 0 0 0 0 0 0 
_1.ptx 1265 : 50745 601749 0 0 0 0 0 0 0 
_1.ptx 1266 : 50745 596265 0 0 0 0 0 0 0 
_1.ptx 1267 : 50745 571559 0 0 0 0 0 0 0 
_1.ptx 1269 : 50745 578376 0 0 0 0 0 0 0 
_1.ptx 1271 : 50745 589749 0 0 0 0 0 0 0 
_1.ptx 1272 : 50745 617799 0 0 0 0 0 0 0 
_1.ptx 1274 : 50745 483754 0 0 0 0 0 0 0 
_1.ptx 1275 : 50745 433159 0 0 0 0 0 0 0 
_1.ptx 1276 : 50745 622034 0 0 0 0 0 0 0 
_1.ptx 1277 : 50745 629845 0 0 0 0 0 0 0 
_1.ptx 1279 : 50745 421467 0 0 0 0 0 0 0 
_1.ptx 1280 : 50745 619823 0 0 0 0 0 0 0 
_1.ptx 1281 : 50745 623583 0 0 0 0 0 0 0 
_1.ptx 1282 : 50745 612444 0 0 0 0 0 0 0 
_1.ptx 1283 : 50745 604051 0 0 0 0 0 0 0 
_1.ptx 1284 : 50745 599115 0 0 0 0 0 0 0 
_1.ptx 1286 : 50745 600472 0 0 0 0 0 0 0 
_1.ptx 1288 : 50745 364396 0 0 0 0 0 0 0 
_1.ptx 1289 : 50745 589156 0 0 0 0 0 0 0 
_1.ptx 1290 : 50745 596868 0 0 0 0 0 0 0 
_1.ptx 1291 : 50745 471791 0 0 0 0 0 0 0 
_1.ptx 1292 : 50745 642083 0 0 0 0 0 0 0 
_1.ptx 1293 : 50745 402076 0 0 0 0 0 0 0 
_1.ptx 1294 : 50745 494567 0 0 0 0 0 0 0 
_1.ptx 1295 : 50745 362371 0 0 0 0 0 0 0 
_1.ptx 1296 : 50745 488515 0 0 0 0 0 0 0 
_1.ptx 1297 : 50745 358977 0 0 0 0 0 0 0 
_1.ptx 1298 : 50745 490381 0 0 0 0 0 0 0 
_1.ptx 1299 : 50745 356549 0 0 0 0 0 0 0 
_1.ptx 1300 : 50745 489923 0 0 0 0 0 0 0 
_1.ptx 1301 : 50745 603929 0 0 0 0 0 0 0 
_1.ptx 1303 : 50745 419016 0 0 0 0 0 0 0 
_1.ptx 1304 : 50745 596123 0 0 0 0 0 0 0 
_1.ptx 1305 : 50745 587831 0 0 0 0 0 0 0 
_1.ptx 1307 : 50745 380892 0 0 0 0 0 0 0 
_1.ptx 1308 : 50745 389753 0 0 0 0 0 0 0 
_1.ptx 1309 : 50745 404911 0 0 0 0 0 0 0 
_1.ptx 1310 : 50745 359879 0 0 0 0 0 0 0 
_1.ptx 1311 : 50745 425591 0 0 0 0 0 0 0 
_1.ptx 1312 : 50745 327169 0 0 0 0 0 0 0 
_1.ptx 1321 : 50745 378279 0 0 0 0 0 0 0 
_1.ptx 1322 : 50745 337341 0 0 0 0 0 0 0 
_1.ptx 1323 : 50745 574533 0 0 0 0 0 0 0 
_1.ptx 1324 : 50745 409806 0 0 0 0 0 0 0 
_1.ptx 1325 : 50745 363738 0 0 0 0 0 0 0 
_1.ptx 1326 : 50745 365650 0 0 0 0 0 0 0 
_1.ptx 1327 : 50745 2655895 0 0 0 0 0 0 0 
_1.ptx 1328 : 50745 314921 0 0 0 0 0 0 0 
_1.ptx 1329 : 50745 329264 0 0 0 0 0 0 0 
_1.ptx 1330 : 50745 476526 0 0 0 0 0 0 0 
_1.ptx 1331 : 50745 485240 0 0 0 0 0 0 0 
_1.ptx 1332 : 50745 351851 0 0 0 0 0 0 0 
_1.ptx 1333 : 50745 664814 0 0 0 0 0 0 0 
_1.ptx 1334 : 50745 3570681 0 0 0 0 0 0 0 
_1.ptx 1335 : 50745 594234 0 0 0 0 0 0 0 
_1.ptx 1336 : 50745 327879 0 0 0 0 0 0 0 
_1.ptx 1337 : 50745 432623 0 0 0 0 0 0 0 
_1.ptx 1338 : 50745 475628 0 0 0 0 0 0 0 
_1.ptx 1339 : 50745 332840 0 0 0 0 0 0 0 
_1.ptx 1340 : 50745 429026 0 0 0 0 0 0 0 
_1.ptx 1341 : 50745 470557 0 0 0 0 0 0 0 
_1.ptx 1343 : 50745 383782 0 0 0 0 0 0 0 
_1.ptx 1344 : 50745 326327 0 0 0 0 0 0 0 
_1.ptx 1345 : 50745 431548 0 0 0 0 0 0 0 
_1.ptx 1346 : 50745 0 0 0 0 0 0 0 0 
_1.ptx 1348 : 50745 484804 0 0 0 0 0 0 0 
_1.ptx 1351 : 50745 420373 0 0 0 0 0 0 0 
_1.ptx 1352 : 50745 370260 0 0 0 0 0 0 0 
_1.ptx 1353 : 50745 413159 0 0 0 0 0 0 0 
_1.ptx 1354 : 50745 413754 0 0 0 0 0 0 0 
_1.ptx 1355 : 50745 375708 0 0 0 0 0 0 0 
_1.ptx 1356 : 50745 611828 0 0 0 0 0 0 0 
_1.ptx 1357 : 50745 606392 0 0 0 0 0 0 0 
_1.ptx 1358 : 50745 432833 0 0 0 0 0 0 0 
_1.ptx 1359 : 50745 362264 0 0 0 0 0 0 0 
_1.ptx 1360 : 50745 441014 0 0 0 0 0 0 0 
_1.ptx 1361 : 50745 403217 0 0 0 0 0 0 0 
_1.ptx 1362 : 50745 429500 0 0 0 0 0 0 0 
_1.ptx 1363 : 50745 319358 0 0 0 0 0 0 0 
_1.ptx 1364 : 50745 421408 0 0 0 0 0 0 0 
_1.ptx 1365 : 50745 327691 0 0 0 0 0 0 0 
_1.ptx 1372 : 50745 382258 0 0 0 0 0 0 0 
_1.ptx 1375 : 50745 335928 0 0 0 0 0 0 0 
_1.ptx 1376 : 50745 577566 0 0 0 0 0 0 0 
_1.ptx 1377 : 50745 579776 0 0 0 0 0 0 0 
_1.ptx 1378 : 50745 551316 128 0 0 0 0 0 0 
_1.ptx 1380 : 50745 571296 0 0 0 0 0 0 0 
_1.ptx 1381 : 50745 715335 128 0 0 0 0 0 0 
_1.ptx 1383 : 50745 578126 0 0 0 0 0 0 0 
_1.ptx 1384 : 50745 867027 0 0 0 0 0 0 0 
_1.ptx 1388 : 62282 713169 0 0 0 0 0 0 0 
_1.ptx 1389 : 62282 729258 0 0 0 0 0 0 0 
_1.ptx 1390 : 62282 725258 0 0 0 0 0 0 0 
_1.ptx 1391 : 62282 759060 0 0 0 0 0 0 0 
_1.ptx 1392 : 62282 736556 0 0 0 0 0 0 0 
_1.ptx 1393 : 62282 768784 0 0 0 0 0 0 0 
_1.ptx 1395 : 62282 742262 0 0 0 0 0 0 0 
_1.ptx 1396 : 62282 759987 0 0 0 0 0 0 0 
_1.ptx 1397 : 62282 752233 0 0 0 0 0 0 0 
_1.ptx 1398 : 62282 783461 0 0 0 0 0 0 0 
_1.ptx 1399 : 62282 632796 0 0 0 0 0 0 0 
_1.ptx 1400 : 62282 612834 0 0 0 0 0 0 0 
_1.ptx 1401 : 62282 2617987 0 0 0 0 0 0 0 
_1.ptx 1402 : 62282 736344 0 0 0 0 0 0 0 
_1.ptx 1403 : 62282 742565 0 0 0 0 0 0 0 
_1.ptx 1404 : 62282 750348 0 0 0 0 0 0 0 
_1.ptx 1405 : 62282 494701 0 0 0 0 0 0 0 
_1.ptx 1406 : 62282 491138 0 0 0 0 0 0 0 
_1.ptx 1408 : 62282 430115 0 0 0 0 0 0 0 
_1.ptx 1409 : 62282 589670 0 0 0 0 0 0 0 
_1.ptx 1410 : 62282 419890 0 0 0 0 0 0 0 
_1.ptx 1411 : 62282 591233 0 0 0 0 0 0 0 
_1.ptx 1412 : 62282 428331 0 0 0 0 0 0 0 
_1.ptx 1413 : 62282 614903 0 0 0 0 0 0 0 
_1.ptx 1416 : 127467 1421297 0 0 0 0 0 0 0 
_1.ptx 1417 : 127467 954300 0 0 0 0 0 0 0 
_1.ptx 1418 : 127467 1108276 0 0 0 0 0 0 0 
_1.ptx 1419 : 127467 6699 0 0 0 0 0 0 0 
_1.ptx 1420 : 126435 1088030 0 0 0 0 0 0 0 
_1.ptx 1421 : 126435 425632 0 0 0 0 0 0 550 
_1.ptx 1424 : 65536 713440 0 0 0 0 0 0 0 
_1.ptx 1425 : 65536 519424 0 0 0 0 0 0 0 
_1.ptx 1426 : 65536 427168 0 0 0 0 0 0 0 
_1.ptx 1427 : 65536 550624 0 0 0 0 0 0 0 
_1.ptx 604 : 65536 404224 0 0 0 0 0 0 0 
_1.ptx 1428 : 65536 363139 0 0 0 0 0 0 218 
_1.ptx 605 : 65536 521888 38912 0 0 0 0 0 0 
_1.ptx 1429 : 10434 80954 0 0 0 0 0 0 0 
_1.ptx 606 : 65536 404384 0 0 0 0 0 0 0 
_1.ptx 1430 : 10434 78192 0 0 0 0 0 0 0 
_1.ptx 607 : 65536 1345856 39040 0 0 0 0 0 0 
_1.ptx 1431 : 10434 118490 0 0 0 0 0 0 0 
_1.ptx 608 : 65536 405504 0 0 0 0 0 0 0 
_1.ptx 1432 : 10434 119616 0 0 0 0 0 0 0 
_1.ptx 609 : 65536 1622560 38528 0 0 0 0 0 0 
_1.ptx 1433 : 10434 81060 0 0 0 0 0 0 0 
_1.ptx 610 : 65536 407584 0 0 0 0 0 0 0 
_1.ptx 611 : 65536 2167040 39424 0 0 0 0 0 0 
_1.ptx 612 : 65536 408352 0 0 0 0 0 0 0 
_1.ptx 613 : 65536 1875008 51456 0 0 0 0 0 0 
_1.ptx 1437 : 15923 2512091 16768 0 0 0 0 0 0 
_1.ptx 614 : 65536 409888 0 0 0 0 0 0 0 
_1.ptx 1438 : 15923 2462842 11520 0 0 0 0 0 0 
_1.ptx 615 : 65536 2068000 47744 0 0 0 0 0 0 
_1.ptx 1439 : 15923 2716195 12800 0 0 0 0 0 0 
_1.ptx 616 : 65536 411040 0 0 0 0 0 0 0 
_1.ptx 1440 : 15923 2557983 128 0 0 0 0 0 0 
_1.ptx 617 : 65536 2144256 53888 0 0 0 0 0 0 
_1.ptx 1441 : 15923 2503843 128 0 0 0 0 0 0 
_1.ptx 618 : 65536 409440 0 0 0 0 0 0 0 
_1.ptx 1442 : 15923 2662125 128 0 0 0 0 0 0 
_1.ptx 619 : 65536 2186016 47744 0 0 0 0 0 0 
_1.ptx 1443 : 15923 2808716 15488 0 0 0 0 0 0 
_1.ptx 620 : 65536 410656 0 0 0 0 0 0 0 
_1.ptx 1444 : 15923 2674961 0 0 0 0 0 0 0 
_1.ptx 621 : 65536 2355200 52864 0 0 0 0 0 0 
_1.ptx 1445 : 15923 100766 0 0 0 0 0 0 0 
_1.ptx 622 : 65536 411072 0 0 0 0 0 0 0 
_1.ptx 1446 : 15923 147547 0 0 0 0 0 0 0 
_1.ptx 623 : 65536 2417056 56960 0 0 0 0 0 0 
_1.ptx 1447 : 15923 152212 128 0 0 0 0 0 0 
_1.ptx 624 : 65536 409632 0 0 0 0 0 0 0 
_1.ptx 1448 : 15923 100658 0 0 0 0 0 0 0 
_1.ptx 625 : 65536 2880192 52480 0 0 0 0 0 0 
_1.ptx 1449 : 15923 147281 0 0 0 0 0 0 0 
_1.ptx 626 : 65536 412416 0 0 0 0 0 0 0 
_1.ptx 1450 : 15923 143231 512 0 0 0 0 0 0 
_1.ptx 627 : 65536 2003424 56704 0 0 0 0 0 0 
_1.ptx 1451 : 15923 101294 0 0 0 0 0 0 0 
_1.ptx 628 : 65536 412064 0 0 0 0 0 0 0 
_1.ptx 1452 : 15923 148387 0 0 0 0 0 0 0 
_1.ptx 629 : 65536 2073664 58112 0 0 0 0 0 0 
_1.ptx 1453 : 15923 125505 1408 0 0 0 0 0 0 
_1.ptx 630 : 65536 413088 0 0 0 0 0 0 0 
_1.ptx 1454 : 15923 101750 0 0 0 0 0 0 0 
_1.ptx 631 : 65536 2161568 57088 0 0 0 0 0 0 
_1.ptx 1455 : 15923 147865 0 0 0 0 0 0 0 
_1.ptx 632 : 65536 412032 0 0 0 0 0 0 0 
_1.ptx 1456 : 15923 122479 0 0 0 0 0 0 0 
_1.ptx 633 : 65536 2055744 61952 0 0 0 0 0 0 
_1.ptx 1457 : 15923 165056 0 0 0 0 0 0 0 
_1.ptx 634 : 65536 413120 0 0 0 0 0 0 0 
_1.ptx 1458 : 15923 165416 0 0 0 0 0 0 0 
_1.ptx 635 : 65536 2174816 56832 0 0 0 0 0 0 
_1.ptx 1459 : 15923 106977 0 0 0 0 0 0 0 
_1.ptx 636 : 65536 412704 0 0 0 0 0 0 0 
_1.ptx 1460 : 15923 132809 0 0 0 0 0 0 0 
_1.ptx 637 : 65536 2335648 60928 0 0 0 0 0 0 
_1.ptx 1461 : 15923 35295 0 0 0 0 0 0 386 
_1.ptx 638 : 65536 414304 0 0 0 0 0 0 0 
_1.ptx 639 : 65536 2433696 57856 0 0 0 0 0 0 
_1.ptx 640 : 65536 413792 0 0 0 0 0 0 0 
_1.ptx 1464 : 65536 14600384 20096 0 0 4096 2048 0 0 
_1.ptx 641 : 65536 2299936 68096 0 0 0 0 0 0 
_1.ptx 1465 : 65536 5245152 256 0 0 0 0 0 0 
_1.ptx 642 : 65536 414592 0 0 0 0 0 0 0 
_1.ptx 1466 : 65536 489984 0 0 0 0 0 0 0 
_1.ptx 643 : 65536 1777664 69504 0 0 0 0 0 0 
_1.ptx 1467 : 65536 426848 0 0 0 0 0 0 0 
_1.ptx 644 : 65536 418688 0 0 0 0 0 0 0 
_1.ptx 1468 : 65536 738528 0 0 0 0 0 0 0 
_1.ptx 645 : 65536 423968 0 0 0 0 0 0 0 
_1.ptx 1469 : 65536 487040 0 0 0 0 0 0 0 
_1.ptx 646 : 65536 546976 0 0 0 0 0 0 0 
_1.ptx 1470 : 65536 5151328 128 0 0 0 0 0 0 
_1.ptx 647 : 65536 415488 0 0 0 0 0 0 0 
_1.ptx 1471 : 65536 490208 0 0 0 0 0 0 0 
_1.ptx 648 : 65536 421536 0 0 0 0 0 0 0 
_1.ptx 1472 : 65536 425472 0 0 0 0 0 0 0 
_1.ptx 649 : 65536 546368 0 0 0 0 0 0 0 
_1.ptx 1473 : 65536 739232 0 0 0 0 0 0 0 
_1.ptx 650 : 65536 421920 0 0 0 0 0 0 0 
_1.ptx 1474 : 65536 487744 0 0 0 0 0 0 0 
_1.ptx 651 : 65536 737024 0 0 0 0 0 0 0 
_1.ptx 1475 : 65536 490272 0 0 0 0 0 0 0 
_1.ptx 652 : 65536 421760 0 0 0 0 0 0 0 
_1.ptx 1476 : 65536 542720 0 0 0 0 0 0 0 
_1.ptx 653 : 65536 734336 0 0 0 0 0 0 0 
_1.ptx 1477 : 65536 4032000 128 0 0 0 0 0 0 
_1.ptx 654 : 65536 2491072 128 0 0 0 0 0 0 
_1.ptx 1478 : 65536 493344 0 0 0 0 0 0 0 
_1.ptx 655 : 65536 2190464 0 0 0 0 0 0 0 
_1.ptx 1479 : 65536 430176 0 0 0 0 0 0 0 
_1.ptx 656 : 65536 543520 0 0 0 0 0 0 0 
_1.ptx 1480 : 65536 743936 0 0 0 0 0 0 0 
_1.ptx 657 : 65536 485888 0 0 0 0 0 0 0 
_1.ptx 1481 : 65536 494752 0 0 0 0 0 0 0 
_1.ptx 658 : 65536 544448 0 0 0 0 0 0 0 
_1.ptx 1482 : 65536 486016 0 0 0 0 0 0 0 
_1.ptx 659 : 65536 490720 0 0 0 0 0 0 0 
_1.ptx 1483 : 65536 4539872 256 0 0 0 0 0 0 
_1.ptx 660 : 65536 549152 0 0 0 0 0 0 0 
_1.ptx 1484 : 65536 493696 0 0 0 0 0 0 0 
_1.ptx 661 : 65536 417408 0 0 0 0 0 0 0 
_1.ptx 1485 : 65536 431744 0 0 0 0 0 0 0 
_1.ptx 662 : 65536 545120 0 0 0 0 0 0 0 
_1.ptx 1486 : 65536 744000 0 0 0 0 0 0 0 
_1.ptx 663 : 65536 0 0 0 0 0 0 0 0 
_1.ptx 1487 : 65536 491520 0 0 0 0 0 0 0 
_1.ptx 1488 : 65536 490816 0 0 0 0 0 0 0 
_1.ptx 665 : 65536 791712 0 0 0 0 0 0 0 
_1.ptx 1489 : 65536 547072 0 0 0 0 0 0 0 
_1.ptx 666 : 65536 996480 0 0 0 0 0 0 0 
_1.ptx 1490 : 65536 546464 0 0 0 0 0 0 0 
_1.ptx 667 : 65536 736544 0 0 0 0 0 0 0 
_1.ptx 1491 : 65536 739232 0 0 0 0 0 0 0 
_1.ptx 668 : 65536 491360 0 0 0 0 0 0 0 
_1.ptx 1492 : 65536 535552 0 0 0 4096 2048 0 0 
_1.ptx 669 : 65536 723776 0 0 0 0 0 0 0 
_1.ptx 670 : 65536 742400 0 0 0 0 0 0 0 
_1.ptx 671 : 65536 427168 0 0 0 0 0 0 0 
_1.ptx 1495 : 65536 414592 0 0 0 0 0 0 0 
_1.ptx 672 : 65536 2373344 175552 0 0 4096 2048 0 0 
_1.ptx 674 : 65536 3675136 128 0 0 0 0 0 0 
_1.ptx 675 : 65536 3201024 0 0 0 0 0 0 0 
_1.ptx 676 : 65536 1138432 0 0 0 0 0 0 0 
_1.ptx 678 : 65536 522528 0 0 0 0 0 0 0 
_1.ptx 679 : 65536 906048 0 0 0 0 0 0 0 
_1.ptx 680 : 65536 745856 0 0 0 0 0 0 0 
_1.ptx 681 : 65536 1346304 0 0 0 0 0 0 0 
_1.ptx 682 : 65536 540096 0 0 0 0 0 0 0 
_1.ptx 683 : 65536 531776 0 0 0 0 0 0 0 
_1.ptx 684 : 65536 910304 0 0 0 0 0 0 0 
_1.ptx 685 : 65536 753120 0 0 0 0 0 0 0 
_1.ptx 686 : 65536 766656 0 0 0 0 0 0 0 
_1.ptx 687 : 65536 763616 0 0 0 0 0 0 0 
_1.ptx 688 : 65536 518656 0 0 0 0 0 0 0 
_1.ptx 689 : 65536 518496 0 0 0 0 0 0 0 
_1.ptx 690 : 65536 517664 0 0 0 0 0 0 0 
_1.ptx 691 : 65536 448704 0 0 0 0 0 0 0 
_1.ptx 692 : 65536 3144224 0 0 0 0 0 0 0 
_1.ptx 693 : 65536 425024 0 0 0 0 0 0 0 
_1.ptx 694 : 65536 743040 0 0 0 0 0 0 0 
_1.ptx 695 : 65536 756576 0 0 0 0 0 0 0 
_1.ptx 696 : 65536 442272 0 0 0 0 0 0 0 
_1.ptx 697 : 65536 754720 0 0 0 0 0 0 0 
_1.ptx 698 : 65536 744192 0 0 0 0 0 0 0 
_1.ptx 699 : 65536 690720 0 0 0 0 0 0 0 
_1.ptx 700 : 65536 740384 0 0 0 0 0 0 0 
_1.ptx 701 : 65536 698624 0 0 0 0 0 0 0 
_1.ptx 702 : 65536 744640 0 0 0 0 0 0 0 
_1.ptx 703 : 65536 542720 0 0 0 0 0 0 0 
_1.ptx 704 : 65536 742784 0 0 0 0 0 0 0 
_1.ptx 705 : 65536 622080 0 0 0 0 0 0 0 
_1.ptx 706 : 65536 743296 0 0 0 0 0 0 0 
_1.ptx 707 : 65536 549344 0 0 0 0 0 0 0 
_1.ptx 708 : 65536 743488 0 0 0 0 0 0 0 
_1.ptx 709 : 65536 592352 0 0 0 0 0 0 0 
_1.ptx 710 : 65536 757856 0 0 0 0 0 0 0 
_1.ptx 711 : 65536 770400 0 0 0 0 0 0 0 
_1.ptx 712 : 65536 784576 0 0 0 0 0 0 0 
_1.ptx 713 : 65536 793280 0 0 0 0 0 0 0 
_1.ptx 714 : 65536 792704 0 0 0 0 0 0 0 
_1.ptx 715 : 65536 805248 0 0 0 0 0 0 0 
_1.ptx 716 : 65536 819008 0 0 0 0 0 0 0 
_1.ptx 717 : 65536 798784 0 0 0 0 0 0 0 
_1.ptx 718 : 65536 790368 0 0 0 0 0 0 0 
_1.ptx 719 : 65536 795936 0 0 0 0 0 0 0 
_1.ptx 720 : 65536 787296 0 0 0 0 0 0 0 
_1.ptx 721 : 65536 787936 0 0 0 0 0 0 0 
_1.ptx 722 : 65536 783296 0 0 0 0 0 0 0 
_1.ptx 723 : 65536 796832 0 0 0 0 0 0 0 
_1.ptx 724 : 65536 645376 0 0 0 0 0 0 0 
_1.ptx 725 : 65536 622720 0 0 0 0 0 0 0 
_1.ptx 726 : 65536 1818624 0 0 0 0 0 0 0 
_1.ptx 727 : 65536 770304 0 0 0 0 0 0 0 
_1.ptx 728 : 65536 768064 0 0 0 0 0 0 0 
_1.ptx 729 : 65536 787264 0 0 0 0 0 0 0 
_1.ptx 731 : 65536 453952 0 0 0 0 0 0 0 
_1.ptx 733 : 65536 492352 0 0 0 0 0 0 0 
_1.ptx 734 : 65536 506304 0 0 0 0 0 0 0 
_1.ptx 735 : 65536 494336 0 0 0 0 0 0 0 
_1.ptx 736 : 65536 490144 0 0 0 0 0 0 0 
_1.ptx 738 : 127467 1000114 0 0 0 0 0 0 0 
_1.ptx 739 : 127467 875844 0 0 0 0 0 0 0 
_1.ptx 740 : 127467 848567 0 0 0 0 0 0 0 
_1.ptx 744 : 509868 3931028 128 0 0 17236 17236 0 0 
_1.ptx 745 : 509868 3637406 0 0 0 17236 17236 0 0 
_1.ptx 746 : 509868 4113479 128 0 0 17236 17236 0 0 
_1.ptx 747 : 509868 3275120 0 0 0 17236 17236 0 0 
_1.ptx 748 : 509868 3039387 0 0 0 17236 17236 0 0 
_1.ptx 749 : 509868 3415057 0 0 0 0 0 0 0 
_1.ptx 750 : 509868 4416676 0 0 0 0 0 0 0 
_1.ptx 751 : 509868 2715836 0 0 0 0 0 0 0 
_1.ptx 753 : 127467 985983 0 0 0 0 0 0 0 
_1.ptx 754 : 127467 871841 0 0 0 0 0 0 0 
_1.ptx 755 : 127467 1088180 0 0 0 0 0 0 0 
_1.ptx 756 : 127467 870296 0 0 0 0 0 0 0 
_1.ptx 761 : 127467 1452697 0 0 0 0 0 0 0 
_1.ptx 762 : 127467 6247394 0 0 0 0 0 0 0 
_1.ptx 763 : 127467 843499 0 0 0 0 0 0 0 
_1.ptx 764 : 127467 855825 0 0 0 0 0 0 0 
_1.ptx 765 : 127467 1078637 0 0 0 0 0 0 0 
_1.ptx 766 : 127467 1205149 0 0 0 0 0 0 0 
_1.ptx 769 : 127467 1012234 0 0 0 0 0 0 0 
_1.ptx 770 : 127467 894411 0 0 0 0 0 0 0 
_1.ptx 773 : 382401 4487065 0 0 0 0 0 0 0 
_1.ptx 774 : 382401 1295720 0 0 0 0 0 0 0 
_1.ptx 775 : 382401 4523547 0 0 0 0 0 0 0 
_1.ptx 776 : 382401 4524317 0 0 0 0 0 0 0 
_1.ptx 777 : 382401 4565586 0 0 0 0 0 0 0 
_1.ptx 778 : 382401 4583015 0 0 0 0 0 0 0 
_1.ptx 779 : 382401 4593898 0 0 0 0 0 0 0 
_1.ptx 780 : 382401 4587394 0 0 0 0 0 0 0 
_1.ptx 781 : 382401 3758020 0 0 0 0 0 0 0 
_1.ptx 782 : 382401 3834911 0 0 0 0 0 0 0 
_1.ptx 783 : 382401 3733118 0 0 0 0 0 0 0 
_1.ptx 784 : 382401 3832768 0 0 0 0 0 0 0 
_1.ptx 785 : 382401 3395594 0 0 0 0 0 0 0 
_1.ptx 786 : 382401 3173662 0 0 0 0 0 0 0 
_1.ptx 787 : 382401 2776099 0 0 0 0 0 0 0 
_1.ptx 788 : 382401 3387951 0 0 0 0 0 0 0 
_1.ptx 789 : 382401 3148812 0 0 0 0 0 0 0 
_1.ptx 790 : 382401 3402492 0 0 0 0 0 0 0 
_1.ptx 791 : 382401 2784269 0 0 0 0 0 0 0 
_1.ptx 792 : 382401 3389504 0 0 0 0 0 0 0 
_1.ptx 793 : 382401 1990875 0 0 0 0 0 0 1523 
_1.ptx 794 : 105477 780624 0 0 0 0 0 0 0 
_1.ptx 795 : 105477 769940 0 0 0 0 0 0 0 
_1.ptx 797 : 276924 3268864 0 0 0 0 0 0 0 
_1.ptx 798 : 276924 3264871 0 0 0 0 0 0 0 
_1.ptx 799 : 276924 2438557 0 0 0 0 0 0 0 
_1.ptx 800 : 276924 142151 0 0 0 0 0 0 715 
_1.ptx 801 : 257599 1870000 0 0 0 0 0 0 0 
_1.ptx 802 : 257599 1894849 0 0 0 0 0 0 0 
_1.ptx 805 : 19325 228000 0 0 0 0 0 0 0 
_1.ptx 806 : 19325 338229 0 0 0 0 0 0 0 
_1.ptx 807 : 19325 227942 0 0 0 0 0 0 0 
_1.ptx 808 : 19325 230860 0 0 0 0 0 0 0 
_1.ptx 809 : 19325 186946 0 0 0 0 0 0 0 
_1.ptx 813 : 382401 3181462 0 0 0 0 0 0 0 
_1.ptx 815 : 509868 3631095 0 0 0 0 0 0 0 
_1.ptx 816 : 509868 4409519 0 0 0 0 0 0 0 
_1.ptx 817 : 509868 4098917 0 0 0 0 0 0 0 
_1.ptx 818 : 509868 4412076 0 0 0 0 0 0 0 
_1.ptx 819 : 509868 4101492 0 0 0 0 0 0 0 
_1.ptx 820 : 509868 4477268 0 0 0 0 0 0 0 
_1.ptx 821 : 509868 3569105 0 0 0 0 0 0 0 
_1.ptx 822 : 509868 4434645 0 0 0 0 0 0 0 
