kernel line : count latency dram_traffic smem_bk_conflicts smem_warp gmem_access_generated gmem_warp exposed_latency warp_divergence
_1.ptx 823 : 509868 3072994 0 0 0 0 0 0 1125 
_1.ptx 825 : 74702 591286 0 0 0 0 0 0 0 
_1.ptx 827 : 74702 620958 0 0 0 0 0 0 0 
_1.ptx 829 : 509868 5567266 0 0 0 0 0 0 0 
_1.ptx 830 : 509868 5615887 0 0 0 0 0 0 0 
_1.ptx 831 : 509868 3799471 0 0 0 0 0 0 0 
_1.ptx 832 : 509868 4487038 0 0 0 0 0 0 0 
_1.ptx 833 : 509868 2665128 0 0 0 0 0 0 0 
_1.ptx 834 : 127467 910324 0 0 0 0 0 0 0 
_1.ptx 835 : 127467 1101600 0 0 0 0 0 0 0 
_1.ptx 836 : 127467 1025911 0 0 0 0 0 0 0 
_1.ptx 837 : 127467 896258 0 0 0 0 0 0 0 
_1.ptx 838 : 127467 1101554 0 0 0 0 0 0 0 
_1.ptx 839 : 127467 1008750 0 0 0 0 0 0 0 
_1.ptx 840 : 127467 1104858 0 0 0 0 0 0 0 
_1.ptx 841 : 127467 895520 0 0 0 0 0 0 0 
_1.ptx 842 : 127467 1095314 0 0 0 0 0 0 0 
_1.ptx 843 : 127467 444731 0 0 0 0 0 0 631 
_1.ptx 845 : 62282 683335 0 0 0 0 0 0 0 
_1.ptx 847 : 62282 509611 0 0 0 0 0 0 0 
_1.ptx 848 : 62282 491336 0 0 0 0 0 0 0 
_1.ptx 849 : 62282 813752 0 0 0 0 0 0 0 
_1.ptx 850 : 62282 719298 0 0 0 0 0 0 0 
_1.ptx 851 : 62282 303261 0 0 0 2349 2349 0 0 
_1.ptx 852 : 62282 303078 0 0 0 2349 2349 0 0 
_1.ptx 853 : 62282 295654 0 0 0 2544 2349 0 0 
_1.ptx 854 : 62282 301667 0 0 0 2544 2349 0 0 
_1.ptx 855 : 62282 292882 0 0 0 2544 2349 0 0 
_1.ptx 856 : 62282 299049 0 0 0 2544 2349 0 0 
_1.ptx 857 : 62282 286937 0 0 0 2544 2349 0 0 
_1.ptx 859 : 62282 706860 0 0 0 0 0 0 0 
_1.ptx 860 : 62282 707947 0 0 0 0 0 0 0 
_1.ptx 861 : 62282 714398 0 0 0 0 0 0 0 
_1.ptx 862 : 62282 721038 0 0 0 0 0 0 0 
_1.ptx 863 : 62282 730212 0 0 0 0 0 0 0 
_1.ptx 864 : 62282 720391 0 0 0 0 0 0 0 
_1.ptx 865 : 62282 322223 0 0 0 2544 2349 0 0 
_1.ptx 866 : 62282 440437 0 0 0 0 0 0 0 
_1.ptx 867 : 62282 537193 0 0 0 0 0 0 0 
_1.ptx 868 : 62282 130450 0 0 0 0 0 0 305 
_1.ptx 870 : 43133 312989 0 0 0 0 0 0 0 
_1.ptx 871 : 43133 311035 0 0 0 0 0 0 0 
_1.ptx 872 : 43133 310835 0 0 0 0 0 0 0 
_1.ptx 873 : 43133 299984 0 0 0 0 0 0 0 
_1.ptx 875 : 19149 64839 0 0 0 0 0 0 0 
_1.ptx 876 : 19149 220128 0 0 0 0 0 0 0 
_1.ptx 877 : 19149 222361 0 0 0 0 0 0 0 
_1.ptx 878 : 19149 223818 0 0 0 0 0 0 0 
_1.ptx 879 : 19149 225600 0 0 0 0 0 0 0 
_1.ptx 880 : 19149 228441 0 0 0 0 0 0 0 
_1.ptx 881 : 19149 183173 0 0 0 0 0 0 0 
_1.ptx 882 : 19149 185704 0 0 0 0 0 0 0 
_1.ptx 883 : 19149 663820 0 0 0 0 0 0 0 
_1.ptx 884 : 19149 250568 0 0 0 0 0 0 0 
_1.ptx 885 : 19149 258495 0 0 0 0 0 0 0 
_1.ptx 886 : 19149 249597 0 0 0 0 0 0 0 
_1.ptx 888 : 62282 729649 0 0 0 0 0 0 0 
_1.ptx 889 : 62282 728830 0 0 0 0 0 0 0 
_1.ptx 890 : 62282 743455 0 0 0 0 0 0 0 
_1.ptx 891 : 62282 785299 0 0 0 0 0 0 0 
_1.ptx 892 : 62282 616937 0 0 0 0 0 0 0 
_1.ptx 893 : 62282 606832 0 0 0 0 0 0 0 
_1.ptx 894 : 62282 2101259 0 0 0 0 0 0 0 
_1.ptx 895 : 62282 737438 0 0 0 0 0 0 0 
_1.ptx 896 : 62282 732468 0 0 0 0 0 0 0 
_1.ptx 897 : 62282 734978 0 0 0 0 0 0 0 
_1.ptx 898 : 62282 713168 0 0 0 0 0 0 0 
_1.ptx 899 : 62282 599017 0 0 0 0 0 0 0 
_1.ptx 900 : 62282 596963 0 0 0 0 0 0 0 
_1.ptx 901 : 62282 425803 0 0 0 0 0 0 0 
_1.ptx 902 : 62282 539048 0 0 0 0 0 0 0 
_1.ptx 903 : 62282 434691 0 0 0 0 0 0 0 
_1.ptx 910 : 62282 487593 0 0 0 0 0 0 0 
_1.ptx 911 : 62282 492580 0 0 0 0 0 0 0 
_1.ptx 912 : 62282 504037 0 0 0 0 0 0 0 
_1.ptx 915 : 62282 447642 0 0 0 0 0 0 0 
_1.ptx 916 : 62282 725191 0 0 0 0 0 0 0 
_1.ptx 917 : 62282 489769 0 0 0 0 0 0 0 
_1.ptx 918 : 62282 992681 0 0 0 0 0 0 0 
_1.ptx 919 : 62282 710395 0 0 0 0 0 0 0 
_1.ptx 920 : 62282 544255 21024 0 0 0 0 0 0 
_1.ptx 921 : 62282 417568 0 0 0 0 0 0 0 
_1.ptx 922 : 62282 714925 0 0 0 0 0 0 0 
_1.ptx 923 : 62282 713803 44960 0 0 0 0 0 0 
_1.ptx 924 : 62282 416471 0 0 0 0 0 0 0 
_1.ptx 925 : 62282 712938 0 0 0 0 0 0 0 
_1.ptx 926 : 62282 920157 21792 0 0 0 0 0 0 
_1.ptx 927 : 62282 404715 0 0 0 0 0 0 0 
_1.ptx 928 : 62282 714083 0 0 0 0 0 0 0 
_1.ptx 929 : 62282 935344 13216 0 0 0 0 0 0 
_1.ptx 931 : 62282 409443 0 0 0 0 0 0 0 
_1.ptx 932 : 62282 712673 0 0 0 0 0 0 0 
_1.ptx 933 : 62282 417536 0 0 0 0 0 0 0 
_1.ptx 934 : 62282 711097 0 0 0 0 0 0 0 
_1.ptx 935 : 62282 411173 0 0 0 0 0 0 0 
_1.ptx 936 : 62282 717480 0 0 0 0 0 0 0 
_1.ptx 937 : 62282 746536 0 0 0 0 0 0 0 
_1.ptx 938 : 62282 601919 0 0 0 0 0 0 0 
_1.ptx 939 : 62282 593456 0 0 0 0 0 0 0 
_1.ptx 940 : 62282 2446854 0 0 0 0 0 0 0 
_1.ptx 941 : 62282 754743 0 0 0 0 0 0 0 
_1.ptx 942 : 62282 771475 0 0 0 0 0 0 0 
_1.ptx 943 : 62282 792523 0 0 0 0 0 0 0 
_1.ptx 944 : 62282 776586 0 0 0 0 0 0 0 
_1.ptx 945 : 62282 596735 0 0 0 0 0 0 0 
_1.ptx 946 : 62282 597475 0 0 0 0 0 0 0 
_1.ptx 947 : 62282 434949 0 0 0 0 0 0 0 
_1.ptx 948 : 62282 540708 0 0 0 0 0 0 0 
_1.ptx 949 : 62282 37019 0 0 0 0 0 0 318 
_1.ptx 951 : 56815 445008 0 0 0 0 0 0 0 
_1.ptx 952 : 56815 352068 0 0 0 0 0 0 0 
_1.ptx 955 : 220903 997854 0 0 0 8579 8579 0 0 
_1.ptx 956 : 220903 991578 128 0 0 8579 8579 0 0 
_1.ptx 957 : 220903 970377 0 0 0 8579 8579 0 0 
_1.ptx 958 : 220903 982446 0 0 0 8579 8579 0 0 
_1.ptx 959 : 220903 1475125 0 0 0 0 0 0 0 
_1.ptx 960 : 220903 1892089 0 0 0 0 0 0 0 
_1.ptx 961 : 220903 1142087 0 0 0 0 0 0 0 
_1.ptx 963 : 56815 433534 0 0 0 0 0 0 0 
_1.ptx 964 : 56815 378597 0 0 0 0 0 0 0 
_1.ptx 965 : 56815 477451 0 0 0 0 0 0 0 
_1.ptx 966 : 56815 368521 0 0 0 0 0 0 0 
_1.ptx 971 : 56815 359755 0 0 0 0 0 0 0 
_1.ptx 972 : 56815 524757 0 0 0 0 0 0 0 
_1.ptx 973 : 56815 638379 0 0 0 0 0 0 0 
_1.ptx 974 : 56815 3397570 0 0 0 0 0 0 0 
_1.ptx 976 : 56815 369419 0 0 0 0 0 0 0 
_1.ptx 977 : 56815 374731 0 0 0 0 0 0 0 
_1.ptx 978 : 56815 489382 0 0 0 0 0 0 0 
_1.ptx 979 : 56815 530388 0 0 0 0 0 0 0 
_1.ptx 982 : 56815 439408 0 0 0 0 0 0 0 
_1.ptx 983 : 56815 381719 0 0 0 0 0 0 0 
_1.ptx 986 : 164088 756197 0 0 0 6402 6402 0 0 
_1.ptx 987 : 164088 627346 0 0 0 0 0 0 0 
_1.ptx 988 : 164088 1941190 0 0 0 0 0 0 0 
_1.ptx 989 : 164088 1157438 0 0 0 0 0 0 0 
_1.ptx 990 : 164088 1952309 0 0 0 0 0 0 0 
_1.ptx 991 : 164088 1179369 0 0 0 0 0 0 0 
_1.ptx 992 : 164088 1958578 0 0 0 0 0 0 0 
_1.ptx 993 : 164088 1206567 0 0 0 0 0 0 0 
_1.ptx 994 : 164088 1956119 0 0 0 0 0 0 0 
_1.ptx 995 : 164088 1950573 0 0 0 0 0 0 0 
_1.ptx 996 : 164088 1984328 0 0 0 0 0 0 0 
_1.ptx 997 : 164088 1980410 0 0 0 0 0 0 0 
_1.ptx 998 : 164088 1984530 0 0 0 0 0 0 0 
_1.ptx 999 : 164088 1982678 0 0 0 0 0 0 0 
_1.ptx 1000 : 164088 1993843 0 0 0 0 0 0 0 
_1.ptx 1001 : 164088 2016903 0 0 0 0 0 0 0 
_1.ptx 1002 : 164088 1668668 0 0 0 0 0 0 0 
_1.ptx 1003 : 164088 1658633 0 0 0 0 0 0 0 
_1.ptx 1004 : 164088 1988083 0 0 0 0 0 0 0 
_1.ptx 1005 : 164088 1639971 0 0 0 0 0 0 0 
_1.ptx 1006 : 164088 1637307 0 0 0 0 0 0 0 
_1.ptx 1007 : 164088 2000109 0 0 0 0 0 0 0 
_1.ptx 1008 : 164088 1498873 0 0 0 0 0 0 0 
_1.ptx 1009 : 164088 1389943 0 0 0 0 0 0 0 
_1.ptx 1010 : 164088 1175840 0 0 0 0 0 0 0 
_1.ptx 1011 : 164088 1456687 0 0 0 0 0 0 0 
_1.ptx 1012 : 164088 1357748 0 0 0 0 0 0 0 
_1.ptx 1013 : 164088 1464007 0 0 0 0 0 0 0 
_1.ptx 1014 : 164088 1202875 0 0 0 0 0 0 0 
_1.ptx 1015 : 164088 1462531 0 0 0 0 0 0 0 
_1.ptx 1016 : 164088 829780 0 0 0 0 0 0 965 
_1.ptx 1017 : 50431 370303 0 0 0 0 0 0 0 
_1.ptx 1018 : 50431 367101 0 0 0 0 0 0 0 
_1.ptx 1020 : 113657 1344491 0 0 0 0 0 0 0 
_1.ptx 1021 : 113657 1352050 0 0 0 0 0 0 0 
_1.ptx 1022 : 113657 1021317 0 0 0 0 0 0 0 
_1.ptx 1023 : 113657 44357 0 0 0 0 0 0 344 
_1.ptx 1024 : 107587 799742 0 0 0 0 0 0 0 
_1.ptx 1025 : 107587 804337 0 0 0 0 0 0 0 
_1.ptx 1028 : 6070 71299 0 0 0 0 0 0 0 
_1.ptx 1029 : 6070 114693 0 0 0 0 0 0 0 
_1.ptx 1030 : 6070 72065 0 0 0 0 0 0 0 
_1.ptx 1031 : 6070 73293 0 0 0 0 0 0 0 
_1.ptx 1032 : 6070 58968 0 0 0 0 0 0 0 
_1.ptx 1036 : 164088 1373080 0 0 0 0 0 0 0 
_1.ptx 1039 : 220903 1577467 0 0 0 0 0 0 0 
_1.ptx 1040 : 220903 1925752 0 0 0 0 0 0 0 
_1.ptx 1041 : 220903 1508026 0 0 0 0 0 0 370 
_1.ptx 1042 : 6068 73168 0 0 0 0 0 0 0 
_1.ptx 1043 : 6068 74118 0 0 0 0 0 0 0 
_1.ptx 1044 : 6068 73967 0 0 0 0 0 0 0 
_1.ptx 1045 : 6068 73383 0 0 0 0 0 0 0 
_1.ptx 1046 : 6068 73428 0 0 0 0 0 0 0 
_1.ptx 1047 : 6068 73202 0 0 0 0 0 0 0 
_1.ptx 1048 : 6068 75066 0 0 0 0 0 0 0 
_1.ptx 1049 : 6068 60710 0 0 0 0 0 0 0 
_1.ptx 1050 : 6068 60720 0 0 0 0 0 0 0 
_1.ptx 1051 : 6068 55288 0 0 0 0 0 0 0 
_1.ptx 1052 : 6068 45140 0 0 0 0 0 0 0 
_1.ptx 1057 : 220903 2401348 0 0 0 0 0 0 0 
_1.ptx 1058 : 220903 2411387 0 0 0 0 0 0 0 
_1.ptx 1059 : 220903 1690657 0 0 0 0 0 0 0 
_1.ptx 1060 : 220903 1937463 0 0 0 0 0 0 0 
_1.ptx 1061 : 220903 377303 0 0 0 0 0 0 0 
_1.ptx 1062 : 169119 1232234 0 0 0 0 0 0 0 
_1.ptx 1063 : 169119 1456758 0 0 0 0 0 0 0 
_1.ptx 1064 : 169119 1136812 0 0 0 0 0 0 295 
_1.ptx 1065 : 5031 35390 0 0 0 0 0 0 0 
_1.ptx 1067 : 51784 375804 0 0 0 0 0 0 0 
_1.ptx 1068 : 51784 460452 0 0 0 0 0 0 0 
_1.ptx 1071 : 56815 44189 0 0 0 0 0 0 318 
_1.ptx 1073 : 50745 600804 0 0 0 0 0 0 0 
_1.ptx 1074 : 50745 603889 0 0 0 0 0 0 0 
_1.ptx 1075 : 50745 606648 0 0 0 0 0 0 0 
_1.ptx 1076 : 50745 635557 0 0 0 0 0 0 0 
_1.ptx 1077 : 50745 501929 0 0 0 0 0 0 0 
_1.ptx 1078 : 50745 497707 0 0 0 0 0 0 0 
_1.ptx 1079 : 50745 1228804 0 0 0 0 0 0 0 
_1.ptx 1081 : 50745 372608 0 0 0 0 0 0 0 
_1.ptx 1082 : 50745 1078998 0 0 0 0 0 0 0 
_1.ptx 1083 : 50745 409196 0 0 0 0 0 0 0 
_1.ptx 1084 : 50745 720580 0 0 0 0 0 0 0 
_1.ptx 1085 : 50745 675980 0 0 0 0 0 0 0 
_1.ptx 1086 : 50745 605632 0 0 0 0 0 0 0 
_1.ptx 1087 : 50745 368415 0 0 0 0 0 0 0 
_1.ptx 1088 : 50745 366530 0 0 0 0 0 0 0 
_1.ptx 1089 : 50745 584967 0 0 0 0 0 0 0 
_1.ptx 1090 : 50745 595194 0 0 0 0 0 0 0 
_1.ptx 1091 : 50745 602652 0 0 0 0 0 0 0 
_1.ptx 1092 : 50745 358318 0 0 0 0 0 0 0 
_1.ptx 1093 : 50745 367095 0 0 0 0 0 0 0 
_1.ptx 1094 : 50745 594275 0 0 0 0 0 0 0 
_1.ptx 1095 : 50745 602759 0 0 0 0 0 0 0 
_1.ptx 1096 : 50745 607538 0 0 0 0 0 0 0 
_1.ptx 1097 : 50745 622676 0 0 0 0 0 0 0 
_1.ptx 1098 : 50745 365546 0 0 0 0 0 0 0 
_1.ptx 1099 : 50745 596388 0 0 0 0 0 0 0 
_1.ptx 1100 : 50745 493103 0 0 0 0 0 0 0 
_1.ptx 1101 : 50745 677326 0 0 0 0 0 0 0 
_1.ptx 1103 : 50745 587189 0 0 0 0 0 0 0 
_1.ptx 1104 : 50745 590863 0 0 0 0 0 0 0 
_1.ptx 1105 : 50745 590323 0 0 0 0 0 0 0 
_1.ptx 1106 : 50745 500926 0 0 0 0 0 0 0 
_1.ptx 1107 : 50745 608533 0 0 0 0 0 0 0 
_1.ptx 1108 : 50745 507940 0 0 0 0 0 0 0 
_1.ptx 1109 : 50745 382342 0 0 0 0 0 0 0 
_1.ptx 1110 : 50745 1098850 0 0 0 0 0 0 0 
_1.ptx 1111 : 50745 419689 0 0 0 0 0 0 0 
_1.ptx 1112 : 50745 1106506 0 0 0 0 0 0 0 
_1.ptx 1113 : 50745 427799 0 0 0 0 0 0 0 
_1.ptx 1114 : 50745 469251 0 0 0 0 0 0 0 
_1.ptx 1115 : 50745 373488 0 0 0 0 0 0 0 
_1.ptx 1121 : 50745 417496 0 0 0 0 0 0 0 
_1.ptx 1122 : 50745 365955 0 0 0 0 0 0 0 
_1.ptx 1123 : 50745 436709 0 0 0 0 0 0 0 
_1.ptx 1124 : 50745 0 0 0 0 0 0 0 0 
_1.ptx 1125 : 50745 332672 0 0 0 0 0 0 0 
_1.ptx 1133 : 50745 324798 0 0 0 0 0 0 0 
_1.ptx 1134 : 50745 422557 0 0 0 0 0 0 0 
_1.ptx 1135 : 50745 334420 0 0 0 0 0 0 0 
_1.ptx 1140 : 50745 328320 0 0 0 0 0 0 0 
_1.ptx 1141 : 50745 423404 0 0 0 0 0 0 0 
_1.ptx 1142 : 50745 335979 0 0 0 0 0 0 0 
_1.ptx 1157 : 50745 328709 0 0 0 0 0 0 0 
_1.ptx 1158 : 50745 426232 0 0 0 0 0 0 0 
_1.ptx 1159 : 50745 328122 0 0 0 0 0 0 0 
_1.ptx 1181 : 50745 326792 0 0 0 0 0 0 0 
_1.ptx 1182 : 50745 426545 0 0 0 0 0 0 0 
_1.ptx 1183 : 50745 329567 0 0 0 0 0 0 0 
_1.ptx 1196 : 50745 374325 0 0 0 0 0 0 0 
_1.ptx 1197 : 50745 377435 0 0 0 0 0 0 0 
_1.ptx 1198 : 50745 381323 0 0 0 0 0 0 0 
_1.ptx 1199 : 50745 385572 0 0 0 0 0 0 0 
_1.ptx 1200 : 50745 345283 0 0 0 0 0 0 0 
_1.ptx 1201 : 50745 429091 0 0 0 0 0 0 0 
_1.ptx 1202 : 50745 336857 0 0 0 0 0 0 0 
_1.ptx 1213 : 50745 424360 0 0 0 0 0 0 0 
_1.ptx 1216 : 50745 577829 0 0 0 0 0 0 0 
_1.ptx 1218 : 50745 428152 0 0 0 0 0 0 0 
_1.ptx 1219 : 50745 403385 0 0 0 0 0 0 0 
_1.ptx 1220 : 50745 398312 0 0 0 0 0 0 0 
_1.ptx 1221 : 50745 406552 0 0 0 0 0 0 0 
_1.ptx 1222 : 50745 360452 0 0 0 0 0 0 0 
_1.ptx 1223 : 50745 441312 0 0 0 0 0 0 0 
_1.ptx 1224 : 50745 209943 0 0 0 0 0 0 727 
_1.ptx 1226 : 21083 159216 0 0 0 0 0 0 0 
_1.ptx 1227 : 21083 249633 0 0 0 0 0 0 0 
_1.ptx 1229 : 21083 242379 0 0 0 0 0 0 0 
_1.ptx 1232 : 50745 395518 0 0 0 0 0 0 0 
_1.ptx 1233 : 50745 596847 0 0 0 0 0 0 0 
_1.ptx 1234 : 50745 330899 0 0 0 0 0 0 0 
_1.ptx 1235 : 50745 587332 0 0 0 0 0 0 0 
_1.ptx 1236 : 50745 615460 0 0 0 0 0 0 0 
_1.ptx 1237 : 50745 476488 0 0 0 0 0 0 0 
_1.ptx 1238 : 50745 2470044 0 0 0 0 0 0 0 
_1.ptx 1239 : 50745 409162 0 0 0 0 0 0 0 
_1.ptx 1240 : 50745 636335 0 0 0 0 0 0 0 
_1.ptx 1241 : 50745 408360 0 0 0 0 0 0 0 
_1.ptx 1242 : 50745 415372 0 0 0 0 0 0 0 
_1.ptx 1243 : 50745 407702 0 0 0 0 0 0 0 
_1.ptx 1244 : 50745 408188 0 0 0 0 0 0 0 
_1.ptx 1245 : 50745 410398 0 0 0 0 0 0 0 
_1.ptx 1246 : 50745 587132 0 0 0 0 0 0 0 
_1.ptx 1247 : 50745 588779 0 0 0 0 0 0 0 
_1.ptx 1248 : 50745 599264 0 0 0 0 0 0 0 
_1.ptx 1249 : 50745 481451 0 0 0 0 0 0 0 
_1.ptx 1250 : 50745 481789 0 0 0 0 0 0 0 
_1.ptx 1252 : 50745 611317 0 0 0 0 0 0 0 
_1.ptx 1253 : 50745 643266 0 0 0 0 0 0 0 
_1.ptx 1254 : 50745 447253 0 0 0 0 0 0 0 
_1.ptx 1255 : 50745 451619 0 0 0 0 0 0 0 
_1.ptx 1256 : 50745 525553 0 0 0 0 0 0 0 
_1.ptx 1257 : 50745 397040 0 0 0 0 0 0 0 
_1.ptx 1258 : 50745 514392 0 0 0 0 0 0 0 
_1.ptx 1259 : 50745 622943 0 0 0 0 0 0 0 
_1.ptx 1260 : 50745 626984 0 0 0 0 0 0 0 
_1.ptx 1261 : 50745 620557 0 0 0 0 0 0 0 
_1.ptx 1262 : 50745 611697 0 0 0 0 0 0 0 
_1.ptx 1263 : 50745 604632 0 0 0 0 0 0 0 
_1.ptx 1264 : 50745 602229 0 0 0 0 0 0 0 
_1.ptx 1265 : 50745 600380 0 0 0 0 0 0 0 
_1.ptx 1266 : 50745 596616 0 0 0 0 0 0 0 
_1.ptx 1267 : 50745 567051 0 0 0 0 0 0 0 
_1.ptx 1269 : 50745 574669 0 0 0 0 0 0 0 
_1.ptx 1271 : 50745 589024 0 0 0 0 0 0 0 
_1.ptx 1272 : 50745 621228 0 0 0 0 0 0 0 
_1.ptx 1274 : 50745 487630 0 0 0 0 0 0 0 
_1.ptx 1275 : 50745 439027 0 0 0 0 0 0 0 
_1.ptx 1276 : 50745 625715 0 0 0 0 0 0 0 
_1.ptx 1277 : 50745 627253 0 0 0 0 0 0 0 
_1.ptx 1279 : 50745 422464 0 0 0 0 0 0 0 
_1.ptx 1280 : 50745 624698 0 0 0 0 0 0 0 
_1.ptx 1281 : 50745 623919 0 0 0 0 0 0 0 
_1.ptx 1282 : 50745 610552 0 0 0 0 0 0 0 
_1.ptx 1283 : 50745 604987 0 0 0 0 0 0 0 
_1.ptx 1284 : 50745 600160 0 0 0 0 0 0 0 
_1.ptx 1286 : 50745 601191 0 0 0 0 0 0 0 
_1.ptx 1288 : 50745 366206 0 0 0 0 0 0 0 
_1.ptx 1289 : 50745 589758 0 0 0 0 0 0 0 
_1.ptx 1290 : 50745 595765 0 0 0 0 0 0 0 
_1.ptx 1291 : 50745 472634 0 0 0 0 0 0 0 
_1.ptx 1292 : 50745 642646 0 0 0 0 0 0 0 
_1.ptx 1293 : 50745 406903 0 0 0 0 0 0 0 
_1.ptx 1294 : 50745 492360 0 0 0 0 0 0 0 
_1.ptx 1295 : 50745 360938 0 0 0 0 0 0 0 
_1.ptx 1296 : 50745 491335 0 0 0 0 0 0 0 
_1.ptx 1297 : 50745 354873 0 0 0 0 0 0 0 
_1.ptx 1298 : 50745 492093 0 0 0 0 0 0 0 
_1.ptx 1299 : 50745 354410 0 0 0 0 0 0 0 
_1.ptx 1300 : 50745 490717 0 0 0 0 0 0 0 
_1.ptx 1301 : 50745 601999 0 0 0 0 0 0 0 
_1.ptx 1303 : 50745 420306 0 0 0 0 0 0 0 
_1.ptx 1304 : 50745 596422 0 0 0 0 0 0 0 
_1.ptx 1305 : 50745 589730 0 0 0 0 0 0 0 
_1.ptx 1307 : 50745 377851 0 0 0 0 0 0 0 
_1.ptx 1308 : 50745 388124 0 0 0 0 0 0 0 
_1.ptx 1309 : 50745 405164 0 0 0 0 0 0 0 
_1.ptx 1310 : 50745 358597 0 0 0 0 0 0 0 
_1.ptx 1311 : 50745 424260 0 0 0 0 0 0 0 
_1.ptx 1312 : 50745 326325 0 0 0 0 0 0 0 
_1.ptx 1321 : 50745 381560 0 0 0 0 0 0 0 
_1.ptx 1322 : 50745 343390 0 0 0 0 0 0 0 
_1.ptx 1323 : 50745 576550 0 0 0 0 0 0 0 
_1.ptx 1324 : 50745 410733 0 0 0 0 0 0 0 
_1.ptx 1325 : 50745 365988 0 0 0 0 0 0 0 
_1.ptx 1326 : 50745 367255 0 0 0 0 0 0 0 
_1.ptx 1327 : 50745 2678974 0 0 0 0 0 0 0 
_1.ptx 1328 : 50745 313113 0 0 0 0 0 0 0 
_1.ptx 1329 : 50745 326275 0 0 0 0 0 0 0 
_1.ptx 1330 : 50745 474399 0 0 0 0 0 0 0 
_1.ptx 1331 : 50745 485188 0 0 0 0 0 0 0 
_1.ptx 1332 : 50745 350018 0 0 0 0 0 0 0 
_1.ptx 1333 : 50745 657741 0 0 0 0 0 0 0 
_1.ptx 1334 : 50745 3609227 0 0 0 0 0 0 0 
_1.ptx 1335 : 50745 587650 0 0 0 0 0 0 0 
_1.ptx 1336 : 50745 323741 0 0 0 0 0 0 0 
_1.ptx 1337 : 50745 432771 0 0 0 0 0 0 0 
_1.ptx 1338 : 50745 473055 0 0 0 0 0 0 0 
_1.ptx 1339 : 50745 328821 0 0 0 0 0 0 0 
_1.ptx 1340 : 50745 425747 0 0 0 0 0 0 0 
_1.ptx 1341 : 50745 469335 0 0 0 0 0 0 0 
_1.ptx 1343 : 50745 379668 0 0 0 0 0 0 0 
_1.ptx 1344 : 50745 320912 0 0 0 0 0 0 0 
_1.ptx 1345 : 50745 428336 0 0 0 0 0 0 0 
_1.ptx 1346 : 50745 0 0 0 0 0 0 0 0 
_1.ptx 1348 : 50745 482887 0 0 0 0 0 0 0 
_1.ptx 1351 : 50745 415531 0 0 0 0 0 0 0 
_1.ptx 1352 : 50745 363852 0 0 0 0 0 0 0 
_1.ptx 1353 : 50745 411853 0 0 0 0 0 0 0 
_1.ptx 1354 : 50745 412515 0 0 0 0 0 0 0 
_1.ptx 1355 : 50745 371972 0 0 0 0 0 0 0 
_1.ptx 1356 : 50745 610119 0 0 0 0 0 0 0 
_1.ptx 1357 : 50745 605501 0 0 0 0 0 0 0 
_1.ptx 1358 : 50745 426360 0 0 0 0 0 0 0 
_1.ptx 1359 : 50745 363747 0 0 0 0 0 0 0 
_1.ptx 1360 : 50745 439027 0 0 0 0 0 0 0 
_1.ptx 1361 : 50745 400431 0 0 0 0 0 0 0 
_1.ptx 1362 : 50745 432245 0 0 0 0 0 0 0 
_1.ptx 1363 : 50745 319400 0 0 0 0 0 0 0 
_1.ptx 1364 : 50745 425002 0 0 0 0 0 0 0 
_1.ptx 1365 : 50745 325364 0 0 0 0 0 0 0 
_1.ptx 1372 : 50745 381785 0 0 0 0 0 0 0 
_1.ptx 1375 : 50745 334948 0 0 0 0 0 0 0 
_1.ptx 1376 : 50745 578421 0 0 0 0 0 0 0 
_1.ptx 1377 : 50745 577628 0 0 0 0 0 0 0 
_1.ptx 1378 : 50745 520365 0 0 0 0 0 0 0 
_1.ptx 1380 : 50745 571240 0 0 0 0 0 0 0 
_1.ptx 1381 : 50745 661471 0 0 0 0 0 0 0 
_1.ptx 1383 : 50745 579728 0 0 0 0 0 0 0 
_1.ptx 1384 : 50745 826833 0 0 0 0 0 0 0 
_1.ptx 1388 : 62282 714460 0 0 0 0 0 0 0 
_1.ptx 1389 : 62282 722805 0 0 0 0 0 0 0 
_1.ptx 1390 : 62282 719962 0 0 0 0 0 0 0 
_1.ptx 1391 : 62282 752076 0 0 0 0 0 0 0 
_1.ptx 1392 : 62282 737161 0 0 0 0 0 0 0 
_1.ptx 1393 : 62282 785470 0 0 0 0 0 0 0 
_1.ptx 1395 : 62282 735680 0 0 0 0 0 0 0 
_1.ptx 1396 : 62282 753962 0 0 0 0 0 0 0 
_1.ptx 1397 : 62282 746370 0 0 0 0 0 0 0 
_1.ptx 1398 : 62282 778213 0 0 0 0 0 0 0 
_1.ptx 1399 : 62282 633773 0 0 0 0 0 0 0 
_1.ptx 1400 : 62282 613478 0 0 0 0 0 0 0 
_1.ptx 1401 : 62282 2616208 0 0 0 0 0 0 0 
_1.ptx 1402 : 62282 743754 0 0 0 0 0 0 0 
_1.ptx 1403 : 62282 739128 0 0 0 0 0 0 0 
_1.ptx 1404 : 62282 763906 0 0 0 0 0 0 0 
_1.ptx 1405 : 62282 497249 0 0 0 0 0 0 0 
_1.ptx 1406 : 62282 491926 0 0 0 0 0 0 0 
_1.ptx 1408 : 62282 428968 0 0 0 0 0 0 0 
_1.ptx 1409 : 62282 590321 0 0 0 0 0 0 0 
_1.ptx 1410 : 62282 419084 0 0 0 0 0 0 0 
_1.ptx 1411 : 62282 587502 0 0 0 0 0 0 0 
_1.ptx 1412 : 62282 426714 0 0 0 0 0 0 0 
_1.ptx 1413 : 62282 612663 0 0 0 0 0 0 0 
_1.ptx 1416 : 127467 1411822 0 0 0 0 0 0 0 
_1.ptx 1417 : 127467 957717 0 0 0 0 0 0 0 
_1.ptx 1418 : 127467 1101684 0 0 0 0 0 0 0 
_1.ptx 1419 : 127467 6868 0 0 0 0 0 0 0 
_1.ptx 1420 : 126435 1088740 0 0 0 0 0 0 0 
_1.ptx 1421 : 126435 427537 0 0 0 0 0 0 550 
_1.ptx 1424 : 65536 712032 0 0 0 0 0 0 0 
_1.ptx 1425 : 65536 522432 0 0 0 0 0 0 0 
_1.ptx 1426 : 65536 428448 0 0 0 0 0 0 0 
_1.ptx 1427 : 65536 550304 0 0 0 0 0 0 0 
_1.ptx 604 : 65536 405632 0 0 0 0 0 0 0 
_1.ptx 1428 : 65536 363327 0 0 0 0 0 0 218 
_1.ptx 605 : 65536 469056 38400 0 0 0 0 0 0 
_1.ptx 1429 : 10434 80126 0 0 0 0 0 0 0 
_1.ptx 606 : 65536 403200 0 0 0 0 0 0 0 
_1.ptx 1430 : 10434 78897 0 0 0 0 0 0 0 
_1.ptx 607 : 65536 895424 38400 0 0 0 0 0 0 
_1.ptx 1431 : 10434 128408 0 0 0 0 0 0 0 
_1.ptx 608 : 65536 404992 0 0 0 0 0 0 0 
_1.ptx 1432 : 10434 119920 0 0 0 0 0 0 0 
_1.ptx 609 : 65536 876192 38400 0 0 0 0 0 0 
_1.ptx 1433 : 10434 80594 0 0 0 0 0 0 0 
_1.ptx 610 : 65536 408256 0 0 0 0 0 0 0 
_1.ptx 611 : 65536 1252320 38400 0 0 0 0 0 0 
_1.ptx 612 : 65536 407520 0 0 0 0 0 0 0 
_1.ptx 613 : 65536 1216000 43392 0 0 0 0 0 0 
_1.ptx 1437 : 15923 1779925 9088 0 0 0 0 0 0 
_1.ptx 614 : 65536 406208 0 0 0 0 0 0 0 
_1.ptx 1438 : 15923 1668739 2176 0 0 0 0 0 0 
_1.ptx 615 : 65536 1288672 40832 0 0 0 0 0 0 
_1.ptx 1439 : 15923 1908539 4224 0 0 0 0 0 0 
_1.ptx 616 : 65536 408224 0 0 0 0 0 0 0 
_1.ptx 1440 : 15923 2048829 0 0 0 0 0 0 0 
_1.ptx 617 : 65536 1495232 44032 0 0 0 0 0 0 
_1.ptx 1441 : 15923 1865489 0 0 0 0 0 0 0 
_1.ptx 618 : 65536 406752 0 0 0 0 0 0 0 
_1.ptx 1442 : 15923 2133712 0 0 0 0 0 0 0 
_1.ptx 619 : 65536 1567776 40704 0 0 0 0 0 0 
_1.ptx 1443 : 15923 2008482 8832 0 0 0 0 0 0 
_1.ptx 620 : 65536 407168 0 0 0 0 0 0 0 
_1.ptx 1444 : 15923 2135419 0 0 0 0 0 0 0 
_1.ptx 621 : 65536 1571168 39936 0 0 0 0 0 0 
_1.ptx 1445 : 15923 102414 0 0 0 0 0 0 0 
_1.ptx 622 : 65536 406752 0 0 0 0 0 0 0 
_1.ptx 1446 : 15923 147810 0 0 0 0 0 0 0 
_1.ptx 623 : 65536 1625696 45184 0 0 0 0 0 0 
_1.ptx 1447 : 15923 122295 0 0 0 0 0 0 0 
_1.ptx 624 : 65536 406976 0 0 0 0 0 0 0 
_1.ptx 1448 : 15923 101545 0 0 0 0 0 0 0 
_1.ptx 625 : 65536 1702752 40064 0 0 0 0 0 0 
_1.ptx 1449 : 15923 148009 0 0 0 0 0 0 0 
_1.ptx 626 : 65536 411072 0 0 0 0 0 0 0 
_1.ptx 1450 : 15923 116524 0 0 0 0 0 0 0 
_1.ptx 627 : 65536 1198560 43136 0 0 0 0 0 0 
_1.ptx 1451 : 15923 103147 0 0 0 0 0 0 0 
_1.ptx 628 : 65536 410304 0 0 0 0 0 0 0 
_1.ptx 1452 : 15923 148687 0 0 0 0 0 0 0 
_1.ptx 629 : 65536 1285920 46080 0 0 0 0 0 0 
_1.ptx 1453 : 15923 114419 0 0 0 0 0 0 0 
_1.ptx 630 : 65536 411200 0 0 0 0 0 0 0 
_1.ptx 1454 : 15923 101824 0 0 0 0 0 0 0 
_1.ptx 631 : 65536 1498240 41600 0 0 0 0 0 0 
_1.ptx 1455 : 15923 147630 0 0 0 0 0 0 0 
_1.ptx 632 : 65536 409568 0 0 0 0 0 0 0 
_1.ptx 1456 : 15923 106176 0 0 0 0 0 0 0 
_1.ptx 633 : 65536 1483584 46720 0 0 0 0 0 0 
_1.ptx 1457 : 15923 166454 0 0 0 0 0 0 0 
_1.ptx 634 : 65536 410944 0 0 0 0 0 0 0 
_1.ptx 1458 : 15923 166857 0 0 0 0 0 0 0 
_1.ptx 635 : 65536 1566816 40832 0 0 0 0 0 0 
_1.ptx 1459 : 15923 110277 0 0 0 0 0 0 0 
_1.ptx 636 : 65536 409312 0 0 0 0 0 0 0 
_1.ptx 1460 : 15923 133986 0 0 0 0 0 0 0 
_1.ptx 637 : 65536 1649344 44800 0 0 0 0 0 0 
_1.ptx 1461 : 15923 36305 0 0 0 0 0 0 386 
_1.ptx 638 : 65536 411360 0 0 0 0 0 0 0 
_1.ptx 639 : 65536 1765824 46592 0 0 0 0 0 0 
_1.ptx 640 : 65536 409952 0 0 0 0 0 0 0 
_1.ptx 1464 : 65536 13721568 10240 0 0 4096 2048 0 0 
_1.ptx 641 : 65536 1723680 47232 0 0 0 0 0 0 
_1.ptx 1465 : 65536 2465120 0 0 0 0 0 0 0 
_1.ptx 642 : 65536 415584 0 0 0 0 0 0 0 
_1.ptx 1466 : 65536 499968 0 0 0 0 0 0 0 
_1.ptx 643 : 65536 1401184 50688 0 0 0 0 0 0 
_1.ptx 1467 : 65536 434304 0 0 0 0 0 0 0 
_1.ptx 644 : 65536 417920 0 0 0 0 0 0 0 
_1.ptx 1468 : 65536 745088 0 0 0 0 0 0 0 
_1.ptx 645 : 65536 420960 0 0 0 0 0 0 0 
_1.ptx 1469 : 65536 500640 0 0 0 0 0 0 0 
_1.ptx 646 : 65536 547296 0 0 0 0 0 0 0 
_1.ptx 1470 : 65536 2180704 0 0 0 0 0 0 0 
_1.ptx 647 : 65536 415200 0 0 0 0 0 0 0 
_1.ptx 1471 : 65536 500192 0 0 0 0 0 0 0 
_1.ptx 648 : 65536 421664 0 0 0 0 0 0 0 
_1.ptx 1472 : 65536 439648 0 0 0 0 0 0 0 
_1.ptx 649 : 65536 546560 0 0 0 0 0 0 0 
_1.ptx 1473 : 65536 747808 0 0 0 0 0 0 0 
_1.ptx 650 : 65536 424160 0 0 0 0 0 0 0 
_1.ptx 1474 : 65536 500384 0 0 0 0 0 0 0 
_1.ptx 651 : 65536 737408 0 0 0 0 0 0 0 
_1.ptx 1475 : 65536 497792 0 0 0 0 0 0 0 
_1.ptx 652 : 65536 419072 0 0 0 0 0 0 0 
_1.ptx 1476 : 65536 546208 0 0 0 0 0 0 0 
_1.ptx 653 : 65536 733056 0 0 0 0 0 0 0 
_1.ptx 1477 : 65536 1714048 0 0 0 0 0 0 0 
_1.ptx 654 : 65536 1763936 128 0 0 0 0 0 0 
_1.ptx 1478 : 65536 493792 0 0 0 0 0 0 0 
_1.ptx 655 : 65536 1569056 0 0 0 0 0 0 0 
_1.ptx 1479 : 65536 432448 0 0 0 0 0 0 0 
_1.ptx 656 : 65536 540832 0 0 0 0 0 0 0 
_1.ptx 1480 : 65536 749920 0 0 0 0 0 0 0 
_1.ptx 657 : 65536 484288 0 0 0 0 0 0 0 
_1.ptx 1481 : 65536 508032 0 0 0 0 0 0 0 
_1.ptx 658 : 65536 542592 0 0 0 0 0 0 0 
_1.ptx 1482 : 65536 495424 0 0 0 0 0 0 0 
_1.ptx 659 : 65536 487104 0 0 0 0 0 0 0 
_1.ptx 1483 : 65536 1841184 0 0 0 0 0 0 0 
_1.ptx 660 : 65536 549568 0 0 0 0 0 0 0 
_1.ptx 1484 : 65536 507392 0 0 0 0 0 0 0 
_1.ptx 661 : 65536 421152 0 0 0 0 0 0 0 
_1.ptx 1485 : 65536 444704 0 0 0 0 0 0 0 
_1.ptx 662 : 65536 544352 0 0 0 0 0 0 0 
_1.ptx 1486 : 65536 750496 0 0 0 0 0 0 0 
_1.ptx 663 : 65536 0 0 0 0 0 0 0 0 
_1.ptx 1487 : 65536 511008 0 0 0 0 0 0 0 
_1.ptx 1488 : 65536 510016 0 0 0 0 0 0 0 
_1.ptx 665 : 65536 803808 0 0 0 0 0 0 0 
_1.ptx 1489 : 65536 557440 0 0 0 0 0 0 0 
_1.ptx 666 : 65536 675648 0 0 0 0 0 0 0 
_1.ptx 1490 : 65536 553824 0 0 0 0 0 0 0 
_1.ptx 667 : 65536 735872 0 0 0 0 0 0 0 
_1.ptx 1491 : 65536 746080 0 0 0 0 0 0 0 
_1.ptx 668 : 65536 489536 0 0 0 0 0 0 0 
_1.ptx 1492 : 65536 601472 0 0 0 4096 2048 0 0 
_1.ptx 669 : 65536 720384 0 0 0 0 0 0 0 
_1.ptx 670 : 65536 742848 0 0 0 0 0 0 0 
_1.ptx 671 : 65536 429536 0 0 0 0 0 0 0 
_1.ptx 1495 : 65536 422400 0 0 0 0 0 0 0 
_1.ptx 672 : 65536 1433760 178880 0 0 4096 2048 0 0 
_1.ptx 674 : 65536 2187072 128 0 0 0 0 0 0 
_1.ptx 675 : 65536 2006176 0 0 0 0 0 0 0 
_1.ptx 676 : 65536 674784 0 0 0 0 0 0 0 
_1.ptx 678 : 65536 377472 0 0 0 0 0 0 0 
_1.ptx 679 : 65536 552320 0 0 0 0 0 0 0 
_1.ptx 680 : 65536 749312 0 0 0 0 0 0 0 
_1.ptx 681 : 65536 1349120 0 0 0 0 0 0 0 
_1.ptx 682 : 65536 548544 0 0 0 0 0 0 0 
_1.ptx 683 : 65536 536416 0 0 0 0 0 0 0 
_1.ptx 684 : 65536 493056 0 0 0 0 0 0 0 
_1.ptx 685 : 65536 753696 0 0 0 0 0 0 0 
_1.ptx 686 : 65536 486560 0 0 0 0 0 0 0 
_1.ptx 687 : 65536 767040 0 0 0 0 0 0 0 
_1.ptx 688 : 65536 525440 0 0 0 0 0 0 0 
_1.ptx 689 : 65536 522560 0 0 0 0 0 0 0 
_1.ptx 690 : 65536 524384 0 0 0 0 0 0 0 
_1.ptx 691 : 65536 457312 0 0 0 0 0 0 0 
_1.ptx 692 : 65536 3203040 0 0 0 0 0 0 0 
_1.ptx 693 : 65536 421152 0 0 0 0 0 0 0 
_1.ptx 694 : 65536 743200 0 0 0 0 0 0 0 
_1.ptx 695 : 65536 762048 0 0 0 0 0 0 0 
_1.ptx 696 : 65536 448800 0 0 0 0 0 0 0 
_1.ptx 697 : 65536 756864 0 0 0 0 0 0 0 
_1.ptx 698 : 65536 742976 0 0 0 0 0 0 0 
_1.ptx 699 : 65536 505696 0 0 0 0 0 0 0 
_1.ptx 700 : 65536 741088 0 0 0 0 0 0 0 
_1.ptx 701 : 65536 412832 0 0 0 0 0 0 0 
_1.ptx 702 : 65536 742112 0 0 0 0 0 0 0 
_1.ptx 703 : 65536 403936 0 0 0 0 0 0 0 
_1.ptx 704 : 65536 738272 0 0 0 0 0 0 0 
_1.ptx 705 : 65536 434304 0 0 0 0 0 0 0 
_1.ptx 706 : 65536 737824 0 0 0 0 0 0 0 
_1.ptx 707 : 65536 422624 0 0 0 0 0 0 0 
_1.ptx 708 : 65536 738560 0 0 0 0 0 0 0 
_1.ptx 709 : 65536 381440 0 0 0 0 0 0 0 
_1.ptx 710 : 65536 761536 0 0 0 0 0 0 0 
_1.ptx 711 : 65536 776480 0 0 0 0 0 0 0 
_1.ptx 712 : 65536 779584 0 0 0 0 0 0 0 
_1.ptx 713 : 65536 796800 0 0 0 0 0 0 0 
_1.ptx 714 : 65536 799424 0 0 0 0 0 0 0 
_1.ptx 715 : 65536 811136 0 0 0 0 0 0 0 
_1.ptx 716 : 65536 825504 0 0 0 0 0 0 0 
_1.ptx 717 : 65536 795232 0 0 0 0 0 0 0 
_1.ptx 718 : 65536 789728 0 0 0 0 0 0 0 
_1.ptx 719 : 65536 789568 0 0 0 0 0 0 0 
_1.ptx 720 : 65536 784320 0 0 0 0 0 0 0 
_1.ptx 721 : 65536 785248 0 0 0 0 0 0 0 
_1.ptx 722 : 65536 785280 0 0 0 0 0 0 0 
_1.ptx 723 : 65536 800992 0 0 0 0 0 0 0 
_1.ptx 724 : 65536 650944 0 0 0 0 0 0 0 
_1.ptx 725 : 65536 621600 0 0 0 0 0 0 0 
_1.ptx 726 : 65536 2106016 0 0 0 0 0 0 0 
_1.ptx 727 : 65536 785184 0 0 0 0 0 0 0 
_1.ptx 728 : 65536 776992 0 0 0 0 0 0 0 
_1.ptx 729 : 65536 791936 0 0 0 0 0 0 0 
_1.ptx 731 : 65536 454688 0 0 0 0 0 0 0 
_1.ptx 733 : 65536 500352 0 0 0 0 0 0 0 
_1.ptx 734 : 65536 509120 0 0 0 0 0 0 0 
_1.ptx 735 : 65536 491232 0 0 0 0 0 0 0 
_1.ptx 736 : 65536 489440 0 0 0 0 0 0 0 
_1.ptx 738 : 127467 1005885 0 0 0 0 0 0 0 
_1.ptx 739 : 127467 884326 0 0 0 0 0 0 0 
_1.ptx 740 : 127467 855064 0 0 0 0 0 0 0 
_1.ptx 744 : 509868 3115713 128 0 0 17236 17236 0 0 
_1.ptx 745 : 509868 3000357 0 0 0 17236 17236 0 0 
_1.ptx 746 : 509868 3257350 256 0 0 17236 17236 0 0 
_1.ptx 747 : 509868 2661547 0 0 0 17236 17236 0 0 
_1.ptx 748 : 509868 2489789 0 0 0 17236 17236 0 0 
_1.ptx 749 : 509868 3441069 0 0 0 0 0 0 0 
_1.ptx 750 : 509868 4427859 0 0 0 0 0 0 0 
_1.ptx 751 : 509868 2715647 0 0 0 0 0 0 0 
_1.ptx 753 : 127467 986361 0 0 0 0 0 0 0 
_1.ptx 754 : 127467 869608 0 0 0 0 0 0 0 
_1.ptx 755 : 127467 1090728 0 0 0 0 0 0 0 
_1.ptx 756 : 127467 874752 0 0 0 0 0 0 0 
_1.ptx 761 : 127467 1456748 0 0 0 0 0 0 0 
_1.ptx 762 : 127467 6258308 0 0 0 0 0 0 0 
_1.ptx 763 : 127467 846846 0 0 0 0 0 0 0 
_1.ptx 764 : 127467 861059 0 0 0 0 0 0 0 
_1.ptx 765 : 127467 1080131 0 0 0 0 0 0 0 
_1.ptx 766 : 127467 1205096 0 0 0 0 0 0 0 
_1.ptx 769 : 127467 1011630 0 0 0 0 0 0 0 
_1.ptx 770 : 127467 893488 0 0 0 0 0 0 0 
_1.ptx 773 : 382401 4491282 0 0 0 0 0 0 0 
_1.ptx 774 : 382401 1252244 0 0 0 0 0 0 0 
_1.ptx 775 : 382401 4529930 0 0 0 0 0 0 0 
_1.ptx 776 : 382401 4526087 0 0 0 0 0 0 0 
_1.ptx 777 : 382401 4565632 0 0 0 0 0 0 0 
_1.ptx 778 : 382401 4571126 0 0 0 0 0 0 0 
_1.ptx 779 : 382401 4574605 0 0 0 0 0 0 0 
_1.ptx 780 : 382401 4588293 0 0 0 0 0 0 0 
_1.ptx 781 : 382401 3760064 0 0 0 0 0 0 0 
_1.ptx 782 : 382401 3842333 0 0 0 0 0 0 0 
_1.ptx 783 : 382401 3736750 0 0 0 0 0 0 0 
_1.ptx 784 : 382401 3834691 0 0 0 0 0 0 0 
_1.ptx 785 : 382401 3392769 0 0 0 0 0 0 0 
_1.ptx 786 : 382401 3179543 0 0 0 0 0 0 0 
_1.ptx 787 : 382401 2780358 0 0 0 0 0 0 0 
_1.ptx 788 : 382401 3395312 0 0 0 0 0 0 0 
_1.ptx 789 : 382401 3160404 0 0 0 0 0 0 0 
_1.ptx 790 : 382401 3409765 0 0 0 0 0 0 0 
_1.ptx 791 : 382401 2795748 0 0 0 0 0 0 0 
_1.ptx 792 : 382401 3404372 0 0 0 0 0 0 0 
_1.ptx 793 : 382401 2002308 0 0 0 0 0 0 1523 
_1.ptx 794 : 105477 779747 0 0 0 0 0 0 0 
_1.ptx 795 : 105477 778817 0 0 0 0 0 0 0 
_1.ptx 797 : 276924 3277576 0 0 0 0 0 0 0 
_1.ptx 798 : 276924 3274259 0 0 0 0 0 0 0 
_1.ptx 799 : 276924 2447668 0 0 0 0 0 0 0 
_1.ptx 800 : 276924 140732 0 0 0 0 0 0 715 
_1.ptx 801 : 257599 1879975 0 0 0 0 0 0 0 
_1.ptx 802 : 257599 1904829 0 0 0 0 0 0 0 
_1.ptx 805 : 19325 226692 0 0 0 0 0 0 0 
_1.ptx 806 : 19325 356154 0 0 0 0 0 0 0 
_1.ptx 807 : 19325 227781 0 0 0 0 0 0 0 
_1.ptx 808 : 19325 232252 0 0 0 0 0 0 0 
_1.ptx 809 : 19325 185891 0 0 0 0 0 0 0 
_1.ptx 813 : 382401 3195054 0 0 0 0 0 0 0 
_1.ptx 815 : 509868 3646187 0 0 0 0 0 0 0 
_1.ptx 816 : 509868 4421444 0 0 0 0 0 0 0 
_1.ptx 817 : 509868 4105307 0 0 0 0 0 0 0 
_1.ptx 818 : 509868 4419652 0 0 0 0 0 0 0 
_1.ptx 819 : 509868 4113511 0 0 0 0 0 0 0 
_1.ptx 820 : 509868 4481386 0 0 0 0 0 0 0 
_1.ptx 821 : 509868 3587991 0 0 0 0 0 0 0 
_1.ptx 822 : 509868 4449581 0 0 0 0 0 0 0 
