kernel line : count latency dram_traffic smem_bk_conflicts smem_warp gmem_access_generated gmem_warp exposed_latency warp_divergence
_1.ptx 200 : 61440 433792 0 0 0 0 0 0 0 
_1.ptx 68 : 61440 406848 0 0 0 0 0 0 0 
_1.ptx 69 : 61440 415968 0 0 0 0 0 0 0 
_1.ptx 70 : 61440 1367392 0 0 0 0 0 0 0 
_1.ptx 71 : 61440 397088 0 0 0 0 0 0 0 
_1.ptx 72 : 61440 709504 0 0 0 0 0 0 0 
_1.ptx 73 : 61440 495360 0 0 0 0 0 0 0 
_1.ptx 74 : 61440 7182112 256 0 0 0 0 0 0 
_1.ptx 75 : 61440 543840 0 0 0 0 0 0 0 
_1.ptx 76 : 61440 0 0 0 0 0 0 0 0 
_1.ptx 77 : 61440 2880064 0 0 0 0 0 0 0 
_1.ptx 78 : 61440 436768 0 0 0 0 0 0 0 
_1.ptx 79 : 61440 796576 0 0 0 0 0 0 0 
_1.ptx 80 : 61440 449600 0 0 0 0 0 0 0 
_1.ptx 81 : 61440 1515040 0 0 0 0 0 0 0 
_1.ptx 82 : 61440 478464 0 0 0 0 0 0 0 
_1.ptx 83 : 61440 1497440 0 0 0 0 0 0 0 
_1.ptx 84 : 61440 473888 0 0 0 0 0 0 0 
_1.ptx 85 : 61440 3349792 0 0 0 0 0 0 0 
_1.ptx 86 : 61440 583808 0 0 0 0 0 0 0 
_1.ptx 87 : 61440 2788896 0 0 0 0 0 0 0 
_1.ptx 88 : 61440 708800 0 0 0 0 0 0 0 
_1.ptx 89 : 61440 1570496 0 0 0 0 0 0 0 
_1.ptx 90 : 61440 2833920 0 0 0 0 0 0 0 
_1.ptx 91 : 61440 710080 0 0 0 0 0 0 0 
_1.ptx 92 : 61440 2642624 0 0 0 0 0 0 0 
_1.ptx 93 : 61440 711264 0 0 0 0 0 0 0 
_1.ptx 94 : 61440 2756768 0 0 0 0 0 0 0 
_1.ptx 95 : 61440 708704 0 0 0 0 0 0 0 
_1.ptx 96 : 61440 2887200 0 0 0 0 0 0 0 
_1.ptx 97 : 61440 706912 0 0 0 0 0 0 0 
_1.ptx 101 : 2000000 2035298944 13660672 0 0 62500 62500 0 0 
_1.ptx 102 : 2000000 2006716448 13655552 0 0 62500 62500 0 0 
_1.ptx 103 : 2000000 2015709824 13671168 0 0 62500 62500 0 0 
_1.ptx 104 : 2000000 23742624 0 0 0 0 0 0 0 
_1.ptx 105 : 2000000 132779232 0 0 0 0 0 0 0 
_1.ptx 106 : 2000000 59863232 0 0 0 0 0 0 0 
_1.ptx 107 : 2000000 15216896 0 0 0 0 0 0 0 
_1.ptx 108 : 2000000 61508544 0 0 0 0 0 0 0 
_1.ptx 109 : 2000000 23639488 0 0 0 0 0 0 0 
_1.ptx 110 : 2000000 12981888 0 0 0 0 0 0 0 
_1.ptx 111 : 2000000 23880032 0 0 0 0 0 0 0 
_1.ptx 112 : 2000000 13169568 0 0 0 0 0 0 0 
_1.ptx 113 : 2000000 23665120 0 0 0 0 0 0 0 
_1.ptx 114 : 2000000 61834176 0 0 0 0 0 0 0 
_1.ptx 115 : 2000000 18630592 0 0 0 0 0 0 0 
_1.ptx 116 : 2000000 23376128 0 0 0 0 0 0 0 
_1.ptx 117 : 2000000 123711328 0 0 0 0 0 0 0 
_1.ptx 118 : 2000000 22878944 0 0 0 0 0 0 0 
_1.ptx 119 : 2000000 22853088 0 0 0 0 0 0 0 
_1.ptx 120 : 2000000 13039968 0 0 0 0 0 0 0 
_1.ptx 121 : 2000000 17030112 0 0 0 0 0 0 0 
_1.ptx 122 : 2000000 13257920 0 0 0 0 0 0 0 
_1.ptx 123 : 2000000 23377856 0 0 0 0 0 0 0 
_1.ptx 124 : 2000000 16525504 0 0 0 0 0 0 0 
_1.ptx 125 : 2000000 13854432 0 0 0 0 0 0 0 
_1.ptx 126 : 2000000 16977152 0 0 0 0 0 0 0 
_1.ptx 127 : 2000000 13588992 0 0 0 0 0 0 0 
_1.ptx 128 : 2000000 23268992 0 0 0 0 0 0 0 
_1.ptx 129 : 2000000 15441056 0 0 0 0 0 0 0 
_1.ptx 130 : 2000000 23568064 0 0 0 0 0 0 0 
_1.ptx 131 : 2000000 13902400 0 0 0 0 0 0 0 
_1.ptx 132 : 2000000 14111040 0 0 0 0 0 0 0 
_1.ptx 133 : 2000000 19177216 0 0 0 0 0 0 0 
_1.ptx 134 : 2000000 23932768 0 0 0 0 0 0 0 
_1.ptx 135 : 2000000 14203648 0 0 0 0 0 0 0 
_1.ptx 136 : 2000000 14434272 0 0 0 0 0 0 0 
_1.ptx 137 : 2000000 18704032 0 0 0 0 0 0 0 
_1.ptx 138 : 2000000 13054272 0 0 0 0 0 0 0 
_1.ptx 139 : 2000000 23416864 0 0 0 0 0 0 0 
_1.ptx 140 : 2000000 60898432 0 0 0 0 0 0 0 
_1.ptx 141 : 2000000 13223072 0 0 0 0 0 0 0 
_1.ptx 142 : 2000000 23462944 0 0 0 0 0 0 0 
_1.ptx 143 : 2000000 73470592 0 0 0 0 0 0 0 
_1.ptx 144 : 2000000 74541184 0 0 0 0 0 0 0 
_1.ptx 145 : 2000000 13193248 0 0 0 0 0 0 0 
_1.ptx 146 : 2000000 13465952 0 0 0 0 0 0 0 
_1.ptx 147 : 2000000 18731168 0 0 0 0 0 0 0 
_1.ptx 148 : 2000000 82458496 0 0 0 0 0 0 0 
_1.ptx 149 : 2000000 13485888 0 0 0 0 0 0 0 
_1.ptx 150 : 2000000 13625600 0 0 0 0 0 0 0 
_1.ptx 151 : 2000000 18696128 0 0 0 0 0 0 0 
_1.ptx 152 : 2000000 13062720 0 0 0 0 0 0 0 
_1.ptx 153 : 2000000 23447328 0 0 0 0 0 0 0 
_1.ptx 154 : 2000000 13063968 0 0 0 0 0 0 0 
_1.ptx 155 : 2000000 18692448 0 0 0 0 0 0 0 
_1.ptx 156 : 2000000 13002016 0 0 0 0 0 0 0 
_1.ptx 157 : 2000000 23347904 0 0 0 0 0 0 0 
_1.ptx 158 : 2000000 13009920 0 0 0 0 0 0 0 
_1.ptx 159 : 2000000 18684352 0 0 0 0 0 0 0 
_1.ptx 160 : 2000000 12967232 0 0 0 0 0 0 0 
_1.ptx 161 : 2000000 18659552 0 0 0 0 0 0 0 
_1.ptx 162 : 2000000 12964192 0 0 0 0 0 0 0 
_1.ptx 163 : 2000000 18760224 0 0 0 0 0 0 0 
_1.ptx 164 : 2000000 12962464 0 0 0 0 0 0 0 
_1.ptx 165 : 2000000 18647680 0 0 0 0 0 0 0 
_1.ptx 166 : 2000000 12953696 0 0 0 0 0 0 0 
_1.ptx 167 : 2000000 18646208 0 0 0 0 0 0 0 
_1.ptx 168 : 2000000 23291040 0 0 0 0 0 0 0 
_1.ptx 169 : 2000000 23253632 0 0 0 0 0 0 0 
_1.ptx 170 : 2000000 23264576 0 0 0 0 0 0 0 
_1.ptx 171 : 2000000 23425056 0 0 0 0 0 0 0 
_1.ptx 172 : 2000000 13091584 0 0 0 0 0 0 0 
_1.ptx 173 : 2000000 22864032 0 0 0 0 0 0 0 
_1.ptx 174 : 2000000 13057088 0 0 0 0 0 0 0 
_1.ptx 175 : 2000000 22681760 0 0 0 0 0 0 0 
_1.ptx 176 : 2000000 18733792 0 0 0 0 0 0 0 
_1.ptx 177 : 2000000 18627648 0 0 0 0 0 0 0 
_1.ptx 178 : 2000000 23113216 0 0 0 0 0 0 0 
_1.ptx 179 : 2000000 23358848 0 0 0 0 0 0 0 
_1.ptx 180 : 2000000 22692576 0 0 0 0 0 0 0 
_1.ptx 181 : 2000000 135551968 7693568 0 0 62500 62500 0 0 
_1.ptx 182 : 2000000 13413504 0 0 0 0 0 0 0 
_1.ptx 183 : 2000000 23152352 0 0 0 0 0 0 0 
_1.ptx 184 : 2000000 24337056 0 0 0 0 0 0 0 
_1.ptx 185 : 2000000 14156256 0 0 0 0 0 0 0 
_1.ptx 186 : 2000000 23113824 0 0 0 0 0 0 0 
_1.ptx 187 : 2000000 23819616 0 0 0 0 0 0 0 
_1.ptx 188 : 2000000 22944064 0 0 0 0 0 0 0 
_1.ptx 189 : 2000000 153526592 7630336 0 0 62500 62500 0 0 
_1.ptx 190 : 2000000 22889024 0 0 0 0 0 0 0 
_1.ptx 191 : 2000000 23178080 0 0 0 0 0 0 0 
_1.ptx 192 : 2000000 23488000 0 0 0 0 0 0 0 
_1.ptx 193 : 2000000 23862336 0 0 0 0 0 0 0 
_1.ptx 194 : 2000000 24409728 0 0 0 0 0 0 0 
_1.ptx 195 : 2000000 24179488 0 0 0 0 0 0 0 
_1.ptx 196 : 2000000 18622240 0 0 0 0 0 0 0 
_1.ptx 197 : 2000000 13713184 0 0 0 0 0 0 0 
