kernel line : count latency dram_traffic smem_bk_conflicts smem_warp gmem_access_generated gmem_warp exposed_latency warp_divergence
_1.ptx 200 : 61440 416064 0 0 0 0 0 0 0 
_1.ptx 68 : 61440 399808 0 0 0 0 0 0 0 
_1.ptx 69 : 61440 408352 0 0 0 0 0 0 0 
_1.ptx 70 : 61440 1210720 0 0 0 0 0 0 0 
_1.ptx 71 : 61440 388672 0 0 0 0 0 0 0 
_1.ptx 72 : 61440 705472 0 0 0 0 0 0 0 
_1.ptx 73 : 61440 485952 0 0 0 0 0 0 0 
_1.ptx 74 : 61440 7988064 128 0 0 0 0 0 0 
_1.ptx 75 : 61440 534976 0 0 0 0 0 0 0 
_1.ptx 76 : 61440 0 0 0 0 0 0 0 0 
_1.ptx 77 : 61440 4230528 0 0 0 0 0 0 0 
_1.ptx 78 : 61440 427744 0 0 0 0 0 0 0 
_1.ptx 79 : 61440 750560 0 0 0 0 0 0 0 
_1.ptx 80 : 61440 439552 0 0 0 0 0 0 0 
_1.ptx 81 : 61440 1236000 0 0 0 0 0 0 0 
_1.ptx 82 : 61440 472928 0 0 0 0 0 0 0 
_1.ptx 83 : 61440 1223936 0 0 0 0 0 0 0 
_1.ptx 84 : 61440 464672 0 0 0 0 0 0 0 
_1.ptx 85 : 61440 4402912 0 0 0 0 0 0 0 
_1.ptx 86 : 61440 577952 0 0 0 0 0 0 0 
_1.ptx 87 : 61440 3566336 0 0 0 0 0 0 0 
_1.ptx 88 : 61440 702368 0 0 0 0 0 0 0 
_1.ptx 89 : 61440 1258272 0 0 0 0 0 0 0 
_1.ptx 90 : 61440 3974016 0 0 0 0 0 0 0 
_1.ptx 91 : 61440 703136 0 0 0 0 0 0 0 
_1.ptx 92 : 61440 3710560 0 0 0 0 0 0 0 
_1.ptx 93 : 61440 706624 0 0 0 0 0 0 0 
_1.ptx 94 : 61440 3854336 0 0 0 0 0 0 0 
_1.ptx 95 : 61440 704352 0 0 0 0 0 0 0 
_1.ptx 96 : 61440 4041344 0 0 0 0 0 0 0 
_1.ptx 97 : 61440 702272 0 0 0 0 0 0 0 
_1.ptx 101 : 2000000 2507283712 8000000 0 0 62500 62500 0 0 
_1.ptx 102 : 2000000 2492384384 8000000 0 0 62500 62500 0 0 
_1.ptx 103 : 2000000 2490481024 8000000 0 0 62500 62500 0 0 
_1.ptx 104 : 2000000 22494528 0 0 0 0 0 0 0 
_1.ptx 105 : 2000000 116458464 0 0 0 0 0 0 0 
_1.ptx 106 : 2000000 41335264 0 0 0 0 0 0 0 
_1.ptx 107 : 2000000 14734432 0 0 0 0 0 0 0 
_1.ptx 108 : 2000000 42154592 0 0 0 0 0 0 0 
_1.ptx 109 : 2000000 22594208 0 0 0 0 0 0 0 
_1.ptx 110 : 2000000 12458624 0 0 0 0 0 0 0 
_1.ptx 111 : 2000000 22605472 0 0 0 0 0 0 0 
_1.ptx 112 : 2000000 12557760 0 0 0 0 0 0 0 
_1.ptx 113 : 2000000 22513376 0 0 0 0 0 0 0 
_1.ptx 114 : 2000000 41998752 0 0 0 0 0 0 0 
_1.ptx 115 : 2000000 18350592 0 0 0 0 0 0 0 
_1.ptx 116 : 2000000 22453984 0 0 0 0 0 0 0 
_1.ptx 117 : 2000000 104460000 0 0 0 0 0 0 0 
_1.ptx 118 : 2000000 22403040 0 0 0 0 0 0 0 
_1.ptx 119 : 2000000 22427328 0 0 0 0 0 0 0 
_1.ptx 120 : 2000000 12469120 0 0 0 0 0 0 0 
_1.ptx 121 : 2000000 16514496 0 0 0 0 0 0 0 
_1.ptx 122 : 2000000 12590080 0 0 0 0 0 0 0 
_1.ptx 123 : 2000000 22439296 0 0 0 0 0 0 0 
_1.ptx 124 : 2000000 16035520 0 0 0 0 0 0 0 
_1.ptx 125 : 2000000 13131552 0 0 0 0 0 0 0 
_1.ptx 126 : 2000000 16520416 0 0 0 0 0 0 0 
_1.ptx 127 : 2000000 12927008 0 0 0 0 0 0 0 
_1.ptx 128 : 2000000 22389984 0 0 0 0 0 0 0 
_1.ptx 129 : 2000000 14765408 0 0 0 0 0 0 0 
_1.ptx 130 : 2000000 22653600 0 0 0 0 0 0 0 
_1.ptx 131 : 2000000 13075296 0 0 0 0 0 0 0 
_1.ptx 132 : 2000000 13197344 0 0 0 0 0 0 0 
_1.ptx 133 : 2000000 19012864 0 0 0 0 0 0 0 
_1.ptx 134 : 2000000 23135616 0 0 0 0 0 0 0 
_1.ptx 135 : 2000000 13519648 0 0 0 0 0 0 0 
_1.ptx 136 : 2000000 13648736 0 0 0 0 0 0 0 
_1.ptx 137 : 2000000 18344736 0 0 0 0 0 0 0 
_1.ptx 138 : 2000000 12455264 0 0 0 0 0 0 0 
_1.ptx 139 : 2000000 22470208 0 0 0 0 0 0 0 
_1.ptx 140 : 2000000 41980544 0 0 0 0 0 0 0 
_1.ptx 141 : 2000000 12599712 0 0 0 0 0 0 0 
_1.ptx 142 : 2000000 22491520 0 0 0 0 0 0 0 
_1.ptx 143 : 2000000 52850400 0 0 0 0 0 0 0 
_1.ptx 144 : 2000000 56236800 0 0 0 0 0 0 0 
_1.ptx 145 : 2000000 12657984 0 0 0 0 0 0 0 
_1.ptx 146 : 2000000 12808960 0 0 0 0 0 0 0 
_1.ptx 147 : 2000000 18413248 0 0 0 0 0 0 0 
_1.ptx 148 : 2000000 62603808 0 0 0 0 0 0 0 
_1.ptx 149 : 2000000 12942912 0 0 0 0 0 0 0 
_1.ptx 150 : 2000000 12973728 0 0 0 0 0 0 0 
_1.ptx 151 : 2000000 18376544 0 0 0 0 0 0 0 
_1.ptx 152 : 2000000 12521248 0 0 0 0 0 0 0 
_1.ptx 153 : 2000000 22518368 0 0 0 0 0 0 0 
_1.ptx 154 : 2000000 12519840 0 0 0 0 0 0 0 
_1.ptx 155 : 2000000 18358336 0 0 0 0 0 0 0 
_1.ptx 156 : 2000000 12465920 0 0 0 0 0 0 0 
_1.ptx 157 : 2000000 22526976 0 0 0 0 0 0 0 
_1.ptx 158 : 2000000 12483584 0 0 0 0 0 0 0 
_1.ptx 159 : 2000000 18346272 0 0 0 0 0 0 0 
_1.ptx 160 : 2000000 12456352 0 0 0 0 0 0 0 
_1.ptx 161 : 2000000 18337408 0 0 0 0 0 0 0 
_1.ptx 162 : 2000000 12450400 0 0 0 0 0 0 0 
_1.ptx 163 : 2000000 18410144 0 0 0 0 0 0 0 
_1.ptx 164 : 2000000 12453664 0 0 0 0 0 0 0 
_1.ptx 165 : 2000000 18324960 0 0 0 0 0 0 0 
_1.ptx 166 : 2000000 12451232 0 0 0 0 0 0 0 
_1.ptx 167 : 2000000 18351872 0 0 0 0 0 0 0 
_1.ptx 168 : 2000000 22621664 0 0 0 0 0 0 0 
_1.ptx 169 : 2000000 22446048 0 0 0 0 0 0 0 
_1.ptx 170 : 2000000 22485280 0 0 0 0 0 0 0 
_1.ptx 171 : 2000000 22545728 0 0 0 0 0 0 0 
_1.ptx 172 : 2000000 12521376 0 0 0 0 0 0 0 
_1.ptx 173 : 2000000 22443520 0 0 0 0 0 0 0 
_1.ptx 174 : 2000000 12488832 0 0 0 0 0 0 0 
_1.ptx 175 : 2000000 22349312 0 0 0 0 0 0 0 
_1.ptx 176 : 2000000 18396448 0 0 0 0 0 0 0 
_1.ptx 177 : 2000000 18336704 0 0 0 0 0 0 0 
_1.ptx 178 : 2000000 22437664 0 0 0 0 0 0 0 
_1.ptx 179 : 2000000 22514272 0 0 0 0 0 0 0 
_1.ptx 180 : 2000000 22368448 0 0 0 0 0 0 0 
_1.ptx 181 : 2000000 184076288 8000000 0 0 62500 62500 0 0 
_1.ptx 182 : 2000000 12874944 0 0 0 0 0 0 0 
_1.ptx 183 : 2000000 22770176 0 0 0 0 0 0 0 
_1.ptx 184 : 2000000 23031328 0 0 0 0 0 0 0 
_1.ptx 185 : 2000000 13419104 0 0 0 0 0 0 0 
_1.ptx 186 : 2000000 22641216 0 0 0 0 0 0 0 
_1.ptx 187 : 2000000 22641248 0 0 0 0 0 0 0 
_1.ptx 188 : 2000000 22501344 0 0 0 0 0 0 0 
_1.ptx 189 : 2000000 203403040 8000000 0 0 62500 62500 0 0 
_1.ptx 190 : 2000000 22560736 0 0 0 0 0 0 0 
_1.ptx 191 : 2000000 22771776 0 0 0 0 0 0 0 
_1.ptx 192 : 2000000 23035008 0 0 0 0 0 0 0 
_1.ptx 193 : 2000000 23316736 0 0 0 0 0 0 0 
_1.ptx 194 : 2000000 23866464 0 0 0 0 0 0 0 
_1.ptx 195 : 2000000 23620544 0 0 0 0 0 0 0 
_1.ptx 196 : 2000000 17953792 0 0 0 0 0 0 0 
_1.ptx 197 : 2000000 12922880 0 0 0 0 0 0 0 
