kernel line : count latency dram_traffic smem_bk_conflicts smem_warp gmem_access_generated gmem_warp exposed_latency warp_divergence
_1.ptx 199 : 19456000 112106400 0 0 0 0 0 0 0 
_1.ptx 200 : 3891200 27952800 0 0 0 0 0 0 0 
_1.ptx 205 : 199424 1232768 0 0 0 0 0 0 0 
_1.ptx 207 : 4090624 1232192 0 0 0 0 0 0 0 
_1.ptx 209 : 3891200 13100576 0 0 0 0 0 0 0 
_1.ptx 210 : 3891200 30651104 0 0 0 0 0 0 0 
_1.ptx 211 : 3891200 40451904 0 0 0 0 0 0 0 
_1.ptx 212 : 3891200 45947968 0 0 0 0 0 0 0 
_1.ptx 213 : 3891200 20805088 15564800 0 0 121600 121600 0 0 
_1.ptx 216 : 4090624 28858016 0 0 0 0 0 0 0 
_1.ptx 63 : 215296 1295392 0 0 0 0 0 0 0 
_1.ptx 64 : 215296 1296512 0 0 0 0 0 0 0 
_1.ptx 65 : 215296 3209152 0 0 0 0 0 0 0 
_1.ptx 66 : 215296 1294016 0 0 0 0 0 0 0 
_1.ptx 67 : 215296 2394560 0 0 0 0 0 0 0 
_1.ptx 68 : 215296 86588512 128 0 0 0 0 0 0 
_1.ptx 69 : 215296 1750432 0 0 0 0 0 0 0 
_1.ptx 70 : 215296 67008 0 0 0 0 0 0 0 
_1.ptx 71 : 204800 72226592 0 0 0 0 0 0 0 
_1.ptx 72 : 204800 1292032 0 0 0 0 0 0 0 
_1.ptx 73 : 204800 1669920 0 0 0 0 0 0 0 
_1.ptx 74 : 204800 0 0 0 0 0 0 0 0 
_1.ptx 75 : 204800 1480128 0 0 0 0 0 0 0 
_1.ptx 76 : 204800 2295584 0 0 0 0 0 0 0 
_1.ptx 77 : 204800 1461952 0 0 0 0 0 0 0 
_1.ptx 78 : 204800 2272640 0 0 0 0 0 0 0 
_1.ptx 79 : 204800 1445920 0 0 0 0 0 0 0 
_1.ptx 80 : 204800 2293888 0 0 0 0 0 0 0 
_1.ptx 81 : 204800 77252064 0 0 0 0 0 0 0 
_1.ptx 82 : 204800 1442784 0 0 0 0 0 0 0 
_1.ptx 83 : 204800 2399328 0 0 0 0 0 0 0 
_1.ptx 84 : 204800 2269472 0 0 0 0 0 0 0 
_1.ptx 85 : 204800 107565888 0 0 0 0 0 0 0 
_1.ptx 86 : 204800 1468480 0 0 0 0 0 0 0 
_1.ptx 87 : 204800 2268608 0 0 0 0 0 0 0 
_1.ptx 88 : 204800 2265184 0 0 0 0 0 0 0 
_1.ptx 89 : 204800 1524672 0 0 0 0 0 0 0 
_1.ptx 93 : 6963200 10224491776 34942336 0 0 6963200 217600 0 0 
_1.ptx 94 : 6963200 5437919296 27852800 0 0 217600 217600 0 0 
_1.ptx 95 : 6963200 69864992 0 0 0 0 0 0 0 
_1.ptx 96 : 6963200 69794592 0 0 0 0 0 0 0 
_1.ptx 97 : 6963200 76673888 0 0 0 0 0 0 0 
_1.ptx 98 : 6963200 55961888 0 0 0 0 0 0 0 
_1.ptx 99 : 6963200 40569504 0 0 0 0 0 0 0 
_1.ptx 103 : 215296 1294208 0 0 0 0 0 0 0 
_1.ptx 125 : 4090624 25924544 0 0 0 0 0 0 0 
_1.ptx 126 : 4090624 26008224 0 0 0 0 0 0 0 
_1.ptx 127 : 4090624 59580320 0 0 0 0 0 0 0 
_1.ptx 128 : 4090624 26160864 0 0 0 0 0 0 0 
_1.ptx 129 : 4090624 47212224 0 0 0 0 0 0 0 
_1.ptx 130 : 4090624 26820416 0 0 0 0 0 0 0 
_1.ptx 131 : 4090624 52481952 0 0 0 0 0 0 0 
_1.ptx 132 : 4090624 26922592 0 0 0 0 0 0 0 
_1.ptx 133 : 4090624 56654400 0 0 0 0 0 0 0 
_1.ptx 134 : 4090624 26614080 0 0 0 0 0 0 0 
_1.ptx 135 : 4090624 46650016 0 0 0 0 0 0 0 
_1.ptx 136 : 4090624 12499872 0 0 0 0 0 0 0 
_1.ptx 137 : 4090624 34878144 0 0 0 0 0 0 0 
_1.ptx 138 : 4090624 1247264 0 0 0 0 0 0 0 
_1.ptx 139 : 3891200 11892640 0 0 0 0 0 0 0 
_1.ptx 140 : 3891200 24805856 0 0 0 0 0 0 0 
_1.ptx 141 : 3891200 32414400 0 0 0 0 0 0 0 
_1.ptx 142 : 3891200 0 0 0 0 0 0 0 0 
_1.ptx 143 : 3891200 28900320 0 0 0 0 0 0 0 
_1.ptx 144 : 3891200 11848992 0 0 0 0 0 0 0 
_1.ptx 145 : 3891200 25774592 0 0 0 0 0 0 0 
_1.ptx 146 : 3891200 33462976 0 0 0 0 0 0 0 
_1.ptx 147 : 3891200 27204448 0 0 0 0 0 0 0 
_1.ptx 148 : 3891200 26268608 0 0 0 0 0 0 0 
_1.ptx 149 : 3891200 26501856 0 0 0 0 0 0 0 
_1.ptx 150 : 3891200 27019552 0 0 0 0 0 0 0 
_1.ptx 151 : 3891200 30565632 0 0 0 0 0 0 0 
_1.ptx 154 : 19456000 0 0 0 0 0 0 0 0 
_1.ptx 155 : 19456000 156102336 0 0 0 0 0 0 0 
_1.ptx 156 : 19456000 221134976 0 0 0 0 0 0 0 
_1.ptx 157 : 19456000 157132288 0 0 0 0 0 0 0 
_1.ptx 158 : 19456000 228054784 0 0 0 0 0 0 0 
_1.ptx 159 : 19456000 161626784 0 0 0 0 0 0 0 
_1.ptx 160 : 19456000 204298400 0 0 0 0 0 0 0 
_1.ptx 161 : 19456000 227909120 0 0 0 0 0 0 0 
_1.ptx 162 : 19456000 157997536 0 0 0 0 0 0 0 
_1.ptx 163 : 19456000 141103456 0 0 0 0 0 0 0 
_1.ptx 164 : 19456000 157041664 0 0 0 0 0 0 0 
_1.ptx 168 : 661504000 5717717024 0 0 0 0 0 0 0 
_1.ptx 169 : 661504000 4948717472 0 0 0 0 0 0 0 
_1.ptx 170 : 661504000 5585637664 0 0 0 0 0 0 0 
_1.ptx 171 : 661504000 4867542368 0 0 0 0 0 0 0 
_1.ptx 172 : 661504000 5543691392 0 0 0 0 0 0 0 
_1.ptx 173 : 661504000 4813520032 0 0 0 0 0 0 0 
_1.ptx 174 : 661504000 5397767392 0 0 0 0 0 0 0 
_1.ptx 175 : 661504000 883902209152 2646016000 0 0 0 0 0 0 
_1.ptx 176 : 661504000 5381669600 0 0 0 0 0 0 0 
_1.ptx 178 : 661504000 3094304352 1152 0 0 0 0 0 0 
_1.ptx 179 : 661504000 7957388128 0 0 0 0 0 0 0 
_1.ptx 180 : 661504000 6739719040 0 0 0 0 0 0 0 
_1.ptx 181 : 661504000 7714732896 0 0 0 0 0 0 0 
_1.ptx 182 : 661504000 7642294240 0 0 0 0 0 0 0 
_1.ptx 183 : 661504000 8161777920 0 0 0 0 0 0 0 
_1.ptx 184 : 661504000 6197483520 0 0 0 0 0 0 0 
_1.ptx 185 : 661504000 4904562144 0 0 0 0 0 0 0 
_1.ptx 186 : 19456000 151936064 0 0 0 0 0 0 0 
_1.ptx 190 : 19456000 176014816 0 0 0 0 0 0 0 
_1.ptx 191 : 19456000 93018705 0 0 0 0 0 0 10162 
_1.ptx 193 : 6990785 57466904 0 0 0 0 0 0 0 
_1.ptx 195 : 6990785 58928977 0 0 0 0 0 0 0 
_1.ptx 197 : 19456000 218651680 0 0 0 0 0 0 0 
_1.ptx 198 : 19456000 173951296 0 0 0 0 0 0 0 
