kernel line : count latency dram_traffic smem_bk_conflicts smem_warp gmem_access_generated gmem_warp exposed_latency warp_divergence
_1.ptx 199 : 19456000 114870560 0 0 0 0 0 0 0 
_1.ptx 200 : 3891200 29081184 0 0 0 0 0 0 0 
_1.ptx 205 : 199424 1309824 0 0 0 0 0 0 0 
_1.ptx 207 : 4090624 1320992 0 0 0 0 0 0 0 
_1.ptx 209 : 3891200 13005280 0 0 0 0 0 0 0 
_1.ptx 210 : 3891200 31562720 0 0 0 0 0 0 0 
_1.ptx 211 : 3891200 40990368 0 0 0 0 0 0 0 
_1.ptx 212 : 3891200 46622720 0 0 0 0 0 0 0 
_1.ptx 213 : 3891200 21389056 15564800 0 0 121600 121600 0 0 
_1.ptx 216 : 4090624 30054144 0 0 0 0 0 0 0 
_1.ptx 63 : 215296 1326176 0 0 0 0 0 0 0 
_1.ptx 64 : 215296 1333056 0 0 0 0 0 0 0 
_1.ptx 65 : 215296 3067168 0 0 0 0 0 0 0 
_1.ptx 66 : 215296 1311232 0 0 0 0 0 0 0 
_1.ptx 67 : 215296 2387456 0 0 0 0 0 0 0 
_1.ptx 68 : 215296 16243328 128 0 0 0 0 0 0 
_1.ptx 69 : 215296 1748480 0 0 0 0 0 0 0 
_1.ptx 70 : 215296 65632 0 0 0 0 0 0 0 
_1.ptx 71 : 204800 13793120 0 0 0 0 0 0 0 
_1.ptx 72 : 204800 1281632 0 0 0 0 0 0 0 
_1.ptx 73 : 204800 1669696 0 0 0 0 0 0 0 
_1.ptx 74 : 204800 0 0 0 0 0 0 0 0 
_1.ptx 75 : 204800 1478144 0 0 0 0 0 0 0 
_1.ptx 76 : 204800 2296768 0 0 0 0 0 0 0 
_1.ptx 77 : 204800 1461792 0 0 0 0 0 0 0 
_1.ptx 78 : 204800 2272768 0 0 0 0 0 0 0 
_1.ptx 79 : 204800 1444736 0 0 0 0 0 0 0 
_1.ptx 80 : 204800 2290528 0 0 0 0 0 0 0 
_1.ptx 81 : 204800 16904128 0 0 0 0 0 0 0 
_1.ptx 82 : 204800 1443360 0 0 0 0 0 0 0 
_1.ptx 83 : 204800 2395616 0 0 0 0 0 0 0 
_1.ptx 84 : 204800 2267136 0 0 0 0 0 0 0 
_1.ptx 85 : 204800 23614560 0 0 0 0 0 0 0 
_1.ptx 86 : 204800 1468800 0 0 0 0 0 0 0 
_1.ptx 87 : 204800 2254656 0 0 0 0 0 0 0 
_1.ptx 88 : 204800 2261536 0 0 0 0 0 0 0 
_1.ptx 89 : 204800 1496992 0 0 0 0 0 0 0 
_1.ptx 93 : 6963200 944979392 28795136 0 0 6963200 217600 0 0 
_1.ptx 94 : 6963200 563443776 27852800 0 0 217600 217600 0 0 
_1.ptx 95 : 6963200 69787392 0 0 0 0 0 0 0 
_1.ptx 96 : 6963200 69697152 0 0 0 0 0 0 0 
_1.ptx 97 : 6963200 76694496 0 0 0 0 0 0 0 
_1.ptx 98 : 6963200 55928672 0 0 0 0 0 0 0 
_1.ptx 99 : 6963200 40573376 0 0 0 0 0 0 0 
_1.ptx 103 : 215296 1293344 0 0 0 0 0 0 0 
_1.ptx 125 : 4090624 28079456 0 0 0 0 0 0 0 
_1.ptx 126 : 4090624 28275840 0 0 0 0 0 0 0 
_1.ptx 127 : 4090624 55785696 0 0 0 0 0 0 0 
_1.ptx 128 : 4090624 28270304 0 0 0 0 0 0 0 
_1.ptx 129 : 4090624 48856160 0 0 0 0 0 0 0 
_1.ptx 130 : 4090624 28890304 0 0 0 0 0 0 0 
_1.ptx 131 : 4090624 51616192 0 0 0 0 0 0 0 
_1.ptx 132 : 4090624 29017504 0 0 0 0 0 0 0 
_1.ptx 133 : 4090624 53236064 0 0 0 0 0 0 0 
_1.ptx 134 : 4090624 28892576 0 0 0 0 0 0 0 
_1.ptx 135 : 4090624 47696864 0 0 0 0 0 0 0 
_1.ptx 136 : 4090624 12951648 0 0 0 0 0 0 0 
_1.ptx 137 : 4090624 35890720 0 0 0 0 0 0 0 
_1.ptx 138 : 4090624 1324832 0 0 0 0 0 0 0 
_1.ptx 139 : 3891200 12287552 0 0 0 0 0 0 0 
_1.ptx 140 : 3891200 26353344 0 0 0 0 0 0 0 
_1.ptx 141 : 3891200 33693184 0 0 0 0 0 0 0 
_1.ptx 142 : 3891200 0 0 0 0 0 0 0 0 
_1.ptx 143 : 3891200 30185696 0 0 0 0 0 0 0 
_1.ptx 144 : 3891200 12263424 0 0 0 0 0 0 0 
_1.ptx 145 : 3891200 26522336 0 0 0 0 0 0 0 
_1.ptx 146 : 3891200 33896896 0 0 0 0 0 0 0 
_1.ptx 147 : 3891200 27362368 0 0 0 0 0 0 0 
_1.ptx 148 : 3891200 27319936 0 0 0 0 0 0 0 
_1.ptx 149 : 3891200 26881376 0 0 0 0 0 0 0 
_1.ptx 150 : 3891200 27117248 0 0 0 0 0 0 0 
_1.ptx 151 : 3891200 30967296 0 0 0 0 0 0 0 
_1.ptx 154 : 19456000 0 0 0 0 0 0 0 0 
_1.ptx 155 : 19456000 159883744 0 0 0 0 0 0 0 
_1.ptx 156 : 19456000 222362912 0 0 0 0 0 0 0 
_1.ptx 157 : 19456000 161651712 0 0 0 0 0 0 0 
_1.ptx 158 : 19456000 231175680 0 0 0 0 0 0 0 
_1.ptx 159 : 19456000 166863296 0 0 0 0 0 0 0 
_1.ptx 160 : 19456000 206025920 0 0 0 0 0 0 0 
_1.ptx 161 : 19456000 232436160 0 0 0 0 0 0 0 
_1.ptx 162 : 19456000 164507808 0 0 0 0 0 0 0 
_1.ptx 163 : 19456000 146842080 0 0 0 0 0 0 0 
_1.ptx 164 : 19456000 161575040 0 0 0 0 0 0 0 
_1.ptx 168 : 661504000 5781322912 0 0 0 0 0 0 0 
_1.ptx 169 : 661504000 5016527168 0 0 0 0 0 0 0 
_1.ptx 170 : 661504000 5660633600 0 0 0 0 0 0 0 
_1.ptx 171 : 661504000 4947167520 0 0 0 0 0 0 0 
_1.ptx 172 : 661504000 5637872704 0 0 0 0 0 0 0 
_1.ptx 173 : 661504000 4912083392 0 0 0 0 0 0 0 
_1.ptx 174 : 661504000 5505121760 0 0 0 0 0 0 0 
_1.ptx 175 : 661504000 243572385920 2646016000 0 0 0 0 0 0 
_1.ptx 176 : 661504000 5466394080 0 0 0 0 0 0 0 
_1.ptx 178 : 661504000 3095859008 1408 0 0 0 0 0 0 
_1.ptx 179 : 661504000 7986097152 0 0 0 0 0 0 0 
_1.ptx 180 : 661504000 6764722304 0 0 0 0 0 0 0 
_1.ptx 181 : 661504000 7730222496 0 0 0 0 0 0 0 
_1.ptx 182 : 661504000 7681833536 0 0 0 0 0 0 0 
_1.ptx 183 : 661504000 8210380320 0 0 0 0 0 0 0 
_1.ptx 184 : 661504000 6237881632 0 0 0 0 0 0 0 
_1.ptx 185 : 661504000 4956008608 0 0 0 0 0 0 0 
_1.ptx 186 : 19456000 153243456 0 0 0 0 0 0 0 
_1.ptx 190 : 19456000 177208864 0 0 0 0 0 0 0 
_1.ptx 191 : 19456000 94287255 0 0 0 0 0 0 10162 
_1.ptx 193 : 6990785 58334399 0 0 0 0 0 0 0 
_1.ptx 195 : 6990785 60119115 0 0 0 0 0 0 0 
_1.ptx 197 : 19456000 221196032 0 0 0 0 0 0 0 
_1.ptx 198 : 19456000 177268448 0 0 0 0 0 0 0 
