kernel line : count latency dram_traffic smem_bk_conflicts smem_warp gmem_access_generated gmem_warp exposed_latency warp_divergence
_1.ptx 823 : 509868 3049902 0 0 0 0 0 0 1125 
_1.ptx 825 : 74702 592665 0 0 0 0 0 0 0 
_1.ptx 827 : 74702 615698 0 0 0 0 0 0 0 
_1.ptx 829 : 509868 5556412 0 0 0 0 0 0 0 
_1.ptx 830 : 509868 5592098 0 0 0 0 0 0 0 
_1.ptx 831 : 509868 3781234 0 0 0 0 0 0 0 
_1.ptx 832 : 509868 4464094 0 0 0 0 0 0 0 
_1.ptx 833 : 509868 2649874 0 0 0 0 0 0 0 
_1.ptx 834 : 127467 912130 0 0 0 0 0 0 0 
_1.ptx 835 : 127467 1103146 0 0 0 0 0 0 0 
_1.ptx 836 : 127467 1022968 0 0 0 0 0 0 0 
_1.ptx 837 : 127467 893903 0 0 0 0 0 0 0 
_1.ptx 838 : 127467 1100150 0 0 0 0 0 0 0 
_1.ptx 839 : 127467 1008627 0 0 0 0 0 0 0 
_1.ptx 840 : 127467 1102703 0 0 0 0 0 0 0 
_1.ptx 841 : 127467 888624 0 0 0 0 0 0 0 
_1.ptx 842 : 127467 1092077 0 0 0 0 0 0 0 
_1.ptx 843 : 127467 443003 0 0 0 0 0 0 631 
_1.ptx 845 : 62282 678337 0 0 0 0 0 0 0 
_1.ptx 847 : 62282 508607 0 0 0 0 0 0 0 
_1.ptx 848 : 62282 487030 0 0 0 0 0 0 0 
_1.ptx 849 : 62282 814823 0 0 0 0 0 0 0 
_1.ptx 850 : 62282 717055 0 0 0 0 0 0 0 
_1.ptx 851 : 62282 448351 0 0 0 2349 2349 0 0 
_1.ptx 852 : 62282 433509 0 0 0 2349 2349 0 0 
_1.ptx 853 : 62282 400975 0 0 0 2544 2349 0 0 
_1.ptx 854 : 62282 391384 0 0 0 2544 2349 0 0 
_1.ptx 855 : 62282 389640 0 0 0 2544 2349 0 0 
_1.ptx 856 : 62282 375514 0 0 0 2544 2349 0 0 
_1.ptx 857 : 62282 362931 0 0 0 2544 2349 0 0 
_1.ptx 859 : 62282 706647 0 0 0 0 0 0 0 
_1.ptx 860 : 62282 707081 0 0 0 0 0 0 0 
_1.ptx 861 : 62282 709518 0 0 0 0 0 0 0 
_1.ptx 862 : 62282 720736 0 0 0 0 0 0 0 
_1.ptx 863 : 62282 725068 0 0 0 0 0 0 0 
_1.ptx 864 : 62282 722585 0 0 0 0 0 0 0 
_1.ptx 865 : 62282 434809 0 0 0 2544 2349 0 0 
_1.ptx 866 : 62282 443561 0 0 0 0 0 0 0 
_1.ptx 867 : 62282 537268 0 0 0 0 0 0 0 
_1.ptx 868 : 62282 130283 0 0 0 0 0 0 305 
_1.ptx 870 : 43133 310499 0 0 0 0 0 0 0 
_1.ptx 871 : 43133 310395 0 0 0 0 0 0 0 
_1.ptx 872 : 43133 309994 0 0 0 0 0 0 0 
_1.ptx 873 : 43133 297143 0 0 0 0 0 0 0 
_1.ptx 875 : 19149 83374 0 0 0 0 0 0 0 
_1.ptx 876 : 19149 219365 0 0 0 0 0 0 0 
_1.ptx 877 : 19149 222184 0 0 0 0 0 0 0 
_1.ptx 878 : 19149 224233 0 0 0 0 0 0 0 
_1.ptx 879 : 19149 226480 0 0 0 0 0 0 0 
_1.ptx 880 : 19149 228259 0 0 0 0 0 0 0 
_1.ptx 881 : 19149 182068 0 0 0 0 0 0 0 
_1.ptx 882 : 19149 183707 0 0 0 0 0 0 0 
_1.ptx 883 : 19149 652774 0 0 0 0 0 0 0 
_1.ptx 884 : 19149 239707 0 0 0 0 0 0 0 
_1.ptx 885 : 19149 249558 0 0 0 0 0 0 0 
_1.ptx 886 : 19149 248802 0 0 0 0 0 0 0 
_1.ptx 888 : 62282 730545 0 0 0 0 0 0 0 
_1.ptx 889 : 62282 729333 0 0 0 0 0 0 0 
_1.ptx 890 : 62282 742283 0 0 0 0 0 0 0 
_1.ptx 891 : 62282 766851 0 0 0 0 0 0 0 
_1.ptx 892 : 62282 614333 0 0 0 0 0 0 0 
_1.ptx 893 : 62282 606645 0 0 0 0 0 0 0 
_1.ptx 894 : 62282 2028003 0 0 0 0 0 0 0 
_1.ptx 895 : 62282 737547 0 0 0 0 0 0 0 
_1.ptx 896 : 62282 738514 0 0 0 0 0 0 0 
_1.ptx 897 : 62282 736308 0 0 0 0 0 0 0 
_1.ptx 898 : 62282 717120 0 0 0 0 0 0 0 
_1.ptx 899 : 62282 599862 0 0 0 0 0 0 0 
_1.ptx 900 : 62282 597394 0 0 0 0 0 0 0 
_1.ptx 901 : 62282 426339 0 0 0 0 0 0 0 
_1.ptx 902 : 62282 536768 0 0 0 0 0 0 0 
_1.ptx 903 : 62282 431625 0 0 0 0 0 0 0 
_1.ptx 910 : 62282 484507 0 0 0 0 0 0 0 
_1.ptx 911 : 62282 488404 0 0 0 0 0 0 0 
_1.ptx 912 : 62282 503258 0 0 0 0 0 0 0 
_1.ptx 915 : 62282 445926 0 0 0 0 0 0 0 
_1.ptx 916 : 62282 720461 0 0 0 0 0 0 0 
_1.ptx 917 : 62282 486769 0 0 0 0 0 0 0 
_1.ptx 918 : 62282 965061 0 0 0 0 0 0 0 
_1.ptx 919 : 62282 711877 0 0 0 0 0 0 0 
_1.ptx 920 : 62282 614453 32832 0 0 0 0 0 0 
_1.ptx 921 : 62282 416150 0 0 0 0 0 0 0 
_1.ptx 922 : 62282 710736 0 0 0 0 0 0 0 
_1.ptx 923 : 62282 800130 52448 0 0 0 0 0 0 
_1.ptx 924 : 62282 412026 0 0 0 0 0 0 0 
_1.ptx 925 : 62282 716363 0 0 0 0 0 0 0 
_1.ptx 926 : 62282 1018709 31904 0 0 0 0 0 0 
_1.ptx 927 : 62282 409322 0 0 0 0 0 0 0 
_1.ptx 928 : 62282 716335 0 0 0 0 0 0 0 
_1.ptx 929 : 62282 1077384 23264 0 0 0 0 0 0 
_1.ptx 931 : 62282 413271 0 0 0 0 0 0 0 
_1.ptx 932 : 62282 715953 0 0 0 0 0 0 0 
_1.ptx 933 : 62282 423879 0 0 0 0 0 0 0 
_1.ptx 934 : 62282 715359 0 0 0 0 0 0 0 
_1.ptx 935 : 62282 416316 0 0 0 0 0 0 0 
_1.ptx 936 : 62282 720290 0 0 0 0 0 0 0 
_1.ptx 937 : 62282 752449 0 0 0 0 0 0 0 
_1.ptx 938 : 62282 600429 0 0 0 0 0 0 0 
_1.ptx 939 : 62282 595072 0 0 0 0 0 0 0 
_1.ptx 940 : 62282 2178284 0 0 0 0 0 0 0 
_1.ptx 941 : 62282 770444 0 0 0 0 0 0 0 
_1.ptx 942 : 62282 775585 0 0 0 0 0 0 0 
_1.ptx 943 : 62282 789517 0 0 0 0 0 0 0 
_1.ptx 944 : 62282 782566 0 0 0 0 0 0 0 
_1.ptx 945 : 62282 602756 0 0 0 0 0 0 0 
_1.ptx 946 : 62282 602705 0 0 0 0 0 0 0 
_1.ptx 947 : 62282 442229 0 0 0 0 0 0 0 
_1.ptx 948 : 62282 544749 0 0 0 0 0 0 0 
_1.ptx 949 : 62282 37493 0 0 0 0 0 0 318 
_1.ptx 951 : 56815 451725 0 0 0 0 0 0 0 
_1.ptx 952 : 56815 358658 0 0 0 0 0 0 0 
_1.ptx 955 : 220903 1483571 0 0 0 8579 8579 0 0 
_1.ptx 956 : 220903 1478493 0 0 0 8579 8579 0 0 
_1.ptx 957 : 220903 1365588 0 0 0 8579 8579 0 0 
_1.ptx 958 : 220903 1271166 0 0 0 8579 8579 0 0 
_1.ptx 959 : 220903 1478583 0 0 0 0 0 0 0 
_1.ptx 960 : 220903 1890753 0 0 0 0 0 0 0 
_1.ptx 961 : 220903 1144027 0 0 0 0 0 0 0 
_1.ptx 963 : 56815 435970 0 0 0 0 0 0 0 
_1.ptx 964 : 56815 380519 0 0 0 0 0 0 0 
_1.ptx 965 : 56815 479170 0 0 0 0 0 0 0 
_1.ptx 966 : 56815 371641 0 0 0 0 0 0 0 
_1.ptx 971 : 56815 364295 0 0 0 0 0 0 0 
_1.ptx 972 : 56815 527889 0 0 0 0 0 0 0 
_1.ptx 973 : 56815 643638 0 0 0 0 0 0 0 
_1.ptx 974 : 56815 3307221 0 0 0 0 0 0 0 
_1.ptx 976 : 56815 370833 0 0 0 0 0 0 0 
_1.ptx 977 : 56815 375151 0 0 0 0 0 0 0 
_1.ptx 978 : 56815 488012 0 0 0 0 0 0 0 
_1.ptx 979 : 56815 530161 0 0 0 0 0 0 0 
_1.ptx 982 : 56815 436346 0 0 0 0 0 0 0 
_1.ptx 983 : 56815 384914 0 0 0 0 0 0 0 
_1.ptx 986 : 164088 803652 0 0 0 6402 6402 0 0 
_1.ptx 987 : 164088 661659 0 0 0 0 0 0 0 
_1.ptx 988 : 164088 1941091 0 0 0 0 0 0 0 
_1.ptx 989 : 164088 1150398 0 0 0 0 0 0 0 
_1.ptx 990 : 164088 1946633 0 0 0 0 0 0 0 
_1.ptx 991 : 164088 1180822 0 0 0 0 0 0 0 
_1.ptx 992 : 164088 1954889 0 0 0 0 0 0 0 
_1.ptx 993 : 164088 1200223 0 0 0 0 0 0 0 
_1.ptx 994 : 164088 1949929 0 0 0 0 0 0 0 
_1.ptx 995 : 164088 1948923 0 0 0 0 0 0 0 
_1.ptx 996 : 164088 1987216 0 0 0 0 0 0 0 
_1.ptx 997 : 164088 1986044 0 0 0 0 0 0 0 
_1.ptx 998 : 164088 1985789 0 0 0 0 0 0 0 
_1.ptx 999 : 164088 1979256 0 0 0 0 0 0 0 
_1.ptx 1000 : 164088 2000596 0 0 0 0 0 0 0 
_1.ptx 1001 : 164088 2013623 0 0 0 0 0 0 0 
_1.ptx 1002 : 164088 1664622 0 0 0 0 0 0 0 
_1.ptx 1003 : 164088 1656142 0 0 0 0 0 0 0 
_1.ptx 1004 : 164088 1989601 0 0 0 0 0 0 0 
_1.ptx 1005 : 164088 1640706 0 0 0 0 0 0 0 
_1.ptx 1006 : 164088 1643478 0 0 0 0 0 0 0 
_1.ptx 1007 : 164088 2007200 0 0 0 0 0 0 0 
_1.ptx 1008 : 164088 1496034 0 0 0 0 0 0 0 
_1.ptx 1009 : 164088 1387957 0 0 0 0 0 0 0 
_1.ptx 1010 : 164088 1178675 0 0 0 0 0 0 0 
_1.ptx 1011 : 164088 1459137 0 0 0 0 0 0 0 
_1.ptx 1012 : 164088 1360263 0 0 0 0 0 0 0 
_1.ptx 1013 : 164088 1467768 0 0 0 0 0 0 0 
_1.ptx 1014 : 164088 1205031 0 0 0 0 0 0 0 
_1.ptx 1015 : 164088 1463034 0 0 0 0 0 0 0 
_1.ptx 1016 : 164088 829553 0 0 0 0 0 0 965 
_1.ptx 1017 : 50431 374797 0 0 0 0 0 0 0 
_1.ptx 1018 : 50431 369097 0 0 0 0 0 0 0 
_1.ptx 1020 : 113657 1343922 0 0 0 0 0 0 0 
_1.ptx 1021 : 113657 1352391 0 0 0 0 0 0 0 
_1.ptx 1022 : 113657 1017270 0 0 0 0 0 0 0 
_1.ptx 1023 : 113657 44917 0 0 0 0 0 0 344 
_1.ptx 1024 : 107587 794677 0 0 0 0 0 0 0 
_1.ptx 1025 : 107587 806648 0 0 0 0 0 0 0 
_1.ptx 1028 : 6070 71860 0 0 0 0 0 0 0 
_1.ptx 1029 : 6070 115688 0 0 0 0 0 0 0 
_1.ptx 1030 : 6070 72459 0 0 0 0 0 0 0 
_1.ptx 1031 : 6070 74298 0 0 0 0 0 0 0 
_1.ptx 1032 : 6070 60675 0 0 0 0 0 0 0 
_1.ptx 1036 : 164088 1369188 0 0 0 0 0 0 0 
_1.ptx 1039 : 220903 1583079 0 0 0 0 0 0 0 
_1.ptx 1040 : 220903 1928655 0 0 0 0 0 0 0 
_1.ptx 1041 : 220903 1508896 0 0 0 0 0 0 370 
_1.ptx 1042 : 6068 71954 0 0 0 0 0 0 0 
_1.ptx 1043 : 6068 73542 0 0 0 0 0 0 0 
_1.ptx 1044 : 6068 73995 0 0 0 0 0 0 0 
_1.ptx 1045 : 6068 73725 0 0 0 0 0 0 0 
_1.ptx 1046 : 6068 74075 0 0 0 0 0 0 0 
_1.ptx 1047 : 6068 73505 0 0 0 0 0 0 0 
_1.ptx 1048 : 6068 73898 0 0 0 0 0 0 0 
_1.ptx 1049 : 6068 60090 0 0 0 0 0 0 0 
_1.ptx 1050 : 6068 60551 0 0 0 0 0 0 0 
_1.ptx 1051 : 6068 55779 0 0 0 0 0 0 0 
_1.ptx 1052 : 6068 44304 0 0 0 0 0 0 0 
_1.ptx 1057 : 220903 2400979 0 0 0 0 0 0 0 
_1.ptx 1058 : 220903 2413559 0 0 0 0 0 0 0 
_1.ptx 1059 : 220903 1687849 0 0 0 0 0 0 0 
_1.ptx 1060 : 220903 1938293 0 0 0 0 0 0 0 
_1.ptx 1061 : 220903 375757 0 0 0 0 0 0 0 
_1.ptx 1062 : 169119 1240301 0 0 0 0 0 0 0 
_1.ptx 1063 : 169119 1460061 0 0 0 0 0 0 0 
_1.ptx 1064 : 169119 1141967 0 0 0 0 0 0 295 
_1.ptx 1065 : 5031 36424 0 0 0 0 0 0 0 
_1.ptx 1067 : 51784 373916 0 0 0 0 0 0 0 
_1.ptx 1068 : 51784 458234 0 0 0 0 0 0 0 
_1.ptx 1071 : 56815 42565 0 0 0 0 0 0 318 
_1.ptx 1073 : 50745 601557 0 0 0 0 0 0 0 
_1.ptx 1074 : 50745 606691 0 0 0 0 0 0 0 
_1.ptx 1075 : 50745 606923 0 0 0 0 0 0 0 
_1.ptx 1076 : 50745 632775 0 0 0 0 0 0 0 
_1.ptx 1077 : 50745 501326 0 0 0 0 0 0 0 
_1.ptx 1078 : 50745 496473 0 0 0 0 0 0 0 
_1.ptx 1079 : 50745 1232877 0 0 0 0 0 0 0 
_1.ptx 1081 : 50745 366775 0 0 0 0 0 0 0 
_1.ptx 1082 : 50745 1078296 0 0 0 0 0 0 0 
_1.ptx 1083 : 50745 405700 0 0 0 0 0 0 0 
_1.ptx 1084 : 50745 703973 0 0 0 0 0 0 0 
_1.ptx 1085 : 50745 669048 0 0 0 0 0 0 0 
_1.ptx 1086 : 50745 605619 0 0 0 0 0 0 0 
_1.ptx 1087 : 50745 435791 0 0 0 0 0 0 0 
_1.ptx 1088 : 50745 361822 0 0 0 0 0 0 0 
_1.ptx 1089 : 50745 587454 0 0 0 0 0 0 0 
_1.ptx 1090 : 50745 591373 0 0 0 0 0 0 0 
_1.ptx 1091 : 50745 598920 0 0 0 0 0 0 0 
_1.ptx 1092 : 50745 422368 0 0 0 0 0 0 0 
_1.ptx 1093 : 50745 360760 0 0 0 0 0 0 0 
_1.ptx 1094 : 50745 590562 0 0 0 0 0 0 0 
_1.ptx 1095 : 50745 596405 0 0 0 0 0 0 0 
_1.ptx 1096 : 50745 602937 0 0 0 0 0 0 0 
_1.ptx 1097 : 50745 695474 32 0 0 0 0 0 0 
_1.ptx 1098 : 50745 359277 0 0 0 0 0 0 0 
_1.ptx 1099 : 50745 594169 0 0 0 0 0 0 0 
_1.ptx 1100 : 50745 490754 0 0 0 0 0 0 0 
_1.ptx 1101 : 50745 768250 160 0 0 0 0 0 0 
_1.ptx 1103 : 50745 585800 0 0 0 0 0 0 0 
_1.ptx 1104 : 50745 591546 0 0 0 0 0 0 0 
_1.ptx 1105 : 50745 590429 0 0 0 0 0 0 0 
_1.ptx 1106 : 50745 498935 0 0 0 0 0 0 0 
_1.ptx 1107 : 50745 607106 0 0 0 0 0 0 0 
_1.ptx 1108 : 50745 507866 0 0 0 0 0 0 0 
_1.ptx 1109 : 50745 382058 0 0 0 0 0 0 0 
_1.ptx 1110 : 50745 1098408 0 0 0 0 0 0 0 
_1.ptx 1111 : 50745 420756 0 0 0 0 0 0 0 
_1.ptx 1112 : 50745 1103607 0 0 0 0 0 0 0 
_1.ptx 1113 : 50745 421034 0 0 0 0 0 0 0 
_1.ptx 1114 : 50745 467973 0 0 0 0 0 0 0 
_1.ptx 1115 : 50745 372254 0 0 0 0 0 0 0 
_1.ptx 1121 : 50745 416123 0 0 0 0 0 0 0 
_1.ptx 1122 : 50745 365471 0 0 0 0 0 0 0 
_1.ptx 1123 : 50745 435465 0 0 0 0 0 0 0 
_1.ptx 1124 : 50745 0 0 0 0 0 0 0 0 
_1.ptx 1125 : 50745 325929 0 0 0 0 0 0 0 
_1.ptx 1133 : 50745 323932 0 0 0 0 0 0 0 
_1.ptx 1134 : 50745 422742 0 0 0 0 0 0 0 
_1.ptx 1135 : 50745 334882 0 0 0 0 0 0 0 
_1.ptx 1140 : 50745 326427 0 0 0 0 0 0 0 
_1.ptx 1141 : 50745 422756 0 0 0 0 0 0 0 
_1.ptx 1142 : 50745 333853 0 0 0 0 0 0 0 
_1.ptx 1157 : 50745 332412 0 0 0 0 0 0 0 
_1.ptx 1158 : 50745 425222 0 0 0 0 0 0 0 
_1.ptx 1159 : 50745 330556 0 0 0 0 0 0 0 
_1.ptx 1181 : 50745 327629 0 0 0 0 0 0 0 
_1.ptx 1182 : 50745 425362 0 0 0 0 0 0 0 
_1.ptx 1183 : 50745 329858 0 0 0 0 0 0 0 
_1.ptx 1196 : 50745 371967 0 0 0 0 0 0 0 
_1.ptx 1197 : 50745 377358 0 0 0 0 0 0 0 
_1.ptx 1198 : 50745 381394 0 0 0 0 0 0 0 
_1.ptx 1199 : 50745 383692 0 0 0 0 0 0 0 
_1.ptx 1200 : 50745 343749 0 0 0 0 0 0 0 
_1.ptx 1201 : 50745 427430 0 0 0 0 0 0 0 
_1.ptx 1202 : 50745 336351 0 0 0 0 0 0 0 
_1.ptx 1213 : 50745 424179 0 0 0 0 0 0 0 
_1.ptx 1216 : 50745 577206 0 0 0 0 0 0 0 
_1.ptx 1218 : 50745 430558 0 0 0 0 0 0 0 
_1.ptx 1219 : 50745 402558 0 0 0 0 0 0 0 
_1.ptx 1220 : 50745 402878 0 0 0 0 0 0 0 
_1.ptx 1221 : 50745 406693 0 0 0 0 0 0 0 
_1.ptx 1222 : 50745 363231 0 0 0 0 0 0 0 
_1.ptx 1223 : 50745 442365 0 0 0 0 0 0 0 
_1.ptx 1224 : 50745 216311 0 0 0 0 0 0 727 
_1.ptx 1226 : 21083 160402 0 0 0 0 0 0 0 
_1.ptx 1227 : 21083 251086 0 0 0 0 0 0 0 
_1.ptx 1229 : 21083 239992 0 0 0 0 0 0 0 
_1.ptx 1232 : 50745 393068 0 0 0 0 0 0 0 
_1.ptx 1233 : 50745 596760 0 0 0 0 0 0 0 
_1.ptx 1234 : 50745 329889 0 0 0 0 0 0 0 
_1.ptx 1235 : 50745 586721 0 0 0 0 0 0 0 
_1.ptx 1236 : 50745 615262 0 0 0 0 0 0 0 
_1.ptx 1237 : 50745 475489 0 0 0 0 0 0 0 
_1.ptx 1238 : 50745 2449713 0 0 0 0 0 0 0 
_1.ptx 1239 : 50745 409624 0 0 0 0 0 0 0 
_1.ptx 1240 : 50745 630708 0 0 0 0 0 0 0 
_1.ptx 1241 : 50745 409691 0 0 0 0 0 0 0 
_1.ptx 1242 : 50745 415333 0 0 0 0 0 0 0 
_1.ptx 1243 : 50745 411513 0 0 0 0 0 0 0 
_1.ptx 1244 : 50745 406527 0 0 0 0 0 0 0 
_1.ptx 1245 : 50745 410840 0 0 0 0 0 0 0 
_1.ptx 1246 : 50745 588160 0 0 0 0 0 0 0 
_1.ptx 1247 : 50745 592574 0 0 0 0 0 0 0 
_1.ptx 1248 : 50745 601287 0 0 0 0 0 0 0 
_1.ptx 1249 : 50745 483767 0 0 0 0 0 0 0 
_1.ptx 1250 : 50745 480399 0 0 0 0 0 0 0 
_1.ptx 1252 : 50745 606279 0 0 0 0 0 0 0 
_1.ptx 1253 : 50745 641397 0 0 0 0 0 0 0 
_1.ptx 1254 : 50745 440305 0 0 0 0 0 0 0 
_1.ptx 1255 : 50745 442771 0 0 0 0 0 0 0 
_1.ptx 1256 : 50745 518914 0 0 0 0 0 0 0 
_1.ptx 1257 : 50745 395996 0 0 0 0 0 0 0 
_1.ptx 1258 : 50745 511509 0 0 0 0 0 0 0 
_1.ptx 1259 : 50745 620908 0 0 0 0 0 0 0 
_1.ptx 1260 : 50745 624812 0 0 0 0 0 0 0 
_1.ptx 1261 : 50745 619334 0 0 0 0 0 0 0 
_1.ptx 1262 : 50745 610946 0 0 0 0 0 0 0 
_1.ptx 1263 : 50745 604545 0 0 0 0 0 0 0 
_1.ptx 1264 : 50745 599166 0 0 0 0 0 0 0 
_1.ptx 1265 : 50745 598891 0 0 0 0 0 0 0 
_1.ptx 1266 : 50745 593075 0 0 0 0 0 0 0 
_1.ptx 1267 : 50745 569805 0 0 0 0 0 0 0 
_1.ptx 1269 : 50745 580140 0 0 0 0 0 0 0 
_1.ptx 1271 : 50745 592521 0 0 0 0 0 0 0 
_1.ptx 1272 : 50745 622578 0 0 0 0 0 0 0 
_1.ptx 1274 : 50745 485502 0 0 0 0 0 0 0 
_1.ptx 1275 : 50745 439856 0 0 0 0 0 0 0 
_1.ptx 1276 : 50745 621862 0 0 0 0 0 0 0 
_1.ptx 1277 : 50745 627851 0 0 0 0 0 0 0 
_1.ptx 1279 : 50745 417755 0 0 0 0 0 0 0 
_1.ptx 1280 : 50745 619357 0 0 0 0 0 0 0 
_1.ptx 1281 : 50745 626120 0 0 0 0 0 0 0 
_1.ptx 1282 : 50745 613772 0 0 0 0 0 0 0 
_1.ptx 1283 : 50745 604013 0 0 0 0 0 0 0 
_1.ptx 1284 : 50745 600757 0 0 0 0 0 0 0 
_1.ptx 1286 : 50745 602742 0 0 0 0 0 0 0 
_1.ptx 1288 : 50745 369366 0 0 0 0 0 0 0 
_1.ptx 1289 : 50745 593182 0 0 0 0 0 0 0 
_1.ptx 1290 : 50745 599292 0 0 0 0 0 0 0 
_1.ptx 1291 : 50745 469567 0 0 0 0 0 0 0 
_1.ptx 1292 : 50745 640713 0 0 0 0 0 0 0 
_1.ptx 1293 : 50745 407582 0 0 0 0 0 0 0 
_1.ptx 1294 : 50745 492180 0 0 0 0 0 0 0 
_1.ptx 1295 : 50745 362998 0 0 0 0 0 0 0 
_1.ptx 1296 : 50745 491833 0 0 0 0 0 0 0 
_1.ptx 1297 : 50745 353040 0 0 0 0 0 0 0 
_1.ptx 1298 : 50745 491621 0 0 0 0 0 0 0 
_1.ptx 1299 : 50745 356369 0 0 0 0 0 0 0 
_1.ptx 1300 : 50745 492460 0 0 0 0 0 0 0 
_1.ptx 1301 : 50745 606457 0 0 0 0 0 0 0 
_1.ptx 1303 : 50745 424666 0 0 0 0 0 0 0 
_1.ptx 1304 : 50745 598488 0 0 0 0 0 0 0 
_1.ptx 1305 : 50745 593001 0 0 0 0 0 0 0 
_1.ptx 1307 : 50745 379461 0 0 0 0 0 0 0 
_1.ptx 1308 : 50745 386839 0 0 0 0 0 0 0 
_1.ptx 1309 : 50745 404535 0 0 0 0 0 0 0 
_1.ptx 1310 : 50745 359612 0 0 0 0 0 0 0 
_1.ptx 1311 : 50745 423844 0 0 0 0 0 0 0 
_1.ptx 1312 : 50745 327388 0 0 0 0 0 0 0 
_1.ptx 1321 : 50745 382222 0 0 0 0 0 0 0 
_1.ptx 1322 : 50745 343548 0 0 0 0 0 0 0 
_1.ptx 1323 : 50745 574394 0 0 0 0 0 0 0 
_1.ptx 1324 : 50745 412481 0 0 0 0 0 0 0 
_1.ptx 1325 : 50745 364057 0 0 0 0 0 0 0 
_1.ptx 1326 : 50745 368887 0 0 0 0 0 0 0 
_1.ptx 1327 : 50745 2603954 0 0 0 0 0 0 0 
_1.ptx 1328 : 50745 317054 0 0 0 0 0 0 0 
_1.ptx 1329 : 50745 332478 0 0 0 0 0 0 0 
_1.ptx 1330 : 50745 478769 0 0 0 0 0 0 0 
_1.ptx 1331 : 50745 487300 0 0 0 0 0 0 0 
_1.ptx 1332 : 50745 355952 0 0 0 0 0 0 0 
_1.ptx 1333 : 50745 676629 0 0 0 0 0 0 0 
_1.ptx 1334 : 50745 3493797 0 0 0 0 0 0 0 
_1.ptx 1335 : 50745 595650 0 0 0 0 0 0 0 
_1.ptx 1336 : 50745 330268 0 0 0 0 0 0 0 
_1.ptx 1337 : 50745 435996 0 0 0 0 0 0 0 
_1.ptx 1338 : 50745 477388 0 0 0 0 0 0 0 
_1.ptx 1339 : 50745 334433 0 0 0 0 0 0 0 
_1.ptx 1340 : 50745 433939 0 0 0 0 0 0 0 
_1.ptx 1341 : 50745 472282 0 0 0 0 0 0 0 
_1.ptx 1343 : 50745 386044 0 0 0 0 0 0 0 
_1.ptx 1344 : 50745 325839 0 0 0 0 0 0 0 
_1.ptx 1345 : 50745 430968 0 0 0 0 0 0 0 
_1.ptx 1346 : 50745 0 0 0 0 0 0 0 0 
_1.ptx 1348 : 50745 482531 0 0 0 0 0 0 0 
_1.ptx 1351 : 50745 421026 0 0 0 0 0 0 0 
_1.ptx 1352 : 50745 367455 0 0 0 0 0 0 0 
_1.ptx 1353 : 50745 413974 0 0 0 0 0 0 0 
_1.ptx 1354 : 50745 416472 0 0 0 0 0 0 0 
_1.ptx 1355 : 50745 370699 0 0 0 0 0 0 0 
_1.ptx 1356 : 50745 612071 0 0 0 0 0 0 0 
_1.ptx 1357 : 50745 606727 0 0 0 0 0 0 0 
_1.ptx 1358 : 50745 425471 0 0 0 0 0 0 0 
_1.ptx 1359 : 50745 363957 0 0 0 0 0 0 0 
_1.ptx 1360 : 50745 438792 0 0 0 0 0 0 0 
_1.ptx 1361 : 50745 400537 0 0 0 0 0 0 0 
_1.ptx 1362 : 50745 429850 0 0 0 0 0 0 0 
_1.ptx 1363 : 50745 319820 0 0 0 0 0 0 0 
_1.ptx 1364 : 50745 424459 0 0 0 0 0 0 0 
_1.ptx 1365 : 50745 327941 0 0 0 0 0 0 0 
_1.ptx 1372 : 50745 381632 0 0 0 0 0 0 0 
_1.ptx 1375 : 50745 338013 0 0 0 0 0 0 0 
_1.ptx 1376 : 50745 579049 0 0 0 0 0 0 0 
_1.ptx 1377 : 50745 577931 0 0 0 0 0 0 0 
_1.ptx 1378 : 50745 573462 256 0 0 0 0 0 0 
_1.ptx 1380 : 50745 571656 0 0 0 0 0 0 0 
_1.ptx 1381 : 50745 763266 128 0 0 0 0 0 0 
_1.ptx 1383 : 50745 579869 0 0 0 0 0 0 0 
_1.ptx 1384 : 50745 1020620 128 0 0 0 0 0 0 
_1.ptx 1388 : 62282 716340 0 0 0 0 0 0 0 
_1.ptx 1389 : 62282 724083 0 0 0 0 0 0 0 
_1.ptx 1390 : 62282 722579 0 0 0 0 0 0 0 
_1.ptx 1391 : 62282 753887 0 0 0 0 0 0 0 
_1.ptx 1392 : 62282 737852 0 0 0 0 0 0 0 
_1.ptx 1393 : 62282 785786 0 0 0 0 0 0 0 
_1.ptx 1395 : 62282 739795 0 0 0 0 0 0 0 
_1.ptx 1396 : 62282 760566 0 0 0 0 0 0 0 
_1.ptx 1397 : 62282 750774 0 0 0 0 0 0 0 
_1.ptx 1398 : 62282 779944 0 0 0 0 0 0 0 
_1.ptx 1399 : 62282 634649 0 0 0 0 0 0 0 
_1.ptx 1400 : 62282 615223 0 0 0 0 0 0 0 
_1.ptx 1401 : 62282 2525367 0 0 0 0 0 0 0 
_1.ptx 1402 : 62282 742565 0 0 0 0 0 0 0 
_1.ptx 1403 : 62282 763934 0 0 0 0 0 0 0 
_1.ptx 1404 : 62282 756513 0 0 0 0 0 0 0 
_1.ptx 1405 : 62282 495934 0 0 0 0 0 0 0 
_1.ptx 1406 : 62282 494180 0 0 0 0 0 0 0 
_1.ptx 1408 : 62282 431071 0 0 0 0 0 0 0 
_1.ptx 1409 : 62282 590004 0 0 0 0 0 0 0 
_1.ptx 1410 : 62282 420281 0 0 0 0 0 0 0 
_1.ptx 1411 : 62282 589583 0 0 0 0 0 0 0 
_1.ptx 1412 : 62282 428686 0 0 0 0 0 0 0 
_1.ptx 1413 : 62282 610824 0 0 0 0 0 0 0 
_1.ptx 1416 : 127467 1407081 0 0 0 0 0 0 0 
_1.ptx 1417 : 127467 952595 0 0 0 0 0 0 0 
_1.ptx 1418 : 127467 1101823 0 0 0 0 0 0 0 
_1.ptx 1419 : 127467 6701 0 0 0 0 0 0 0 
_1.ptx 1420 : 126435 1085686 0 0 0 0 0 0 0 
_1.ptx 1421 : 126435 427133 0 0 0 0 0 0 550 
_1.ptx 1424 : 65536 708992 0 0 0 0 0 0 0 
_1.ptx 1425 : 65536 519456 0 0 0 0 0 0 0 
_1.ptx 1426 : 65536 429984 0 0 0 0 0 0 0 
_1.ptx 1427 : 65536 549824 0 0 0 0 0 0 0 
_1.ptx 604 : 65536 410752 0 0 0 0 0 0 0 
_1.ptx 1428 : 65536 364821 0 0 0 0 0 0 218 
_1.ptx 605 : 65536 560832 40960 0 0 0 0 0 0 
_1.ptx 1429 : 10434 80726 0 0 0 0 0 0 0 
_1.ptx 606 : 65536 411488 0 0 0 0 0 0 0 
_1.ptx 1430 : 10434 78886 0 0 0 0 0 0 0 
_1.ptx 607 : 65536 983584 39936 0 0 0 0 0 0 
_1.ptx 1431 : 10434 120591 0 0 0 0 0 0 0 
_1.ptx 608 : 65536 409376 0 0 0 0 0 0 0 
_1.ptx 1432 : 10434 119242 0 0 0 0 0 0 0 
_1.ptx 609 : 65536 969920 40064 0 0 0 0 0 0 
_1.ptx 1433 : 10434 80974 0 0 0 0 0 0 0 
_1.ptx 610 : 65536 412288 0 0 0 0 0 0 0 
_1.ptx 611 : 65536 1358304 39936 0 0 0 0 0 0 
_1.ptx 612 : 65536 409024 0 0 0 0 0 0 0 
_1.ptx 613 : 65536 1397600 60160 0 0 0 0 0 0 
_1.ptx 1437 : 15923 3241013 23168 0 0 0 0 0 0 
_1.ptx 614 : 65536 409952 0 0 0 0 0 0 0 
_1.ptx 1438 : 15923 3394305 17152 0 0 0 0 0 0 
_1.ptx 615 : 65536 1586720 73344 0 0 0 0 0 0 
_1.ptx 1439 : 15923 3703961 20224 0 0 0 0 0 0 
_1.ptx 616 : 65536 410464 0 0 0 0 0 0 0 
_1.ptx 1440 : 15923 3308194 128 0 0 0 0 0 0 
_1.ptx 617 : 65536 1889632 74240 0 0 0 0 0 0 
_1.ptx 1441 : 15923 3253681 256 0 0 0 0 0 0 
_1.ptx 618 : 65536 412320 0 0 0 0 0 0 0 
_1.ptx 1442 : 15923 3417473 384 0 0 0 0 0 0 
_1.ptx 619 : 65536 2056608 60672 0 0 0 0 0 0 
_1.ptx 1443 : 15923 3960756 24704 0 0 0 0 0 0 
_1.ptx 620 : 65536 413088 0 0 0 0 0 0 0 
_1.ptx 1444 : 15923 3677072 256 0 0 0 0 0 0 
_1.ptx 621 : 65536 2022720 83712 0 0 0 0 0 0 
_1.ptx 1445 : 15923 100899 0 0 0 0 0 0 0 
_1.ptx 622 : 65536 413344 0 0 0 0 0 0 0 
_1.ptx 1446 : 15923 146661 0 0 0 0 0 0 0 
_1.ptx 623 : 65536 2106496 74112 0 0 0 0 0 0 
_1.ptx 1447 : 15923 375140 0 0 0 0 0 0 0 
_1.ptx 624 : 65536 414752 0 0 0 0 0 0 0 
_1.ptx 1448 : 15923 100050 0 0 0 0 0 0 0 
_1.ptx 625 : 65536 2174272 83712 0 0 0 0 0 0 
_1.ptx 1449 : 15923 147098 0 0 0 0 0 0 0 
_1.ptx 626 : 65536 419104 0 0 0 0 0 0 0 
_1.ptx 1450 : 15923 261629 640 0 0 0 0 0 0 
_1.ptx 627 : 65536 1595168 87424 0 0 0 0 0 0 
_1.ptx 1451 : 15923 101817 0 0 0 0 0 0 0 
_1.ptx 628 : 65536 416672 0 0 0 0 0 0 0 
_1.ptx 1452 : 15923 147572 0 0 0 0 0 0 0 
_1.ptx 629 : 65536 1571744 72704 0 0 0 0 0 0 
_1.ptx 1453 : 15923 274010 128 0 0 0 0 0 0 
_1.ptx 630 : 65536 416896 0 0 0 0 0 0 0 
_1.ptx 1454 : 15923 101238 0 0 0 0 0 0 0 
_1.ptx 631 : 65536 1648512 93312 0 0 0 0 0 0 
_1.ptx 1455 : 15923 147281 0 0 0 0 0 0 0 
_1.ptx 632 : 65536 417344 0 0 0 0 0 0 0 
_1.ptx 1456 : 15923 240622 128 0 0 0 0 0 0 
_1.ptx 633 : 65536 1601184 87680 0 0 0 0 0 0 
_1.ptx 1457 : 15923 165206 0 0 0 0 0 0 0 
_1.ptx 634 : 65536 415520 0 0 0 0 0 0 0 
_1.ptx 1458 : 15923 165206 0 0 0 0 0 0 0 
_1.ptx 635 : 65536 1666912 82048 0 0 0 0 0 0 
_1.ptx 1459 : 15923 106101 0 0 0 0 0 0 0 
_1.ptx 636 : 65536 415040 0 0 0 0 0 0 0 
_1.ptx 1460 : 15923 133431 0 0 0 0 0 0 0 
_1.ptx 637 : 65536 1782656 98560 0 0 0 0 0 0 
_1.ptx 1461 : 15923 35246 0 0 0 0 0 0 386 
_1.ptx 638 : 65536 414464 0 0 0 0 0 0 0 
_1.ptx 639 : 65536 1886176 71808 0 0 0 0 0 0 
_1.ptx 640 : 65536 416736 0 0 0 0 0 0 0 
_1.ptx 1464 : 65536 15346464 33280 0 0 4096 2048 0 0 
_1.ptx 641 : 65536 1812736 102784 0 0 0 0 0 0 
_1.ptx 1465 : 65536 10097408 768 0 0 0 0 0 0 
_1.ptx 642 : 65536 418624 0 0 0 0 0 0 0 
_1.ptx 1466 : 65536 483648 0 0 0 0 0 0 0 
_1.ptx 643 : 65536 1583776 100224 0 0 0 0 0 0 
_1.ptx 1467 : 65536 421664 0 0 0 0 0 0 0 
_1.ptx 644 : 65536 419712 0 0 0 0 0 0 0 
_1.ptx 1468 : 65536 734368 0 0 0 0 0 0 0 
_1.ptx 645 : 65536 424512 0 0 0 0 0 0 0 
_1.ptx 1469 : 65536 480192 0 0 0 0 0 0 0 
_1.ptx 646 : 65536 547840 0 0 0 0 0 0 0 
_1.ptx 1470 : 65536 8728576 1792 0 0 0 0 0 0 
_1.ptx 647 : 65536 419456 0 0 0 0 0 0 0 
_1.ptx 1471 : 65536 485344 0 0 0 0 0 0 0 
_1.ptx 648 : 65536 423616 0 0 0 0 0 0 0 
_1.ptx 1472 : 65536 416992 0 0 0 0 0 0 0 
_1.ptx 649 : 65536 548192 0 0 0 0 0 0 0 
_1.ptx 1473 : 65536 735936 0 0 0 0 0 0 0 
_1.ptx 650 : 65536 423520 0 0 0 0 0 0 0 
_1.ptx 1474 : 65536 482208 0 0 0 0 0 0 0 
_1.ptx 651 : 65536 737536 0 0 0 0 0 0 0 
_1.ptx 1475 : 65536 484384 0 0 0 0 0 0 0 
_1.ptx 652 : 65536 422336 0 0 0 0 0 0 0 
_1.ptx 1476 : 65536 540256 0 0 0 0 0 0 0 
_1.ptx 653 : 65536 734400 0 0 0 0 0 0 0 
_1.ptx 1477 : 65536 7611008 768 0 0 0 0 0 0 
_1.ptx 654 : 65536 1925248 128 0 0 0 0 0 0 
_1.ptx 1478 : 65536 489152 0 0 0 0 0 0 0 
_1.ptx 655 : 65536 1663808 0 0 0 0 0 0 0 
_1.ptx 1479 : 65536 427904 0 0 0 0 0 0 0 
_1.ptx 656 : 65536 544640 0 0 0 0 0 0 0 
_1.ptx 1480 : 65536 736960 0 0 0 0 0 0 0 
_1.ptx 657 : 65536 489280 0 0 0 0 0 0 0 
_1.ptx 1481 : 65536 487200 0 0 0 0 0 0 0 
_1.ptx 658 : 65536 544896 0 0 0 0 0 0 0 
_1.ptx 1482 : 65536 483808 0 0 0 0 0 0 0 
_1.ptx 659 : 65536 489728 0 0 0 0 0 0 0 
_1.ptx 1483 : 65536 7955008 1280 0 0 0 0 0 0 
_1.ptx 660 : 65536 550304 0 0 0 0 0 0 0 
_1.ptx 1484 : 65536 490688 0 0 0 0 0 0 0 
_1.ptx 661 : 65536 420800 0 0 0 0 0 0 0 
_1.ptx 1485 : 65536 428544 0 0 0 0 0 0 0 
_1.ptx 662 : 65536 544928 0 0 0 0 0 0 0 
_1.ptx 1486 : 65536 740608 0 0 0 0 0 0 0 
_1.ptx 663 : 65536 0 0 0 0 0 0 0 0 
_1.ptx 1487 : 65536 488256 0 0 0 0 0 0 0 
_1.ptx 1488 : 65536 488864 0 0 0 0 0 0 0 
_1.ptx 665 : 65536 815360 0 0 0 0 0 0 0 
_1.ptx 1489 : 65536 545440 0 0 0 0 0 0 0 
_1.ptx 666 : 65536 832576 0 0 0 0 0 0 0 
_1.ptx 1490 : 65536 542912 0 0 0 0 0 0 0 
_1.ptx 667 : 65536 736992 0 0 0 0 0 0 0 
_1.ptx 1491 : 65536 738176 0 0 0 0 0 0 0 
_1.ptx 668 : 65536 490112 0 0 0 0 0 0 0 
_1.ptx 1492 : 65536 684576 0 0 0 4096 2048 0 0 
_1.ptx 669 : 65536 723808 0 0 0 0 0 0 0 
_1.ptx 670 : 65536 744704 0 0 0 0 0 0 0 
_1.ptx 671 : 65536 428160 0 0 0 0 0 0 0 
_1.ptx 1495 : 65536 412512 0 0 0 0 0 0 0 
_1.ptx 672 : 65536 1586304 167168 0 0 4096 2048 0 0 
_1.ptx 674 : 65536 2306720 128 0 0 0 0 0 0 
_1.ptx 675 : 65536 2088928 0 0 0 0 0 0 0 
_1.ptx 676 : 65536 766624 0 0 0 0 0 0 0 
_1.ptx 678 : 65536 430496 0 0 0 0 0 0 0 
_1.ptx 679 : 65536 605280 0 0 0 0 0 0 0 
_1.ptx 680 : 65536 747616 0 0 0 0 0 0 0 
_1.ptx 681 : 65536 1345408 0 0 0 0 0 0 0 
_1.ptx 682 : 65536 539936 0 0 0 0 0 0 0 
_1.ptx 683 : 65536 528704 0 0 0 0 0 0 0 
_1.ptx 684 : 65536 596448 0 0 0 0 0 0 0 
_1.ptx 685 : 65536 753152 0 0 0 0 0 0 0 
_1.ptx 686 : 65536 589920 0 0 0 0 0 0 0 
_1.ptx 687 : 65536 759776 0 0 0 0 0 0 0 
_1.ptx 688 : 65536 518336 0 0 0 0 0 0 0 
_1.ptx 689 : 65536 514208 0 0 0 0 0 0 0 
_1.ptx 690 : 65536 516736 0 0 0 0 0 0 0 
_1.ptx 691 : 65536 446944 0 0 0 0 0 0 0 
_1.ptx 692 : 65536 3125920 0 0 0 0 0 0 0 
_1.ptx 693 : 65536 421632 0 0 0 0 0 0 0 
_1.ptx 694 : 65536 741216 0 0 0 0 0 0 0 
_1.ptx 695 : 65536 753696 0 0 0 0 0 0 0 
_1.ptx 696 : 65536 435200 0 0 0 0 0 0 0 
_1.ptx 697 : 65536 752160 0 0 0 0 0 0 0 
_1.ptx 698 : 65536 744128 0 0 0 0 0 0 0 
_1.ptx 699 : 65536 608480 0 0 0 0 0 0 0 
_1.ptx 700 : 65536 746336 0 0 0 0 0 0 0 
_1.ptx 701 : 65536 492160 0 0 0 0 0 0 0 
_1.ptx 702 : 65536 745856 0 0 0 0 0 0 0 
_1.ptx 703 : 65536 477664 0 0 0 0 0 0 0 
_1.ptx 704 : 65536 746688 0 0 0 0 0 0 0 
_1.ptx 705 : 65536 498752 0 0 0 0 0 0 0 
_1.ptx 706 : 65536 743232 0 0 0 0 0 0 0 
_1.ptx 707 : 65536 463040 0 0 0 0 0 0 0 
_1.ptx 708 : 65536 743968 0 0 0 0 0 0 0 
_1.ptx 709 : 65536 415584 0 0 0 0 0 0 0 
_1.ptx 710 : 65536 756544 0 0 0 0 0 0 0 
_1.ptx 711 : 65536 766368 0 0 0 0 0 0 0 
_1.ptx 712 : 65536 778688 0 0 0 0 0 0 0 
_1.ptx 713 : 65536 785280 0 0 0 0 0 0 0 
_1.ptx 714 : 65536 791552 0 0 0 0 0 0 0 
_1.ptx 715 : 65536 805088 0 0 0 0 0 0 0 
_1.ptx 716 : 65536 810272 0 0 0 0 0 0 0 
_1.ptx 717 : 65536 794336 0 0 0 0 0 0 0 
_1.ptx 718 : 65536 788640 0 0 0 0 0 0 0 
_1.ptx 719 : 65536 793760 0 0 0 0 0 0 0 
_1.ptx 720 : 65536 784704 0 0 0 0 0 0 0 
_1.ptx 721 : 65536 785696 0 0 0 0 0 0 0 
_1.ptx 722 : 65536 779520 0 0 0 0 0 0 0 
_1.ptx 723 : 65536 796608 0 0 0 0 0 0 0 
_1.ptx 724 : 65536 643168 0 0 0 0 0 0 0 
_1.ptx 725 : 65536 620896 0 0 0 0 0 0 0 
_1.ptx 726 : 65536 1747328 0 0 0 0 0 0 0 
_1.ptx 727 : 65536 764800 0 0 0 0 0 0 0 
_1.ptx 728 : 65536 768096 0 0 0 0 0 0 0 
_1.ptx 729 : 65536 777440 0 0 0 0 0 0 0 
_1.ptx 731 : 65536 454784 0 0 0 0 0 0 0 
_1.ptx 733 : 65536 501120 0 0 0 0 0 0 0 
_1.ptx 734 : 65536 512416 0 0 0 0 0 0 0 
_1.ptx 735 : 65536 498752 0 0 0 0 0 0 0 
_1.ptx 736 : 65536 492544 0 0 0 0 0 0 0 
_1.ptx 738 : 127467 1002874 0 0 0 0 0 0 0 
_1.ptx 739 : 127467 875644 0 0 0 0 0 0 0 
_1.ptx 740 : 127467 851904 0 0 0 0 0 0 0 
_1.ptx 744 : 509868 4550715 128 0 0 17236 17236 0 0 
_1.ptx 745 : 509868 4112454 0 0 0 17236 17236 0 0 
_1.ptx 746 : 509868 4790156 128 0 0 17236 17236 0 0 
_1.ptx 747 : 509868 3961421 0 0 0 17236 17236 0 0 
_1.ptx 748 : 509868 3563366 0 0 0 17236 17236 0 0 
_1.ptx 749 : 509868 3417093 0 0 0 0 0 0 0 
_1.ptx 750 : 509868 4415440 0 0 0 0 0 0 0 
_1.ptx 751 : 509868 2703339 0 0 0 0 0 0 0 
_1.ptx 753 : 127467 979975 0 0 0 0 0 0 0 
_1.ptx 754 : 127467 866674 0 0 0 0 0 0 0 
_1.ptx 755 : 127467 1087942 0 0 0 0 0 0 0 
_1.ptx 756 : 127467 868058 0 0 0 0 0 0 0 
_1.ptx 761 : 127467 1453965 0 0 0 0 0 0 0 
_1.ptx 762 : 127467 6210586 0 0 0 0 0 0 0 
_1.ptx 763 : 127467 842831 0 0 0 0 0 0 0 
_1.ptx 764 : 127467 859028 0 0 0 0 0 0 0 
_1.ptx 765 : 127467 1081341 0 0 0 0 0 0 0 
_1.ptx 766 : 127467 1205325 0 0 0 0 0 0 0 
_1.ptx 769 : 127467 1009051 0 0 0 0 0 0 0 
_1.ptx 770 : 127467 888182 0 0 0 0 0 0 0 
_1.ptx 773 : 382401 4488453 0 0 0 0 0 0 0 
_1.ptx 774 : 382401 1481005 0 0 0 0 0 0 0 
_1.ptx 775 : 382401 4529765 0 0 0 0 0 0 0 
_1.ptx 776 : 382401 4524085 0 0 0 0 0 0 0 
_1.ptx 777 : 382401 4578055 0 0 0 0 0 0 0 
_1.ptx 778 : 382401 4580137 0 0 0 0 0 0 0 
_1.ptx 779 : 382401 4591484 0 0 0 0 0 0 0 
_1.ptx 780 : 382401 4593151 0 0 0 0 0 0 0 
_1.ptx 781 : 382401 3747772 0 0 0 0 0 0 0 
_1.ptx 782 : 382401 3828085 0 0 0 0 0 0 0 
_1.ptx 783 : 382401 3724598 0 0 0 0 0 0 0 
_1.ptx 784 : 382401 3823204 0 0 0 0 0 0 0 
_1.ptx 785 : 382401 3392079 0 0 0 0 0 0 0 
_1.ptx 786 : 382401 3165700 0 0 0 0 0 0 0 
_1.ptx 787 : 382401 2765759 0 0 0 0 0 0 0 
_1.ptx 788 : 382401 3382089 0 0 0 0 0 0 0 
_1.ptx 789 : 382401 3139119 0 0 0 0 0 0 0 
_1.ptx 790 : 382401 3396662 0 0 0 0 0 0 0 
_1.ptx 791 : 382401 2780165 0 0 0 0 0 0 0 
_1.ptx 792 : 382401 3383371 0 0 0 0 0 0 0 
_1.ptx 793 : 382401 1989133 0 0 0 0 0 0 1523 
_1.ptx 794 : 105477 777178 0 0 0 0 0 0 0 
_1.ptx 795 : 105477 769972 0 0 0 0 0 0 0 
_1.ptx 797 : 276924 3264412 0 0 0 0 0 0 0 
_1.ptx 798 : 276924 3260948 0 0 0 0 0 0 0 
_1.ptx 799 : 276924 2431642 0 0 0 0 0 0 0 
_1.ptx 800 : 276924 141362 0 0 0 0 0 0 715 
_1.ptx 801 : 257599 1868169 0 0 0 0 0 0 0 
_1.ptx 802 : 257599 1879054 0 0 0 0 0 0 0 
_1.ptx 805 : 19325 225920 0 0 0 0 0 0 0 
_1.ptx 806 : 19325 360614 0 0 0 0 0 0 0 
_1.ptx 807 : 19325 226883 0 0 0 0 0 0 0 
_1.ptx 808 : 19325 232403 0 0 0 0 0 0 0 
_1.ptx 809 : 19325 186024 0 0 0 0 0 0 0 
_1.ptx 813 : 382401 3166465 0 0 0 0 0 0 0 
_1.ptx 815 : 509868 3631264 0 0 0 0 0 0 0 
_1.ptx 816 : 509868 4401545 0 0 0 0 0 0 0 
_1.ptx 817 : 509868 4075795 0 0 0 0 0 0 0 
_1.ptx 818 : 509868 4402570 0 0 0 0 0 0 0 
_1.ptx 819 : 509868 4088845 0 0 0 0 0 0 0 
_1.ptx 820 : 509868 4468998 0 0 0 0 0 0 0 
_1.ptx 821 : 509868 3564998 0 0 0 0 0 0 0 
_1.ptx 822 : 509868 4436384 0 0 0 0 0 0 0 
