kernel line : count latency dram_traffic smem_bk_conflicts smem_warp gmem_access_generated gmem_warp exposed_latency warp_divergence
_1.ptx 199 : 19456000 106881888 0 0 0 0 0 0 0 
_1.ptx 200 : 3891200 27478080 0 0 0 0 0 0 0 
_1.ptx 205 : 199424 1273920 0 0 0 0 0 0 0 
_1.ptx 207 : 4090624 1277984 0 0 0 0 0 0 0 
_1.ptx 209 : 3891200 15570976 0 0 0 0 0 0 0 
_1.ptx 210 : 3891200 30352960 0 0 0 0 0 0 0 
_1.ptx 211 : 3891200 40499904 0 0 0 0 0 0 0 
_1.ptx 212 : 3891200 45543808 0 0 0 0 0 0 0 
_1.ptx 213 : 3891200 23255904 15564800 0 0 121600 121600 0 0 
_1.ptx 216 : 4090624 28326112 0 0 0 0 0 0 0 
_1.ptx 63 : 215296 1296320 0 0 0 0 0 0 0 
_1.ptx 64 : 215296 1297440 0 0 0 0 0 0 0 
_1.ptx 65 : 215296 3214496 0 0 0 0 0 0 0 
_1.ptx 66 : 215296 1296064 0 0 0 0 0 0 0 
_1.ptx 67 : 215296 2393184 0 0 0 0 0 0 0 
_1.ptx 68 : 215296 130795008 128 0 0 0 0 0 0 
_1.ptx 69 : 215296 1749920 0 0 0 0 0 0 0 
_1.ptx 70 : 215296 66976 0 0 0 0 0 0 0 
_1.ptx 71 : 204800 113996928 0 0 0 0 0 0 0 
_1.ptx 72 : 204800 1295488 0 0 0 0 0 0 0 
_1.ptx 73 : 204800 1669472 0 0 0 0 0 0 0 
_1.ptx 74 : 204800 0 0 0 0 0 0 0 0 
_1.ptx 75 : 204800 1479040 0 0 0 0 0 0 0 
_1.ptx 76 : 204800 2294112 0 0 0 0 0 0 0 
_1.ptx 77 : 204800 1461536 0 0 0 0 0 0 0 
_1.ptx 78 : 204800 2272960 0 0 0 0 0 0 0 
_1.ptx 79 : 204800 1448480 0 0 0 0 0 0 0 
_1.ptx 80 : 204800 2300640 0 0 0 0 0 0 0 
_1.ptx 81 : 204800 118827264 0 0 0 0 0 0 0 
_1.ptx 82 : 204800 1442176 0 0 0 0 0 0 0 
_1.ptx 83 : 204800 2398208 0 0 0 0 0 0 0 
_1.ptx 84 : 204800 2269408 0 0 0 0 0 0 0 
_1.ptx 85 : 204800 164855456 0 0 0 0 0 0 0 
_1.ptx 86 : 204800 1469600 0 0 0 0 0 0 0 
_1.ptx 87 : 204800 2268608 0 0 0 0 0 0 0 
_1.ptx 88 : 204800 2266560 0 0 0 0 0 0 0 
_1.ptx 89 : 204800 1524864 0 0 0 0 0 0 0 
_1.ptx 93 : 6963200 15778696960 355166848 0 0 6963200 217600 0 0 
_1.ptx 94 : 6963200 8702728864 27852800 0 0 217600 217600 0 0 
_1.ptx 95 : 6963200 69846368 0 0 0 0 0 0 0 
_1.ptx 96 : 6963200 69775616 0 0 0 0 0 0 0 
_1.ptx 97 : 6963200 76666880 0 0 0 0 0 0 0 
_1.ptx 98 : 6963200 55936352 0 0 0 0 0 0 0 
_1.ptx 99 : 6963200 40569184 0 0 0 0 0 0 0 
_1.ptx 103 : 215296 1294464 0 0 0 0 0 0 0 
_1.ptx 125 : 4090624 26473984 0 0 0 0 0 0 0 
_1.ptx 126 : 4090624 26592096 0 0 0 0 0 0 0 
_1.ptx 127 : 4090624 58531520 0 0 0 0 0 0 0 
_1.ptx 128 : 4090624 26603360 0 0 0 0 0 0 0 
_1.ptx 129 : 4090624 47783680 0 0 0 0 0 0 0 
_1.ptx 130 : 4090624 27531104 0 0 0 0 0 0 0 
_1.ptx 131 : 4090624 52524224 0 0 0 0 0 0 0 
_1.ptx 132 : 4090624 27544256 0 0 0 0 0 0 0 
_1.ptx 133 : 4090624 55746752 0 0 0 0 0 0 0 
_1.ptx 134 : 4090624 27153568 0 0 0 0 0 0 0 
_1.ptx 135 : 4090624 46969728 0 0 0 0 0 0 0 
_1.ptx 136 : 4090624 14258464 0 0 0 0 0 0 0 
_1.ptx 137 : 4090624 35158912 0 0 0 0 0 0 0 
_1.ptx 138 : 4090624 1299488 0 0 0 0 0 0 0 
_1.ptx 139 : 3891200 13043808 0 0 0 0 0 0 0 
_1.ptx 140 : 3891200 25231360 0 0 0 0 0 0 0 
_1.ptx 141 : 3891200 32903072 0 0 0 0 0 0 0 
_1.ptx 142 : 3891200 0 0 0 0 0 0 0 0 
_1.ptx 143 : 3891200 29398208 0 0 0 0 0 0 0 
_1.ptx 144 : 3891200 13184576 0 0 0 0 0 0 0 
_1.ptx 145 : 3891200 26011200 0 0 0 0 0 0 0 
_1.ptx 146 : 3891200 33655712 0 0 0 0 0 0 0 
_1.ptx 147 : 3891200 27258560 0 0 0 0 0 0 0 
_1.ptx 148 : 3891200 26800576 0 0 0 0 0 0 0 
_1.ptx 149 : 3891200 26713536 0 0 0 0 0 0 0 
_1.ptx 150 : 3891200 27074752 0 0 0 0 0 0 0 
_1.ptx 151 : 3891200 30787776 0 0 0 0 0 0 0 
_1.ptx 154 : 19456000 0 0 0 0 0 0 0 0 
_1.ptx 155 : 19456000 152044736 0 0 0 0 0 0 0 
_1.ptx 156 : 19456000 220921408 0 0 0 0 0 0 0 
_1.ptx 157 : 19456000 153151808 0 0 0 0 0 0 0 
_1.ptx 158 : 19456000 226047584 0 0 0 0 0 0 0 
_1.ptx 159 : 19456000 158847712 0 0 0 0 0 0 0 
_1.ptx 160 : 19456000 203979264 0 0 0 0 0 0 0 
_1.ptx 161 : 19456000 225874240 0 0 0 0 0 0 0 
_1.ptx 162 : 19456000 154550016 0 0 0 0 0 0 0 
_1.ptx 163 : 19456000 137797024 0 0 0 0 0 0 0 
_1.ptx 164 : 19456000 153701984 0 0 0 0 0 0 0 
_1.ptx 168 : 661504000 5534027808 0 0 0 0 0 0 0 
_1.ptx 169 : 661504000 4782329312 0 0 0 0 0 0 0 
_1.ptx 170 : 661504000 5412273248 0 0 0 0 0 0 0 
_1.ptx 171 : 661504000 4694338080 0 0 0 0 0 0 0 
_1.ptx 172 : 661504000 5372965952 0 0 0 0 0 0 0 
_1.ptx 173 : 661504000 4643894560 0 0 0 0 0 0 0 
_1.ptx 174 : 661504000 5238834496 0 0 0 0 0 0 0 
_1.ptx 175 : 661504000 537351757920 2646016000 0 0 0 0 0 0 
_1.ptx 176 : 661504000 5205793920 0 0 0 0 0 0 0 
_1.ptx 178 : 661504000 4230924224 1408 0 0 0 0 0 0 
_1.ptx 179 : 661504000 7792672800 0 0 0 0 0 0 0 
_1.ptx 180 : 661504000 6657880960 0 0 0 0 0 0 0 
_1.ptx 181 : 661504000 7610733632 0 0 0 0 0 0 0 
_1.ptx 182 : 661504000 7561145568 0 0 0 0 0 0 0 
_1.ptx 183 : 661504000 8092796032 0 0 0 0 0 0 0 
_1.ptx 184 : 661504000 6129558624 0 0 0 0 0 0 0 
_1.ptx 185 : 661504000 4745610976 0 0 0 0 0 0 0 
_1.ptx 186 : 19456000 146421440 0 0 0 0 0 0 0 
_1.ptx 190 : 19456000 172133920 0 0 0 0 0 0 0 
_1.ptx 191 : 19456000 89187252 0 0 0 0 0 0 10162 
_1.ptx 193 : 6990785 55603589 0 0 0 0 0 0 0 
_1.ptx 195 : 6990785 56904624 0 0 0 0 0 0 0 
_1.ptx 197 : 19456000 213433312 0 0 0 0 0 0 0 
_1.ptx 198 : 19456000 170567200 0 0 0 0 0 0 0 
