kernel line : count latency dram_traffic smem_bk_conflicts smem_warp gmem_access_generated gmem_warp exposed_latency warp_divergence
_1.ptx 823 : 509868 3058421 0 0 0 0 0 0 1125 
_1.ptx 825 : 74702 594726 0 0 0 0 0 0 0 
_1.ptx 827 : 74702 618649 0 0 0 0 0 0 0 
_1.ptx 829 : 509868 5558403 0 0 0 0 0 0 0 
_1.ptx 830 : 509868 5601125 0 0 0 0 0 0 0 
_1.ptx 831 : 509868 3789505 0 0 0 0 0 0 0 
_1.ptx 832 : 509868 4476552 0 0 0 0 0 0 0 
_1.ptx 833 : 509868 2659792 0 0 0 0 0 0 0 
_1.ptx 834 : 127467 909899 0 0 0 0 0 0 0 
_1.ptx 835 : 127467 1102788 0 0 0 0 0 0 0 
_1.ptx 836 : 127467 1023297 0 0 0 0 0 0 0 
_1.ptx 837 : 127467 894598 0 0 0 0 0 0 0 
_1.ptx 838 : 127467 1101676 0 0 0 0 0 0 0 
_1.ptx 839 : 127467 1014381 0 0 0 0 0 0 0 
_1.ptx 840 : 127467 1105219 0 0 0 0 0 0 0 
_1.ptx 841 : 127467 892131 0 0 0 0 0 0 0 
_1.ptx 842 : 127467 1098410 0 0 0 0 0 0 0 
_1.ptx 843 : 127467 444817 0 0 0 0 0 0 631 
_1.ptx 845 : 62282 686116 0 0 0 0 0 0 0 
_1.ptx 847 : 62282 513735 0 0 0 0 0 0 0 
_1.ptx 848 : 62282 491653 0 0 0 0 0 0 0 
_1.ptx 849 : 62282 799550 0 0 0 0 0 0 0 
_1.ptx 850 : 62282 723373 0 0 0 0 0 0 0 
_1.ptx 851 : 62282 319670 0 0 0 2349 2349 0 0 
_1.ptx 852 : 62282 315106 0 0 0 2349 2349 0 0 
_1.ptx 853 : 62282 312493 0 0 0 2544 2349 0 0 
_1.ptx 854 : 62282 310472 0 0 0 2544 2349 0 0 
_1.ptx 855 : 62282 302922 0 0 0 2544 2349 0 0 
_1.ptx 856 : 62282 314834 0 0 0 2544 2349 0 0 
_1.ptx 857 : 62282 310539 0 0 0 2544 2349 0 0 
_1.ptx 859 : 62282 706424 0 0 0 0 0 0 0 
_1.ptx 860 : 62282 708515 0 0 0 0 0 0 0 
_1.ptx 861 : 62282 710605 0 0 0 0 0 0 0 
_1.ptx 862 : 62282 723720 0 0 0 0 0 0 0 
_1.ptx 863 : 62282 732826 0 0 0 0 0 0 0 
_1.ptx 864 : 62282 723531 0 0 0 0 0 0 0 
_1.ptx 865 : 62282 319434 0 0 0 2544 2349 0 0 
_1.ptx 866 : 62282 443151 0 0 0 0 0 0 0 
_1.ptx 867 : 62282 538284 0 0 0 0 0 0 0 
_1.ptx 868 : 62282 129566 0 0 0 0 0 0 305 
_1.ptx 870 : 43133 307973 0 0 0 0 0 0 0 
_1.ptx 871 : 43133 306767 0 0 0 0 0 0 0 
_1.ptx 872 : 43133 310069 0 0 0 0 0 0 0 
_1.ptx 873 : 43133 300223 0 0 0 0 0 0 0 
_1.ptx 875 : 19149 67812 0 0 0 0 0 0 0 
_1.ptx 876 : 19149 220409 0 0 0 0 0 0 0 
_1.ptx 877 : 19149 221262 0 0 0 0 0 0 0 
_1.ptx 878 : 19149 223492 0 0 0 0 0 0 0 
_1.ptx 879 : 19149 225366 0 0 0 0 0 0 0 
_1.ptx 880 : 19149 227525 0 0 0 0 0 0 0 
_1.ptx 881 : 19149 184014 0 0 0 0 0 0 0 
_1.ptx 882 : 19149 185371 0 0 0 0 0 0 0 
_1.ptx 883 : 19149 641633 0 0 0 0 0 0 0 
_1.ptx 884 : 19149 253808 0 0 0 0 0 0 0 
_1.ptx 885 : 19149 255738 0 0 0 0 0 0 0 
_1.ptx 886 : 19149 249596 0 0 0 0 0 0 0 
_1.ptx 888 : 62282 730148 0 0 0 0 0 0 0 
_1.ptx 889 : 62282 730296 0 0 0 0 0 0 0 
_1.ptx 890 : 62282 749999 0 0 0 0 0 0 0 
_1.ptx 891 : 62282 780682 0 0 0 0 0 0 0 
_1.ptx 892 : 62282 612851 0 0 0 0 0 0 0 
_1.ptx 893 : 62282 607069 0 0 0 0 0 0 0 
_1.ptx 894 : 62282 1869639 0 0 0 0 0 0 0 
_1.ptx 895 : 62282 744016 0 0 0 0 0 0 0 
_1.ptx 896 : 62282 727359 0 0 0 0 0 0 0 
_1.ptx 897 : 62282 741540 0 0 0 0 0 0 0 
_1.ptx 898 : 62282 713142 0 0 0 0 0 0 0 
_1.ptx 899 : 62282 599822 0 0 0 0 0 0 0 
_1.ptx 900 : 62282 594169 0 0 0 0 0 0 0 
_1.ptx 901 : 62282 425756 0 0 0 0 0 0 0 
_1.ptx 902 : 62282 538360 0 0 0 0 0 0 0 
_1.ptx 903 : 62282 431784 0 0 0 0 0 0 0 
_1.ptx 910 : 62282 486897 0 0 0 0 0 0 0 
_1.ptx 911 : 62282 489952 0 0 0 0 0 0 0 
_1.ptx 912 : 62282 501270 0 0 0 0 0 0 0 
_1.ptx 915 : 62282 444782 0 0 0 0 0 0 0 
_1.ptx 916 : 62282 724284 0 0 0 0 0 0 0 
_1.ptx 917 : 62282 491894 0 0 0 0 0 0 0 
_1.ptx 918 : 62282 950359 0 0 0 0 0 0 0 
_1.ptx 919 : 62282 711779 0 0 0 0 0 0 0 
_1.ptx 920 : 62282 492375 0 0 0 0 0 0 0 
_1.ptx 921 : 62282 418896 0 0 0 0 0 0 0 
_1.ptx 922 : 62282 712359 0 0 0 0 0 0 0 
_1.ptx 923 : 62282 691715 0 0 0 0 0 0 0 
_1.ptx 924 : 62282 411417 0 0 0 0 0 0 0 
_1.ptx 925 : 62282 713400 0 0 0 0 0 0 0 
_1.ptx 926 : 62282 879935 0 0 0 0 0 0 0 
_1.ptx 927 : 62282 406854 0 0 0 0 0 0 0 
_1.ptx 928 : 62282 710455 0 0 0 0 0 0 0 
_1.ptx 929 : 62282 910738 0 0 0 0 0 0 0 
_1.ptx 931 : 62282 408343 0 0 0 0 0 0 0 
_1.ptx 932 : 62282 715428 0 0 0 0 0 0 0 
_1.ptx 933 : 62282 422943 0 0 0 0 0 0 0 
_1.ptx 934 : 62282 712507 0 0 0 0 0 0 0 
_1.ptx 935 : 62282 412896 0 0 0 0 0 0 0 
_1.ptx 936 : 62282 718780 0 0 0 0 0 0 0 
_1.ptx 937 : 62282 747545 0 0 0 0 0 0 0 
_1.ptx 938 : 62282 603640 0 0 0 0 0 0 0 
_1.ptx 939 : 62282 595006 0 0 0 0 0 0 0 
_1.ptx 940 : 62282 2269674 0 0 0 0 0 0 0 
_1.ptx 941 : 62282 765396 0 0 0 0 0 0 0 
_1.ptx 942 : 62282 770485 0 0 0 0 0 0 0 
_1.ptx 943 : 62282 783944 0 0 0 0 0 0 0 
_1.ptx 944 : 62282 777950 0 0 0 0 0 0 0 
_1.ptx 945 : 62282 599697 0 0 0 0 0 0 0 
_1.ptx 946 : 62282 599248 0 0 0 0 0 0 0 
_1.ptx 947 : 62282 436524 0 0 0 0 0 0 0 
_1.ptx 948 : 62282 543157 0 0 0 0 0 0 0 
_1.ptx 949 : 62282 37399 0 0 0 0 0 0 318 
_1.ptx 951 : 56815 449408 0 0 0 0 0 0 0 
_1.ptx 952 : 56815 357133 0 0 0 0 0 0 0 
_1.ptx 955 : 220903 1061229 0 0 0 8579 8579 0 0 
_1.ptx 956 : 220903 1065769 0 0 0 8579 8579 0 0 
_1.ptx 957 : 220903 1035207 0 0 0 8579 8579 0 0 
_1.ptx 958 : 220903 1029336 0 0 0 8579 8579 0 0 
_1.ptx 959 : 220903 1473729 0 0 0 0 0 0 0 
_1.ptx 960 : 220903 1892995 0 0 0 0 0 0 0 
_1.ptx 961 : 220903 1140821 0 0 0 0 0 0 0 
_1.ptx 963 : 56815 434738 0 0 0 0 0 0 0 
_1.ptx 964 : 56815 378794 0 0 0 0 0 0 0 
_1.ptx 965 : 56815 477746 0 0 0 0 0 0 0 
_1.ptx 966 : 56815 372619 0 0 0 0 0 0 0 
_1.ptx 971 : 56815 366404 0 0 0 0 0 0 0 
_1.ptx 972 : 56815 526524 0 0 0 0 0 0 0 
_1.ptx 973 : 56815 639297 0 0 0 0 0 0 0 
_1.ptx 974 : 56815 3304354 0 0 0 0 0 0 0 
_1.ptx 976 : 56815 369538 0 0 0 0 0 0 0 
_1.ptx 977 : 56815 372567 0 0 0 0 0 0 0 
_1.ptx 978 : 56815 489159 0 0 0 0 0 0 0 
_1.ptx 979 : 56815 531854 0 0 0 0 0 0 0 
_1.ptx 982 : 56815 441174 0 0 0 0 0 0 0 
_1.ptx 983 : 56815 387262 0 0 0 0 0 0 0 
_1.ptx 986 : 164088 748891 0 0 0 6402 6402 0 0 
_1.ptx 987 : 164088 622269 0 0 0 0 0 0 0 
_1.ptx 988 : 164088 1941009 0 0 0 0 0 0 0 
_1.ptx 989 : 164088 1151663 0 0 0 0 0 0 0 
_1.ptx 990 : 164088 1956074 0 0 0 0 0 0 0 
_1.ptx 991 : 164088 1179234 0 0 0 0 0 0 0 
_1.ptx 992 : 164088 1970398 0 0 0 0 0 0 0 
_1.ptx 993 : 164088 1213409 0 0 0 0 0 0 0 
_1.ptx 994 : 164088 1965160 0 0 0 0 0 0 0 
_1.ptx 995 : 164088 1950205 0 0 0 0 0 0 0 
_1.ptx 996 : 164088 1987650 0 0 0 0 0 0 0 
_1.ptx 997 : 164088 1982252 0 0 0 0 0 0 0 
_1.ptx 998 : 164088 1995601 0 0 0 0 0 0 0 
_1.ptx 999 : 164088 1983344 0 0 0 0 0 0 0 
_1.ptx 1000 : 164088 2006607 0 0 0 0 0 0 0 
_1.ptx 1001 : 164088 2018485 0 0 0 0 0 0 0 
_1.ptx 1002 : 164088 1676194 0 0 0 0 0 0 0 
_1.ptx 1003 : 164088 1662367 0 0 0 0 0 0 0 
_1.ptx 1004 : 164088 1990979 0 0 0 0 0 0 0 
_1.ptx 1005 : 164088 1643544 0 0 0 0 0 0 0 
_1.ptx 1006 : 164088 1641959 0 0 0 0 0 0 0 
_1.ptx 1007 : 164088 1994958 0 0 0 0 0 0 0 
_1.ptx 1008 : 164088 1505080 0 0 0 0 0 0 0 
_1.ptx 1009 : 164088 1387893 0 0 0 0 0 0 0 
_1.ptx 1010 : 164088 1178326 0 0 0 0 0 0 0 
_1.ptx 1011 : 164088 1458513 0 0 0 0 0 0 0 
_1.ptx 1012 : 164088 1361664 0 0 0 0 0 0 0 
_1.ptx 1013 : 164088 1466724 0 0 0 0 0 0 0 
_1.ptx 1014 : 164088 1202617 0 0 0 0 0 0 0 
_1.ptx 1015 : 164088 1463077 0 0 0 0 0 0 0 
_1.ptx 1016 : 164088 828182 0 0 0 0 0 0 965 
_1.ptx 1017 : 50431 372889 0 0 0 0 0 0 0 
_1.ptx 1018 : 50431 368572 0 0 0 0 0 0 0 
_1.ptx 1020 : 113657 1350097 0 0 0 0 0 0 0 
_1.ptx 1021 : 113657 1349706 0 0 0 0 0 0 0 
_1.ptx 1022 : 113657 1019546 0 0 0 0 0 0 0 
_1.ptx 1023 : 113657 46181 0 0 0 0 0 0 344 
_1.ptx 1024 : 107587 794720 0 0 0 0 0 0 0 
_1.ptx 1025 : 107587 805703 0 0 0 0 0 0 0 
_1.ptx 1028 : 6070 71703 0 0 0 0 0 0 0 
_1.ptx 1029 : 6070 110755 0 0 0 0 0 0 0 
_1.ptx 1030 : 6070 73814 0 0 0 0 0 0 0 
_1.ptx 1031 : 6070 74909 0 0 0 0 0 0 0 
_1.ptx 1032 : 6070 61011 0 0 0 0 0 0 0 
_1.ptx 1036 : 164088 1368524 0 0 0 0 0 0 0 
_1.ptx 1039 : 220903 1578153 0 0 0 0 0 0 0 
_1.ptx 1040 : 220903 1925971 0 0 0 0 0 0 0 
_1.ptx 1041 : 220903 1513130 0 0 0 0 0 0 370 
_1.ptx 1042 : 6068 72591 0 0 0 0 0 0 0 
_1.ptx 1043 : 6068 73641 0 0 0 0 0 0 0 
_1.ptx 1044 : 6068 75385 0 0 0 0 0 0 0 
_1.ptx 1045 : 6068 73701 0 0 0 0 0 0 0 
_1.ptx 1046 : 6068 73059 0 0 0 0 0 0 0 
_1.ptx 1047 : 6068 74861 0 0 0 0 0 0 0 
_1.ptx 1048 : 6068 75131 0 0 0 0 0 0 0 
_1.ptx 1049 : 6068 60320 0 0 0 0 0 0 0 
_1.ptx 1050 : 6068 60895 0 0 0 0 0 0 0 
_1.ptx 1051 : 6068 55491 0 0 0 0 0 0 0 
_1.ptx 1052 : 6068 45808 0 0 0 0 0 0 0 
_1.ptx 1057 : 220903 2401894 0 0 0 0 0 0 0 
_1.ptx 1058 : 220903 2413210 0 0 0 0 0 0 0 
_1.ptx 1059 : 220903 1681662 0 0 0 0 0 0 0 
_1.ptx 1060 : 220903 1941803 0 0 0 0 0 0 0 
_1.ptx 1061 : 220903 376572 0 0 0 0 0 0 0 
_1.ptx 1062 : 169119 1239890 0 0 0 0 0 0 0 
_1.ptx 1063 : 169119 1458803 0 0 0 0 0 0 0 
_1.ptx 1064 : 169119 1138828 0 0 0 0 0 0 295 
_1.ptx 1065 : 5031 36341 0 0 0 0 0 0 0 
_1.ptx 1067 : 51784 375243 0 0 0 0 0 0 0 
_1.ptx 1068 : 51784 459611 0 0 0 0 0 0 0 
_1.ptx 1071 : 56815 44772 0 0 0 0 0 0 318 
_1.ptx 1073 : 50745 600107 0 0 0 0 0 0 0 
_1.ptx 1074 : 50745 603660 0 0 0 0 0 0 0 
_1.ptx 1075 : 50745 608066 0 0 0 0 0 0 0 
_1.ptx 1076 : 50745 628685 0 0 0 0 0 0 0 
_1.ptx 1077 : 50745 503321 0 0 0 0 0 0 0 
_1.ptx 1078 : 50745 497704 0 0 0 0 0 0 0 
_1.ptx 1079 : 50745 1223959 0 0 0 0 0 0 0 
_1.ptx 1081 : 50745 371315 0 0 0 0 0 0 0 
_1.ptx 1082 : 50745 1075032 0 0 0 0 0 0 0 
_1.ptx 1083 : 50745 407015 0 0 0 0 0 0 0 
_1.ptx 1084 : 50745 715098 0 0 0 0 0 0 0 
_1.ptx 1085 : 50745 654817 0 0 0 0 0 0 0 
_1.ptx 1086 : 50745 604573 0 0 0 0 0 0 0 
_1.ptx 1087 : 50745 360123 0 0 0 0 0 0 0 
_1.ptx 1088 : 50745 363365 0 0 0 0 0 0 0 
_1.ptx 1089 : 50745 588970 0 0 0 0 0 0 0 
_1.ptx 1090 : 50745 597161 0 0 0 0 0 0 0 
_1.ptx 1091 : 50745 606221 0 0 0 0 0 0 0 
_1.ptx 1092 : 50745 357158 0 0 0 0 0 0 0 
_1.ptx 1093 : 50745 363636 0 0 0 0 0 0 0 
_1.ptx 1094 : 50745 591999 0 0 0 0 0 0 0 
_1.ptx 1095 : 50745 599561 0 0 0 0 0 0 0 
_1.ptx 1096 : 50745 606086 0 0 0 0 0 0 0 
_1.ptx 1097 : 50745 546390 0 0 0 0 0 0 0 
_1.ptx 1098 : 50745 362882 0 0 0 0 0 0 0 
_1.ptx 1099 : 50745 594863 0 0 0 0 0 0 0 
_1.ptx 1100 : 50745 493505 0 0 0 0 0 0 0 
_1.ptx 1101 : 50745 659405 0 0 0 0 0 0 0 
_1.ptx 1103 : 50745 589401 0 0 0 0 0 0 0 
_1.ptx 1104 : 50745 591257 0 0 0 0 0 0 0 
_1.ptx 1105 : 50745 593177 0 0 0 0 0 0 0 
_1.ptx 1106 : 50745 501203 0 0 0 0 0 0 0 
_1.ptx 1107 : 50745 609451 0 0 0 0 0 0 0 
_1.ptx 1108 : 50745 505031 0 0 0 0 0 0 0 
_1.ptx 1109 : 50745 381082 0 0 0 0 0 0 0 
_1.ptx 1110 : 50745 1097422 0 0 0 0 0 0 0 
_1.ptx 1111 : 50745 419870 0 0 0 0 0 0 0 
_1.ptx 1112 : 50745 1101624 0 0 0 0 0 0 0 
_1.ptx 1113 : 50745 420946 0 0 0 0 0 0 0 
_1.ptx 1114 : 50745 465965 0 0 0 0 0 0 0 
_1.ptx 1115 : 50745 369361 0 0 0 0 0 0 0 
_1.ptx 1121 : 50745 413203 0 0 0 0 0 0 0 
_1.ptx 1122 : 50745 363567 0 0 0 0 0 0 0 
_1.ptx 1123 : 50745 434211 0 0 0 0 0 0 0 
_1.ptx 1124 : 50745 0 0 0 0 0 0 0 0 
_1.ptx 1125 : 50745 326394 0 0 0 0 0 0 0 
_1.ptx 1133 : 50745 323701 0 0 0 0 0 0 0 
_1.ptx 1134 : 50745 421922 0 0 0 0 0 0 0 
_1.ptx 1135 : 50745 336167 0 0 0 0 0 0 0 
_1.ptx 1140 : 50745 328012 0 0 0 0 0 0 0 
_1.ptx 1141 : 50745 422379 0 0 0 0 0 0 0 
_1.ptx 1142 : 50745 332317 0 0 0 0 0 0 0 
_1.ptx 1157 : 50745 328685 0 0 0 0 0 0 0 
_1.ptx 1158 : 50745 427681 0 0 0 0 0 0 0 
_1.ptx 1159 : 50745 332225 0 0 0 0 0 0 0 
_1.ptx 1181 : 50745 326381 0 0 0 0 0 0 0 
_1.ptx 1182 : 50745 424907 0 0 0 0 0 0 0 
_1.ptx 1183 : 50745 328177 0 0 0 0 0 0 0 
_1.ptx 1196 : 50745 372551 0 0 0 0 0 0 0 
_1.ptx 1197 : 50745 375534 0 0 0 0 0 0 0 
_1.ptx 1198 : 50745 379956 0 0 0 0 0 0 0 
_1.ptx 1199 : 50745 386163 0 0 0 0 0 0 0 
_1.ptx 1200 : 50745 346168 0 0 0 0 0 0 0 
_1.ptx 1201 : 50745 427919 0 0 0 0 0 0 0 
_1.ptx 1202 : 50745 336101 0 0 0 0 0 0 0 
_1.ptx 1213 : 50745 422842 0 0 0 0 0 0 0 
_1.ptx 1216 : 50745 578317 0 0 0 0 0 0 0 
_1.ptx 1218 : 50745 428054 0 0 0 0 0 0 0 
_1.ptx 1219 : 50745 402166 0 0 0 0 0 0 0 
_1.ptx 1220 : 50745 398007 0 0 0 0 0 0 0 
_1.ptx 1221 : 50745 408218 0 0 0 0 0 0 0 
_1.ptx 1222 : 50745 361966 0 0 0 0 0 0 0 
_1.ptx 1223 : 50745 444002 0 0 0 0 0 0 0 
_1.ptx 1224 : 50745 212354 0 0 0 0 0 0 727 
_1.ptx 1226 : 21083 160051 0 0 0 0 0 0 0 
_1.ptx 1227 : 21083 248177 0 0 0 0 0 0 0 
_1.ptx 1229 : 21083 239852 0 0 0 0 0 0 0 
_1.ptx 1232 : 50745 396050 0 0 0 0 0 0 0 
_1.ptx 1233 : 50745 596223 0 0 0 0 0 0 0 
_1.ptx 1234 : 50745 330917 0 0 0 0 0 0 0 
_1.ptx 1235 : 50745 588182 0 0 0 0 0 0 0 
_1.ptx 1236 : 50745 615554 0 0 0 0 0 0 0 
_1.ptx 1237 : 50745 475406 0 0 0 0 0 0 0 
_1.ptx 1238 : 50745 2435532 0 0 0 0 0 0 0 
_1.ptx 1239 : 50745 408157 0 0 0 0 0 0 0 
_1.ptx 1240 : 50745 618677 0 0 0 0 0 0 0 
_1.ptx 1241 : 50745 408566 0 0 0 0 0 0 0 
_1.ptx 1242 : 50745 412218 0 0 0 0 0 0 0 
_1.ptx 1243 : 50745 412140 0 0 0 0 0 0 0 
_1.ptx 1244 : 50745 410200 0 0 0 0 0 0 0 
_1.ptx 1245 : 50745 413397 0 0 0 0 0 0 0 
_1.ptx 1246 : 50745 589061 0 0 0 0 0 0 0 
_1.ptx 1247 : 50745 590743 0 0 0 0 0 0 0 
_1.ptx 1248 : 50745 600120 0 0 0 0 0 0 0 
_1.ptx 1249 : 50745 482247 0 0 0 0 0 0 0 
_1.ptx 1250 : 50745 481017 0 0 0 0 0 0 0 
_1.ptx 1252 : 50745 609330 0 0 0 0 0 0 0 
_1.ptx 1253 : 50745 648689 0 0 0 0 0 0 0 
_1.ptx 1254 : 50745 444641 0 0 0 0 0 0 0 
_1.ptx 1255 : 50745 447210 0 0 0 0 0 0 0 
_1.ptx 1256 : 50745 524235 0 0 0 0 0 0 0 
_1.ptx 1257 : 50745 401879 0 0 0 0 0 0 0 
_1.ptx 1258 : 50745 515462 0 0 0 0 0 0 0 
_1.ptx 1259 : 50745 623625 0 0 0 0 0 0 0 
_1.ptx 1260 : 50745 624926 0 0 0 0 0 0 0 
_1.ptx 1261 : 50745 613093 0 0 0 0 0 0 0 
_1.ptx 1262 : 50745 613048 0 0 0 0 0 0 0 
_1.ptx 1263 : 50745 605850 0 0 0 0 0 0 0 
_1.ptx 1264 : 50745 599417 0 0 0 0 0 0 0 
_1.ptx 1265 : 50745 603045 0 0 0 0 0 0 0 
_1.ptx 1266 : 50745 592500 0 0 0 0 0 0 0 
_1.ptx 1267 : 50745 569747 0 0 0 0 0 0 0 
_1.ptx 1269 : 50745 580380 0 0 0 0 0 0 0 
_1.ptx 1271 : 50745 593260 0 0 0 0 0 0 0 
_1.ptx 1272 : 50745 623087 0 0 0 0 0 0 0 
_1.ptx 1274 : 50745 482061 0 0 0 0 0 0 0 
_1.ptx 1275 : 50745 429886 0 0 0 0 0 0 0 
_1.ptx 1276 : 50745 622664 0 0 0 0 0 0 0 
_1.ptx 1277 : 50745 629533 0 0 0 0 0 0 0 
_1.ptx 1279 : 50745 421910 0 0 0 0 0 0 0 
_1.ptx 1280 : 50745 620790 0 0 0 0 0 0 0 
_1.ptx 1281 : 50745 622593 0 0 0 0 0 0 0 
_1.ptx 1282 : 50745 610192 0 0 0 0 0 0 0 
_1.ptx 1283 : 50745 601904 0 0 0 0 0 0 0 
_1.ptx 1284 : 50745 598741 0 0 0 0 0 0 0 
_1.ptx 1286 : 50745 603552 0 0 0 0 0 0 0 
_1.ptx 1288 : 50745 367269 0 0 0 0 0 0 0 
_1.ptx 1289 : 50745 592327 0 0 0 0 0 0 0 
_1.ptx 1290 : 50745 595962 0 0 0 0 0 0 0 
_1.ptx 1291 : 50745 472776 0 0 0 0 0 0 0 
_1.ptx 1292 : 50745 642807 0 0 0 0 0 0 0 
_1.ptx 1293 : 50745 405393 0 0 0 0 0 0 0 
_1.ptx 1294 : 50745 494085 0 0 0 0 0 0 0 
_1.ptx 1295 : 50745 361150 0 0 0 0 0 0 0 
_1.ptx 1296 : 50745 490736 0 0 0 0 0 0 0 
_1.ptx 1297 : 50745 355069 0 0 0 0 0 0 0 
_1.ptx 1298 : 50745 490094 0 0 0 0 0 0 0 
_1.ptx 1299 : 50745 354640 0 0 0 0 0 0 0 
_1.ptx 1300 : 50745 491117 0 0 0 0 0 0 0 
_1.ptx 1301 : 50745 603950 0 0 0 0 0 0 0 
_1.ptx 1303 : 50745 421989 0 0 0 0 0 0 0 
_1.ptx 1304 : 50745 595185 0 0 0 0 0 0 0 
_1.ptx 1305 : 50745 588240 0 0 0 0 0 0 0 
_1.ptx 1307 : 50745 381074 0 0 0 0 0 0 0 
_1.ptx 1308 : 50745 387504 0 0 0 0 0 0 0 
_1.ptx 1309 : 50745 404660 0 0 0 0 0 0 0 
_1.ptx 1310 : 50745 357833 0 0 0 0 0 0 0 
_1.ptx 1311 : 50745 422783 0 0 0 0 0 0 0 
_1.ptx 1312 : 50745 324198 0 0 0 0 0 0 0 
_1.ptx 1321 : 50745 381297 0 0 0 0 0 0 0 
_1.ptx 1322 : 50745 340127 0 0 0 0 0 0 0 
_1.ptx 1323 : 50745 571774 0 0 0 0 0 0 0 
_1.ptx 1324 : 50745 406654 0 0 0 0 0 0 0 
_1.ptx 1325 : 50745 363242 0 0 0 0 0 0 0 
_1.ptx 1326 : 50745 367839 0 0 0 0 0 0 0 
_1.ptx 1327 : 50745 2619715 0 0 0 0 0 0 0 
_1.ptx 1328 : 50745 315128 0 0 0 0 0 0 0 
_1.ptx 1329 : 50745 329354 0 0 0 0 0 0 0 
_1.ptx 1330 : 50745 476781 0 0 0 0 0 0 0 
_1.ptx 1331 : 50745 484965 0 0 0 0 0 0 0 
_1.ptx 1332 : 50745 351594 0 0 0 0 0 0 0 
_1.ptx 1333 : 50745 682929 0 0 0 0 0 0 0 
_1.ptx 1334 : 50745 3517052 0 0 0 0 0 0 0 
_1.ptx 1335 : 50745 591909 0 0 0 0 0 0 0 
_1.ptx 1336 : 50745 328973 0 0 0 0 0 0 0 
_1.ptx 1337 : 50745 434355 0 0 0 0 0 0 0 
_1.ptx 1338 : 50745 474150 0 0 0 0 0 0 0 
_1.ptx 1339 : 50745 331536 0 0 0 0 0 0 0 
_1.ptx 1340 : 50745 427811 0 0 0 0 0 0 0 
_1.ptx 1341 : 50745 470803 0 0 0 0 0 0 0 
_1.ptx 1343 : 50745 382381 0 0 0 0 0 0 0 
_1.ptx 1344 : 50745 321632 0 0 0 0 0 0 0 
_1.ptx 1345 : 50745 428807 0 0 0 0 0 0 0 
_1.ptx 1346 : 50745 0 0 0 0 0 0 0 0 
_1.ptx 1348 : 50745 482011 0 0 0 0 0 0 0 
_1.ptx 1351 : 50745 416071 0 0 0 0 0 0 0 
_1.ptx 1352 : 50745 362808 0 0 0 0 0 0 0 
_1.ptx 1353 : 50745 408665 0 0 0 0 0 0 0 
_1.ptx 1354 : 50745 413579 0 0 0 0 0 0 0 
_1.ptx 1355 : 50745 370293 0 0 0 0 0 0 0 
_1.ptx 1356 : 50745 610685 0 0 0 0 0 0 0 
_1.ptx 1357 : 50745 603146 0 0 0 0 0 0 0 
_1.ptx 1358 : 50745 422383 0 0 0 0 0 0 0 
_1.ptx 1359 : 50745 364021 0 0 0 0 0 0 0 
_1.ptx 1360 : 50745 436372 0 0 0 0 0 0 0 
_1.ptx 1361 : 50745 399256 0 0 0 0 0 0 0 
_1.ptx 1362 : 50745 430213 0 0 0 0 0 0 0 
_1.ptx 1363 : 50745 320373 0 0 0 0 0 0 0 
_1.ptx 1364 : 50745 422983 0 0 0 0 0 0 0 
_1.ptx 1365 : 50745 327454 0 0 0 0 0 0 0 
_1.ptx 1372 : 50745 382403 0 0 0 0 0 0 0 
_1.ptx 1375 : 50745 336080 0 0 0 0 0 0 0 
_1.ptx 1376 : 50745 577159 0 0 0 0 0 0 0 
_1.ptx 1377 : 50745 577516 0 0 0 0 0 0 0 
_1.ptx 1378 : 50745 525237 0 0 0 0 0 0 0 
_1.ptx 1380 : 50745 572016 0 0 0 0 0 0 0 
_1.ptx 1381 : 50745 707678 0 0 0 0 0 0 0 
_1.ptx 1383 : 50745 581475 0 0 0 0 0 0 0 
_1.ptx 1384 : 50745 827516 0 0 0 0 0 0 0 
_1.ptx 1388 : 62282 715999 0 0 0 0 0 0 0 
_1.ptx 1389 : 62282 728760 0 0 0 0 0 0 0 
_1.ptx 1390 : 62282 729081 0 0 0 0 0 0 0 
_1.ptx 1391 : 62282 763057 0 0 0 0 0 0 0 
_1.ptx 1392 : 62282 742400 0 0 0 0 0 0 0 
_1.ptx 1393 : 62282 775570 0 0 0 0 0 0 0 
_1.ptx 1395 : 62282 740162 0 0 0 0 0 0 0 
_1.ptx 1396 : 62282 761756 0 0 0 0 0 0 0 
_1.ptx 1397 : 62282 756849 0 0 0 0 0 0 0 
_1.ptx 1398 : 62282 787024 0 0 0 0 0 0 0 
_1.ptx 1399 : 62282 631711 0 0 0 0 0 0 0 
_1.ptx 1400 : 62282 612626 0 0 0 0 0 0 0 
_1.ptx 1401 : 62282 2369769 0 0 0 0 0 0 0 
_1.ptx 1402 : 62282 746940 0 0 0 0 0 0 0 
_1.ptx 1403 : 62282 743009 0 0 0 0 0 0 0 
_1.ptx 1404 : 62282 757730 0 0 0 0 0 0 0 
_1.ptx 1405 : 62282 498704 0 0 0 0 0 0 0 
_1.ptx 1406 : 62282 493715 0 0 0 0 0 0 0 
_1.ptx 1408 : 62282 431686 0 0 0 0 0 0 0 
_1.ptx 1409 : 62282 591353 0 0 0 0 0 0 0 
_1.ptx 1410 : 62282 420218 0 0 0 0 0 0 0 
_1.ptx 1411 : 62282 590444 0 0 0 0 0 0 0 
_1.ptx 1412 : 62282 428863 0 0 0 0 0 0 0 
_1.ptx 1413 : 62282 613041 0 0 0 0 0 0 0 
_1.ptx 1416 : 127467 1412962 0 0 0 0 0 0 0 
_1.ptx 1417 : 127467 953512 0 0 0 0 0 0 0 
_1.ptx 1418 : 127467 1103776 0 0 0 0 0 0 0 
_1.ptx 1419 : 127467 6950 0 0 0 0 0 0 0 
_1.ptx 1420 : 126435 1087905 0 0 0 0 0 0 0 
_1.ptx 1421 : 126435 424298 0 0 0 0 0 0 550 
_1.ptx 1424 : 65536 713504 0 0 0 0 0 0 0 
_1.ptx 1425 : 65536 520992 0 0 0 0 0 0 0 
_1.ptx 1426 : 65536 428416 0 0 0 0 0 0 0 
_1.ptx 1427 : 65536 548448 0 0 0 0 0 0 0 
_1.ptx 604 : 65536 405280 0 0 0 0 0 0 0 
_1.ptx 1428 : 65536 359185 0 0 0 0 0 0 218 
_1.ptx 605 : 65536 471264 34688 0 0 0 0 0 0 
_1.ptx 1429 : 10434 80739 0 0 0 0 0 0 0 
_1.ptx 606 : 65536 406368 0 0 0 0 0 0 0 
_1.ptx 1430 : 10434 79496 0 0 0 0 0 0 0 
_1.ptx 607 : 65536 1010016 27520 0 0 0 0 0 0 
_1.ptx 1431 : 10434 122814 0 0 0 0 0 0 0 
_1.ptx 608 : 65536 406912 0 0 0 0 0 0 0 
_1.ptx 1432 : 10434 119934 0 0 0 0 0 0 0 
_1.ptx 609 : 65536 1123808 24960 0 0 0 0 0 0 
_1.ptx 1433 : 10434 81716 0 0 0 0 0 0 0 
_1.ptx 610 : 65536 410944 0 0 0 0 0 0 0 
_1.ptx 611 : 65536 1271776 19328 0 0 0 0 0 0 
_1.ptx 612 : 65536 412032 0 0 0 0 0 0 0 
_1.ptx 613 : 65536 1246656 19328 0 0 0 0 0 0 
_1.ptx 1437 : 15923 2005839 0 0 0 0 0 0 0 
_1.ptx 614 : 65536 412192 0 0 0 0 0 0 0 
_1.ptx 1438 : 15923 2128265 0 0 0 0 0 0 0 
_1.ptx 615 : 65536 1349760 19328 0 0 0 0 0 0 
_1.ptx 1439 : 15923 2397991 0 0 0 0 0 0 0 
_1.ptx 616 : 65536 416192 0 0 0 0 0 0 0 
_1.ptx 1440 : 15923 2522849 0 0 0 0 0 0 0 
_1.ptx 617 : 65536 1533696 19328 0 0 0 0 0 0 
_1.ptx 1441 : 15923 2399006 0 0 0 0 0 0 0 
_1.ptx 618 : 65536 410848 0 0 0 0 0 0 0 
_1.ptx 1442 : 15923 2598355 0 0 0 0 0 0 0 
_1.ptx 619 : 65536 1531712 19328 0 0 0 0 0 0 
_1.ptx 1443 : 15923 2371096 0 0 0 0 0 0 0 
_1.ptx 620 : 65536 413536 0 0 0 0 0 0 0 
_1.ptx 1444 : 15923 2568515 0 0 0 0 0 0 0 
_1.ptx 621 : 65536 1582720 19328 0 0 0 0 0 0 
_1.ptx 1445 : 15923 101186 0 0 0 0 0 0 0 
_1.ptx 622 : 65536 412416 0 0 0 0 0 0 0 
_1.ptx 1446 : 15923 147460 0 0 0 0 0 0 0 
_1.ptx 623 : 65536 1784640 19328 0 0 0 0 0 0 
_1.ptx 1447 : 15923 138095 0 0 0 0 0 0 0 
_1.ptx 624 : 65536 413984 0 0 0 0 0 0 0 
_1.ptx 1448 : 15923 102128 0 0 0 0 0 0 0 
_1.ptx 625 : 65536 1790368 19200 0 0 0 0 0 0 
_1.ptx 1449 : 15923 148166 0 0 0 0 0 0 0 
_1.ptx 626 : 65536 414816 0 0 0 0 0 0 0 
_1.ptx 1450 : 15923 134188 0 0 0 0 0 0 0 
_1.ptx 627 : 65536 1403360 19200 0 0 0 0 0 0 
_1.ptx 1451 : 15923 102440 0 0 0 0 0 0 0 
_1.ptx 628 : 65536 415136 0 0 0 0 0 0 0 
_1.ptx 1452 : 15923 148619 0 0 0 0 0 0 0 
_1.ptx 629 : 65536 1431776 19200 0 0 0 0 0 0 
_1.ptx 1453 : 15923 125901 0 0 0 0 0 0 0 
_1.ptx 630 : 65536 413920 0 0 0 0 0 0 0 
_1.ptx 1454 : 15923 103993 0 0 0 0 0 0 0 
_1.ptx 631 : 65536 1636416 19200 0 0 0 0 0 0 
_1.ptx 1455 : 15923 147865 0 0 0 0 0 0 0 
_1.ptx 632 : 65536 416000 0 0 0 0 0 0 0 
_1.ptx 1456 : 15923 139885 0 0 0 0 0 0 0 
_1.ptx 633 : 65536 1796352 19200 0 0 0 0 0 0 
_1.ptx 1457 : 15923 166459 0 0 0 0 0 0 0 
_1.ptx 634 : 65536 417088 0 0 0 0 0 0 0 
_1.ptx 1458 : 15923 166253 0 0 0 0 0 0 0 
_1.ptx 635 : 65536 1741760 19200 0 0 0 0 0 0 
_1.ptx 1459 : 15923 106370 0 0 0 0 0 0 0 
_1.ptx 636 : 65536 415680 0 0 0 0 0 0 0 
_1.ptx 1460 : 15923 134398 0 0 0 0 0 0 0 
_1.ptx 637 : 65536 1746656 19200 0 0 0 0 0 0 
_1.ptx 1461 : 15923 35546 0 0 0 0 0 0 386 
_1.ptx 638 : 65536 416032 0 0 0 0 0 0 0 
_1.ptx 639 : 65536 1828480 19200 0 0 0 0 0 0 
_1.ptx 640 : 65536 414176 0 0 0 0 0 0 0 
_1.ptx 1464 : 65536 14073280 0 0 0 4096 2048 0 0 
_1.ptx 641 : 65536 1637952 19200 0 0 0 0 0 0 
_1.ptx 1465 : 65536 5604320 0 0 0 0 0 0 0 
_1.ptx 642 : 65536 417088 0 0 0 0 0 0 0 
_1.ptx 1466 : 65536 488416 0 0 0 0 0 0 0 
_1.ptx 643 : 65536 1288608 19200 0 0 0 0 0 0 
_1.ptx 1467 : 65536 426624 0 0 0 0 0 0 0 
_1.ptx 644 : 65536 417440 0 0 0 0 0 0 0 
_1.ptx 1468 : 65536 736960 0 0 0 0 0 0 0 
_1.ptx 645 : 65536 423808 0 0 0 0 0 0 0 
_1.ptx 1469 : 65536 488352 0 0 0 0 0 0 0 
_1.ptx 646 : 65536 549280 0 0 0 0 0 0 0 
_1.ptx 1470 : 65536 4926464 0 0 0 0 0 0 0 
_1.ptx 647 : 65536 419744 0 0 0 0 0 0 0 
_1.ptx 1471 : 65536 488160 0 0 0 0 0 0 0 
_1.ptx 648 : 65536 423232 0 0 0 0 0 0 0 
_1.ptx 1472 : 65536 424224 0 0 0 0 0 0 0 
_1.ptx 649 : 65536 544864 0 0 0 0 0 0 0 
_1.ptx 1473 : 65536 738560 0 0 0 0 0 0 0 
_1.ptx 650 : 65536 422112 0 0 0 0 0 0 0 
_1.ptx 1474 : 65536 488672 0 0 0 0 0 0 0 
_1.ptx 651 : 65536 736128 0 0 0 0 0 0 0 
_1.ptx 1475 : 65536 487552 0 0 0 0 0 0 0 
_1.ptx 652 : 65536 417888 0 0 0 0 0 0 0 
_1.ptx 1476 : 65536 541248 0 0 0 0 0 0 0 
_1.ptx 653 : 65536 735008 0 0 0 0 0 0 0 
_1.ptx 1477 : 65536 4029472 0 0 0 0 0 0 0 
_1.ptx 654 : 65536 2017184 256 0 0 0 0 0 0 
_1.ptx 1478 : 65536 492128 0 0 0 0 0 0 0 
_1.ptx 655 : 65536 1807552 0 0 0 0 0 0 0 
_1.ptx 1479 : 65536 428256 0 0 0 0 0 0 0 
_1.ptx 656 : 65536 544832 0 0 0 0 0 0 0 
_1.ptx 1480 : 65536 739872 0 0 0 0 0 0 0 
_1.ptx 657 : 65536 488032 0 0 0 0 0 0 0 
_1.ptx 1481 : 65536 488352 0 0 0 0 0 0 0 
_1.ptx 658 : 65536 545600 0 0 0 0 0 0 0 
_1.ptx 1482 : 65536 486272 0 0 0 0 0 0 0 
_1.ptx 659 : 65536 492224 0 0 0 0 0 0 0 
_1.ptx 1483 : 65536 4683584 0 0 0 0 0 0 0 
_1.ptx 660 : 65536 552096 0 0 0 0 0 0 0 
_1.ptx 1484 : 65536 492096 0 0 0 0 0 0 0 
_1.ptx 661 : 65536 420480 0 0 0 0 0 0 0 
_1.ptx 1485 : 65536 432832 0 0 0 0 0 0 0 
_1.ptx 662 : 65536 545888 0 0 0 0 0 0 0 
_1.ptx 1486 : 65536 742080 0 0 0 0 0 0 0 
_1.ptx 663 : 65536 0 0 0 0 0 0 0 0 
_1.ptx 1487 : 65536 488768 0 0 0 0 0 0 0 
_1.ptx 1488 : 65536 489280 0 0 0 0 0 0 0 
_1.ptx 665 : 65536 829312 0 0 0 0 0 0 0 
_1.ptx 1489 : 65536 544640 0 0 0 0 0 0 0 
_1.ptx 666 : 65536 669120 0 0 0 0 0 0 0 
_1.ptx 1490 : 65536 542592 0 0 0 0 0 0 0 
_1.ptx 667 : 65536 737856 0 0 0 0 0 0 0 
_1.ptx 1491 : 65536 737536 0 0 0 0 0 0 0 
_1.ptx 668 : 65536 490208 0 0 0 0 0 0 0 
_1.ptx 1492 : 65536 621376 0 0 0 4096 2048 0 0 
_1.ptx 669 : 65536 730560 0 0 0 0 0 0 0 
_1.ptx 670 : 65536 745600 0 0 0 0 0 0 0 
_1.ptx 671 : 65536 430304 0 0 0 0 0 0 0 
_1.ptx 1495 : 65536 411264 0 0 0 0 0 0 0 
_1.ptx 672 : 65536 1515648 107648 0 0 4096 2048 0 0 
_1.ptx 674 : 65536 2438784 256 0 0 0 0 0 0 
_1.ptx 675 : 65536 2257312 0 0 0 0 0 0 0 
_1.ptx 676 : 65536 647104 0 0 0 0 0 0 0 
_1.ptx 678 : 65536 400960 0 0 0 0 0 0 0 
_1.ptx 679 : 65536 471328 0 0 0 0 0 0 0 
_1.ptx 680 : 65536 749920 0 0 0 0 0 0 0 
_1.ptx 681 : 65536 1347616 0 0 0 0 0 0 0 
_1.ptx 682 : 65536 543936 0 0 0 0 0 0 0 
_1.ptx 683 : 65536 532768 0 0 0 0 0 0 0 
_1.ptx 684 : 65536 502304 0 0 0 0 0 0 0 
_1.ptx 685 : 65536 754688 0 0 0 0 0 0 0 
_1.ptx 686 : 65536 389888 0 0 0 0 0 0 0 
_1.ptx 687 : 65536 767264 0 0 0 0 0 0 0 
_1.ptx 688 : 65536 522880 0 0 0 0 0 0 0 
_1.ptx 689 : 65536 520416 0 0 0 0 0 0 0 
_1.ptx 690 : 65536 520192 0 0 0 0 0 0 0 
_1.ptx 691 : 65536 453632 0 0 0 0 0 0 0 
_1.ptx 692 : 65536 3136352 0 0 0 0 0 0 0 
_1.ptx 693 : 65536 428096 0 0 0 0 0 0 0 
_1.ptx 694 : 65536 743072 0 0 0 0 0 0 0 
_1.ptx 695 : 65536 756128 0 0 0 0 0 0 0 
_1.ptx 696 : 65536 438912 0 0 0 0 0 0 0 
_1.ptx 697 : 65536 750176 0 0 0 0 0 0 0 
_1.ptx 698 : 65536 743712 0 0 0 0 0 0 0 
_1.ptx 699 : 65536 474176 0 0 0 0 0 0 0 
_1.ptx 700 : 65536 742368 0 0 0 0 0 0 0 
_1.ptx 701 : 65536 383744 0 0 0 0 0 0 0 
_1.ptx 702 : 65536 742752 0 0 0 0 0 0 0 
_1.ptx 703 : 65536 335680 0 0 0 0 0 0 0 
_1.ptx 704 : 65536 743904 0 0 0 0 0 0 0 
_1.ptx 705 : 65536 367168 0 0 0 0 0 0 0 
_1.ptx 706 : 65536 743168 0 0 0 0 0 0 0 
_1.ptx 707 : 65536 341728 0 0 0 0 0 0 0 
_1.ptx 708 : 65536 743008 0 0 0 0 0 0 0 
_1.ptx 709 : 65536 366912 0 0 0 0 0 0 0 
_1.ptx 710 : 65536 767072 0 0 0 0 0 0 0 
_1.ptx 711 : 65536 789344 0 0 0 0 0 0 0 
_1.ptx 712 : 65536 796800 0 0 0 0 0 0 0 
_1.ptx 713 : 65536 795552 0 0 0 0 0 0 0 
_1.ptx 714 : 65536 802720 0 0 0 0 0 0 0 
_1.ptx 715 : 65536 819744 0 0 0 0 0 0 0 
_1.ptx 716 : 65536 820192 0 0 0 0 0 0 0 
_1.ptx 717 : 65536 800864 0 0 0 0 0 0 0 
_1.ptx 718 : 65536 797024 0 0 0 0 0 0 0 
_1.ptx 719 : 65536 801184 0 0 0 0 0 0 0 
_1.ptx 720 : 65536 790080 0 0 0 0 0 0 0 
_1.ptx 721 : 65536 788096 0 0 0 0 0 0 0 
_1.ptx 722 : 65536 784416 0 0 0 0 0 0 0 
_1.ptx 723 : 65536 797216 0 0 0 0 0 0 0 
_1.ptx 724 : 65536 643840 0 0 0 0 0 0 0 
_1.ptx 725 : 65536 621632 0 0 0 0 0 0 0 
_1.ptx 726 : 65536 1803680 0 0 0 0 0 0 0 
_1.ptx 727 : 65536 772768 0 0 0 0 0 0 0 
_1.ptx 728 : 65536 771104 0 0 0 0 0 0 0 
_1.ptx 729 : 65536 781376 0 0 0 0 0 0 0 
_1.ptx 731 : 65536 456736 0 0 0 0 0 0 0 
_1.ptx 733 : 65536 495456 0 0 0 0 0 0 0 
_1.ptx 734 : 65536 511616 0 0 0 0 0 0 0 
_1.ptx 735 : 65536 498400 0 0 0 0 0 0 0 
_1.ptx 736 : 65536 490528 0 0 0 0 0 0 0 
_1.ptx 738 : 127467 1006189 0 0 0 0 0 0 0 
_1.ptx 739 : 127467 884154 0 0 0 0 0 0 0 
_1.ptx 740 : 127467 853907 0 0 0 0 0 0 0 
_1.ptx 744 : 509868 3353075 256 0 0 17236 17236 0 0 
_1.ptx 745 : 509868 3139525 0 0 0 17236 17236 0 0 
_1.ptx 746 : 509868 3543945 0 0 0 17236 17236 0 0 
_1.ptx 747 : 509868 2979672 0 0 0 17236 17236 0 0 
_1.ptx 748 : 509868 2772694 0 0 0 17236 17236 0 0 
_1.ptx 749 : 509868 3425526 0 0 0 0 0 0 0 
_1.ptx 750 : 509868 4419367 0 0 0 0 0 0 0 
_1.ptx 751 : 509868 2720077 0 0 0 0 0 0 0 
_1.ptx 753 : 127467 987971 0 0 0 0 0 0 0 
_1.ptx 754 : 127467 872882 0 0 0 0 0 0 0 
_1.ptx 755 : 127467 1089312 0 0 0 0 0 0 0 
_1.ptx 756 : 127467 871600 0 0 0 0 0 0 0 
_1.ptx 761 : 127467 1455994 0 0 0 0 0 0 0 
_1.ptx 762 : 127467 6216335 0 0 0 0 0 0 0 
_1.ptx 763 : 127467 841194 0 0 0 0 0 0 0 
_1.ptx 764 : 127467 858344 0 0 0 0 0 0 0 
_1.ptx 765 : 127467 1083747 0 0 0 0 0 0 0 
_1.ptx 766 : 127467 1210577 0 0 0 0 0 0 0 
_1.ptx 769 : 127467 1017864 0 0 0 0 0 0 0 
_1.ptx 770 : 127467 898044 0 0 0 0 0 0 0 
_1.ptx 773 : 382401 4480200 0 0 0 0 0 0 0 
_1.ptx 774 : 382401 1292923 0 0 0 0 0 0 0 
_1.ptx 775 : 382401 4528545 0 0 0 0 0 0 0 
_1.ptx 776 : 382401 4529670 0 0 0 0 0 0 0 
_1.ptx 777 : 382401 4577818 0 0 0 0 0 0 0 
_1.ptx 778 : 382401 4584820 0 0 0 0 0 0 0 
_1.ptx 779 : 382401 4601294 0 0 0 0 0 0 0 
_1.ptx 780 : 382401 4597430 0 0 0 0 0 0 0 
_1.ptx 781 : 382401 3758388 0 0 0 0 0 0 0 
_1.ptx 782 : 382401 3843823 0 0 0 0 0 0 0 
_1.ptx 783 : 382401 3738982 0 0 0 0 0 0 0 
_1.ptx 784 : 382401 3835318 0 0 0 0 0 0 0 
_1.ptx 785 : 382401 3395564 0 0 0 0 0 0 0 
_1.ptx 786 : 382401 3167883 0 0 0 0 0 0 0 
_1.ptx 787 : 382401 2777551 0 0 0 0 0 0 0 
_1.ptx 788 : 382401 3392379 0 0 0 0 0 0 0 
_1.ptx 789 : 382401 3156173 0 0 0 0 0 0 0 
_1.ptx 790 : 382401 3409202 0 0 0 0 0 0 0 
_1.ptx 791 : 382401 2794184 0 0 0 0 0 0 0 
_1.ptx 792 : 382401 3391130 0 0 0 0 0 0 0 
_1.ptx 793 : 382401 2000941 0 0 0 0 0 0 1523 
_1.ptx 794 : 105477 777556 0 0 0 0 0 0 0 
_1.ptx 795 : 105477 767801 0 0 0 0 0 0 0 
_1.ptx 797 : 276924 3272016 0 0 0 0 0 0 0 
_1.ptx 798 : 276924 3266457 0 0 0 0 0 0 0 
_1.ptx 799 : 276924 2437501 0 0 0 0 0 0 0 
_1.ptx 800 : 276924 140430 0 0 0 0 0 0 715 
_1.ptx 801 : 257599 1869066 0 0 0 0 0 0 0 
_1.ptx 802 : 257599 1886529 0 0 0 0 0 0 0 
_1.ptx 805 : 19325 226126 0 0 0 0 0 0 0 
_1.ptx 806 : 19325 338353 0 0 0 0 0 0 0 
_1.ptx 807 : 19325 226433 0 0 0 0 0 0 0 
_1.ptx 808 : 19325 231438 0 0 0 0 0 0 0 
_1.ptx 809 : 19325 185723 0 0 0 0 0 0 0 
_1.ptx 813 : 382401 3177591 0 0 0 0 0 0 0 
_1.ptx 815 : 509868 3647560 0 0 0 0 0 0 0 
_1.ptx 816 : 509868 4421262 0 0 0 0 0 0 0 
_1.ptx 817 : 509868 4098331 0 0 0 0 0 0 0 
_1.ptx 818 : 509868 4416304 0 0 0 0 0 0 0 
_1.ptx 819 : 509868 4109795 0 0 0 0 0 0 0 
_1.ptx 820 : 509868 4477041 0 0 0 0 0 0 0 
_1.ptx 821 : 509868 3569661 0 0 0 0 0 0 0 
_1.ptx 822 : 509868 4438907 0 0 0 0 0 0 0 
