kernel line : count latency dram_traffic smem_bk_conflicts smem_warp gmem_access_generated gmem_warp exposed_latency warp_divergence
_1.ptx 200 : 61440 461536 0 0 0 0 0 0 0 
_1.ptx 68 : 61440 430208 0 0 0 0 0 0 0 
_1.ptx 69 : 61440 441440 0 0 0 0 0 0 0 
_1.ptx 70 : 61440 1906528 0 0 0 0 0 0 0 
_1.ptx 71 : 61440 415200 0 0 0 0 0 0 0 
_1.ptx 72 : 61440 724608 0 0 0 0 0 0 0 
_1.ptx 73 : 61440 513408 0 0 0 0 0 0 0 
_1.ptx 74 : 61440 6220928 128 0 0 0 0 0 0 
_1.ptx 75 : 61440 558048 0 0 0 0 0 0 0 
_1.ptx 76 : 61440 0 0 0 0 0 0 0 0 
_1.ptx 77 : 61440 2281632 0 0 0 0 0 0 0 
_1.ptx 78 : 61440 458304 0 0 0 0 0 0 0 
_1.ptx 79 : 61440 889312 0 0 0 0 0 0 0 
_1.ptx 80 : 61440 471328 0 0 0 0 0 0 0 
_1.ptx 81 : 61440 2053024 0 0 0 0 0 0 0 
_1.ptx 82 : 61440 494560 0 0 0 0 0 0 0 
_1.ptx 83 : 61440 2031104 0 0 0 0 0 0 0 
_1.ptx 84 : 61440 491776 0 0 0 0 0 0 0 
_1.ptx 85 : 61440 2650784 0 0 0 0 0 0 0 
_1.ptx 86 : 61440 592928 0 0 0 0 0 0 0 
_1.ptx 87 : 61440 2106176 0 0 0 0 0 0 0 
_1.ptx 88 : 61440 719424 0 0 0 0 0 0 0 
_1.ptx 89 : 61440 2204544 0 0 0 0 0 0 0 
_1.ptx 90 : 61440 2359392 0 0 0 0 0 0 0 
_1.ptx 91 : 61440 720288 0 0 0 0 0 0 0 
_1.ptx 92 : 61440 2285120 0 0 0 0 0 0 0 
_1.ptx 93 : 61440 722528 0 0 0 0 0 0 0 
_1.ptx 94 : 61440 2363040 0 0 0 0 0 0 0 
_1.ptx 95 : 61440 723232 0 0 0 0 0 0 0 
_1.ptx 96 : 61440 2330656 0 0 0 0 0 0 0 
_1.ptx 97 : 61440 720896 0 0 0 0 0 0 0 
_1.ptx 101 : 2000000 1544189056 8000000 0 0 62500 62500 0 0 
_1.ptx 102 : 2000000 1535610144 8000000 0 0 62500 62500 0 0 
_1.ptx 103 : 2000000 1540864448 8000000 0 0 62500 62500 0 0 
_1.ptx 104 : 2000000 24904736 0 0 0 0 0 0 0 
_1.ptx 105 : 2000000 142592064 0 0 0 0 0 0 0 
_1.ptx 106 : 2000000 69875872 0 0 0 0 0 0 0 
_1.ptx 107 : 2000000 15789632 0 0 0 0 0 0 0 
_1.ptx 108 : 2000000 71810336 0 0 0 0 0 0 0 
_1.ptx 109 : 2000000 24595776 0 0 0 0 0 0 0 
_1.ptx 110 : 2000000 13478112 0 0 0 0 0 0 0 
_1.ptx 111 : 2000000 24817440 0 0 0 0 0 0 0 
_1.ptx 112 : 2000000 13800384 0 0 0 0 0 0 0 
_1.ptx 113 : 2000000 24444800 0 0 0 0 0 0 0 
_1.ptx 114 : 2000000 71969536 0 0 0 0 0 0 0 
_1.ptx 115 : 2000000 18913568 0 0 0 0 0 0 0 
_1.ptx 116 : 2000000 24160256 0 0 0 0 0 0 0 
_1.ptx 117 : 2000000 133920352 0 0 0 0 0 0 0 
_1.ptx 118 : 2000000 23427424 0 0 0 0 0 0 0 
_1.ptx 119 : 2000000 23228096 0 0 0 0 0 0 0 
_1.ptx 120 : 2000000 13551392 0 0 0 0 0 0 0 
_1.ptx 121 : 2000000 17469600 0 0 0 0 0 0 0 
_1.ptx 122 : 2000000 13837856 0 0 0 0 0 0 0 
_1.ptx 123 : 2000000 23842912 0 0 0 0 0 0 0 
_1.ptx 124 : 2000000 16984640 0 0 0 0 0 0 0 
_1.ptx 125 : 2000000 14448416 0 0 0 0 0 0 0 
_1.ptx 126 : 2000000 17329888 0 0 0 0 0 0 0 
_1.ptx 127 : 2000000 14095424 0 0 0 0 0 0 0 
_1.ptx 128 : 2000000 23682240 0 0 0 0 0 0 0 
_1.ptx 129 : 2000000 15947328 0 0 0 0 0 0 0 
_1.ptx 130 : 2000000 24040960 0 0 0 0 0 0 0 
_1.ptx 131 : 2000000 14510016 0 0 0 0 0 0 0 
_1.ptx 132 : 2000000 14830944 0 0 0 0 0 0 0 
_1.ptx 133 : 2000000 19271264 0 0 0 0 0 0 0 
_1.ptx 134 : 2000000 24366752 0 0 0 0 0 0 0 
_1.ptx 135 : 2000000 14753568 0 0 0 0 0 0 0 
_1.ptx 136 : 2000000 15095904 0 0 0 0 0 0 0 
_1.ptx 137 : 2000000 18995232 0 0 0 0 0 0 0 
_1.ptx 138 : 2000000 13503936 0 0 0 0 0 0 0 
_1.ptx 139 : 2000000 24010752 0 0 0 0 0 0 0 
_1.ptx 140 : 2000000 70424160 0 0 0 0 0 0 0 
_1.ptx 141 : 2000000 13727616 0 0 0 0 0 0 0 
_1.ptx 142 : 2000000 24141120 0 0 0 0 0 0 0 
_1.ptx 143 : 2000000 85286848 0 0 0 0 0 0 0 
_1.ptx 144 : 2000000 82992224 0 0 0 0 0 0 0 
_1.ptx 145 : 2000000 13654880 0 0 0 0 0 0 0 
_1.ptx 146 : 2000000 14017600 0 0 0 0 0 0 0 
_1.ptx 147 : 2000000 18964160 0 0 0 0 0 0 0 
_1.ptx 148 : 2000000 92791968 0 0 0 0 0 0 0 
_1.ptx 149 : 2000000 13949696 0 0 0 0 0 0 0 
_1.ptx 150 : 2000000 14202080 0 0 0 0 0 0 0 
_1.ptx 151 : 2000000 18949440 0 0 0 0 0 0 0 
_1.ptx 152 : 2000000 13523392 0 0 0 0 0 0 0 
_1.ptx 153 : 2000000 24015936 0 0 0 0 0 0 0 
_1.ptx 154 : 2000000 13508128 0 0 0 0 0 0 0 
_1.ptx 155 : 2000000 18968160 0 0 0 0 0 0 0 
_1.ptx 156 : 2000000 13450880 0 0 0 0 0 0 0 
_1.ptx 157 : 2000000 23960672 0 0 0 0 0 0 0 
_1.ptx 158 : 2000000 13447392 0 0 0 0 0 0 0 
_1.ptx 159 : 2000000 18952032 0 0 0 0 0 0 0 
_1.ptx 160 : 2000000 13402144 0 0 0 0 0 0 0 
_1.ptx 161 : 2000000 18903456 0 0 0 0 0 0 0 
_1.ptx 162 : 2000000 13358208 0 0 0 0 0 0 0 
_1.ptx 163 : 2000000 19029504 0 0 0 0 0 0 0 
_1.ptx 164 : 2000000 13367840 0 0 0 0 0 0 0 
_1.ptx 165 : 2000000 18913280 0 0 0 0 0 0 0 
_1.ptx 166 : 2000000 13381984 0 0 0 0 0 0 0 
_1.ptx 167 : 2000000 18874048 0 0 0 0 0 0 0 
_1.ptx 168 : 2000000 23777504 0 0 0 0 0 0 0 
_1.ptx 169 : 2000000 23821440 0 0 0 0 0 0 0 
_1.ptx 170 : 2000000 23818080 0 0 0 0 0 0 0 
_1.ptx 171 : 2000000 24073760 0 0 0 0 0 0 0 
_1.ptx 172 : 2000000 13566496 0 0 0 0 0 0 0 
_1.ptx 173 : 2000000 23191424 0 0 0 0 0 0 0 
_1.ptx 174 : 2000000 13503904 0 0 0 0 0 0 0 
_1.ptx 175 : 2000000 22927616 0 0 0 0 0 0 0 
_1.ptx 176 : 2000000 19023232 0 0 0 0 0 0 0 
_1.ptx 177 : 2000000 18861984 0 0 0 0 0 0 0 
_1.ptx 178 : 2000000 23621472 0 0 0 0 0 0 0 
_1.ptx 179 : 2000000 24047456 0 0 0 0 0 0 0 
_1.ptx 180 : 2000000 22981920 0 0 0 0 0 0 0 
_1.ptx 181 : 2000000 109465472 8000000 0 0 62500 62500 0 0 
_1.ptx 182 : 2000000 13893888 0 0 0 0 0 0 0 
_1.ptx 183 : 2000000 23527520 0 0 0 0 0 0 0 
_1.ptx 184 : 2000000 25335584 0 0 0 0 0 0 0 
_1.ptx 185 : 2000000 14800608 0 0 0 0 0 0 0 
_1.ptx 186 : 2000000 23495776 0 0 0 0 0 0 0 
_1.ptx 187 : 2000000 24586816 0 0 0 0 0 0 0 
_1.ptx 188 : 2000000 23313280 0 0 0 0 0 0 0 
_1.ptx 189 : 2000000 118991264 8000000 0 0 62500 62500 0 0 
_1.ptx 190 : 2000000 23189984 0 0 0 0 0 0 0 
_1.ptx 191 : 2000000 23556576 0 0 0 0 0 0 0 
_1.ptx 192 : 2000000 23909760 0 0 0 0 0 0 0 
_1.ptx 193 : 2000000 24395296 0 0 0 0 0 0 0 
_1.ptx 194 : 2000000 24957920 0 0 0 0 0 0 0 
_1.ptx 195 : 2000000 24746944 0 0 0 0 0 0 0 
_1.ptx 196 : 2000000 19293856 0 0 0 0 0 0 0 
_1.ptx 197 : 2000000 14413792 0 0 0 0 0 0 0 
