kernel line : count latency dram_traffic smem_bk_conflicts smem_warp gmem_access_generated gmem_warp exposed_latency warp_divergence
_1.ptx 823 : 509868 3050570 0 0 0 0 0 0 1125 
_1.ptx 825 : 74702 591629 0 0 0 0 0 0 0 
_1.ptx 827 : 74702 614178 0 0 0 0 0 0 0 
_1.ptx 829 : 509868 5548941 0 0 0 0 0 0 0 
_1.ptx 830 : 509868 5594669 0 0 0 0 0 0 0 
_1.ptx 831 : 509868 3776682 0 0 0 0 0 0 0 
_1.ptx 832 : 509868 4462940 0 0 0 0 0 0 0 
_1.ptx 833 : 509868 2652228 0 0 0 0 0 0 0 
_1.ptx 834 : 127467 906731 0 0 0 0 0 0 0 
_1.ptx 835 : 127467 1101897 0 0 0 0 0 0 0 
_1.ptx 836 : 127467 1020491 0 0 0 0 0 0 0 
_1.ptx 837 : 127467 894857 0 0 0 0 0 0 0 
_1.ptx 838 : 127467 1101896 0 0 0 0 0 0 0 
_1.ptx 839 : 127467 1004745 0 0 0 0 0 0 0 
_1.ptx 840 : 127467 1100627 0 0 0 0 0 0 0 
_1.ptx 841 : 127467 887126 0 0 0 0 0 0 0 
_1.ptx 842 : 127467 1090761 0 0 0 0 0 0 0 
_1.ptx 843 : 127467 443422 0 0 0 0 0 0 631 
_1.ptx 845 : 62282 682082 0 0 0 0 0 0 0 
_1.ptx 847 : 62282 511293 0 0 0 0 0 0 0 
_1.ptx 848 : 62282 489743 0 0 0 0 0 0 0 
_1.ptx 849 : 62282 805222 0 0 0 0 0 0 0 
_1.ptx 850 : 62282 717723 0 0 0 0 0 0 0 
_1.ptx 851 : 62282 314827 0 0 0 2349 2349 0 0 
_1.ptx 852 : 62282 312832 0 0 0 2349 2349 0 0 
_1.ptx 853 : 62282 312745 0 0 0 2544 2349 0 0 
_1.ptx 854 : 62282 315580 0 0 0 2544 2349 0 0 
_1.ptx 855 : 62282 306535 0 0 0 2544 2349 0 0 
_1.ptx 856 : 62282 306004 0 0 0 2544 2349 0 0 
_1.ptx 857 : 62282 295196 0 0 0 2544 2349 0 0 
_1.ptx 859 : 62282 704680 0 0 0 0 0 0 0 
_1.ptx 860 : 62282 707058 0 0 0 0 0 0 0 
_1.ptx 861 : 62282 712333 0 0 0 0 0 0 0 
_1.ptx 862 : 62282 718082 0 0 0 0 0 0 0 
_1.ptx 863 : 62282 726541 0 0 0 0 0 0 0 
_1.ptx 864 : 62282 720561 0 0 0 0 0 0 0 
_1.ptx 865 : 62282 334825 0 0 0 2544 2349 0 0 
_1.ptx 866 : 62282 439432 0 0 0 0 0 0 0 
_1.ptx 867 : 62282 538160 0 0 0 0 0 0 0 
_1.ptx 868 : 62282 128430 0 0 0 0 0 0 305 
_1.ptx 870 : 43133 310351 0 0 0 0 0 0 0 
_1.ptx 871 : 43133 308838 0 0 0 0 0 0 0 
_1.ptx 872 : 43133 312762 0 0 0 0 0 0 0 
_1.ptx 873 : 43133 302103 0 0 0 0 0 0 0 
_1.ptx 875 : 19149 78312 0 0 0 0 0 0 0 
_1.ptx 876 : 19149 219292 0 0 0 0 0 0 0 
_1.ptx 877 : 19149 220556 0 0 0 0 0 0 0 
_1.ptx 878 : 19149 223860 0 0 0 0 0 0 0 
_1.ptx 879 : 19149 225882 0 0 0 0 0 0 0 
_1.ptx 880 : 19149 228424 0 0 0 0 0 0 0 
_1.ptx 881 : 19149 185004 0 0 0 0 0 0 0 
_1.ptx 882 : 19149 187277 0 0 0 0 0 0 0 
_1.ptx 883 : 19149 610781 0 0 0 0 0 0 0 
_1.ptx 884 : 19149 259543 0 0 0 0 0 0 0 
_1.ptx 885 : 19149 247192 0 0 0 0 0 0 0 
_1.ptx 886 : 19149 235337 0 0 0 0 0 0 0 
_1.ptx 888 : 62282 726874 0 0 0 0 0 0 0 
_1.ptx 889 : 62282 728103 0 0 0 0 0 0 0 
_1.ptx 890 : 62282 746534 0 0 0 0 0 0 0 
_1.ptx 891 : 62282 779408 0 0 0 0 0 0 0 
_1.ptx 892 : 62282 613223 0 0 0 0 0 0 0 
_1.ptx 893 : 62282 602297 0 0 0 0 0 0 0 
_1.ptx 894 : 62282 2000456 0 0 0 0 0 0 0 
_1.ptx 895 : 62282 734223 0 0 0 0 0 0 0 
_1.ptx 896 : 62282 732137 0 0 0 0 0 0 0 
_1.ptx 897 : 62282 742548 0 0 0 0 0 0 0 
_1.ptx 898 : 62282 715134 0 0 0 0 0 0 0 
_1.ptx 899 : 62282 600199 0 0 0 0 0 0 0 
_1.ptx 900 : 62282 597286 0 0 0 0 0 0 0 
_1.ptx 901 : 62282 426935 0 0 0 0 0 0 0 
_1.ptx 902 : 62282 538169 0 0 0 0 0 0 0 
_1.ptx 903 : 62282 432735 0 0 0 0 0 0 0 
_1.ptx 910 : 62282 486907 0 0 0 0 0 0 0 
_1.ptx 911 : 62282 491984 0 0 0 0 0 0 0 
_1.ptx 912 : 62282 502058 0 0 0 0 0 0 0 
_1.ptx 915 : 62282 450087 0 0 0 0 0 0 0 
_1.ptx 916 : 62282 725887 0 0 0 0 0 0 0 
_1.ptx 917 : 62282 494029 0 0 0 0 0 0 0 
_1.ptx 918 : 62282 943666 0 0 0 0 0 0 0 
_1.ptx 919 : 62282 710321 0 0 0 0 0 0 0 
_1.ptx 920 : 62282 529968 25344 0 0 0 0 0 0 
_1.ptx 921 : 62282 415783 0 0 0 0 0 0 0 
_1.ptx 922 : 62282 713671 0 0 0 0 0 0 0 
_1.ptx 923 : 62282 721901 49536 0 0 0 0 0 0 
_1.ptx 924 : 62282 411060 0 0 0 0 0 0 0 
_1.ptx 925 : 62282 714459 0 0 0 0 0 0 0 
_1.ptx 926 : 62282 926685 24544 0 0 0 0 0 0 
_1.ptx 927 : 62282 404960 0 0 0 0 0 0 0 
_1.ptx 928 : 62282 709772 0 0 0 0 0 0 0 
_1.ptx 929 : 62282 991037 18432 0 0 0 0 0 0 
_1.ptx 931 : 62282 408231 0 0 0 0 0 0 0 
_1.ptx 932 : 62282 713794 0 0 0 0 0 0 0 
_1.ptx 933 : 62282 420063 0 0 0 0 0 0 0 
_1.ptx 934 : 62282 709816 0 0 0 0 0 0 0 
_1.ptx 935 : 62282 409048 0 0 0 0 0 0 0 
_1.ptx 936 : 62282 718790 0 0 0 0 0 0 0 
_1.ptx 937 : 62282 751931 0 0 0 0 0 0 0 
_1.ptx 938 : 62282 607168 0 0 0 0 0 0 0 
_1.ptx 939 : 62282 595976 0 0 0 0 0 0 0 
_1.ptx 940 : 62282 2356951 0 0 0 0 0 0 0 
_1.ptx 941 : 62282 770072 0 0 0 0 0 0 0 
_1.ptx 942 : 62282 764135 0 0 0 0 0 0 0 
_1.ptx 943 : 62282 799514 0 0 0 0 0 0 0 
_1.ptx 944 : 62282 777344 0 0 0 0 0 0 0 
_1.ptx 945 : 62282 602444 0 0 0 0 0 0 0 
_1.ptx 946 : 62282 600035 0 0 0 0 0 0 0 
_1.ptx 947 : 62282 437978 0 0 0 0 0 0 0 
_1.ptx 948 : 62282 544226 0 0 0 0 0 0 0 
_1.ptx 949 : 62282 37534 0 0 0 0 0 0 318 
_1.ptx 951 : 56815 446086 0 0 0 0 0 0 0 
_1.ptx 952 : 56815 356197 0 0 0 0 0 0 0 
_1.ptx 955 : 220903 1034218 0 0 0 8579 8579 0 0 
_1.ptx 956 : 220903 1046224 128 0 0 8579 8579 0 0 
_1.ptx 957 : 220903 1023396 0 0 0 8579 8579 0 0 
_1.ptx 958 : 220903 1015867 0 0 0 8579 8579 0 0 
_1.ptx 959 : 220903 1474169 0 0 0 0 0 0 0 
_1.ptx 960 : 220903 1891026 0 0 0 0 0 0 0 
_1.ptx 961 : 220903 1136567 0 0 0 0 0 0 0 
_1.ptx 963 : 56815 434197 0 0 0 0 0 0 0 
_1.ptx 964 : 56815 377862 0 0 0 0 0 0 0 
_1.ptx 965 : 56815 478561 0 0 0 0 0 0 0 
_1.ptx 966 : 56815 371688 0 0 0 0 0 0 0 
_1.ptx 971 : 56815 365672 0 0 0 0 0 0 0 
_1.ptx 972 : 56815 526518 0 0 0 0 0 0 0 
_1.ptx 973 : 56815 638901 0 0 0 0 0 0 0 
_1.ptx 974 : 56815 3300714 0 0 0 0 0 0 0 
_1.ptx 976 : 56815 372706 0 0 0 0 0 0 0 
_1.ptx 977 : 56815 376568 0 0 0 0 0 0 0 
_1.ptx 978 : 56815 486535 0 0 0 0 0 0 0 
_1.ptx 979 : 56815 530454 0 0 0 0 0 0 0 
_1.ptx 982 : 56815 437252 0 0 0 0 0 0 0 
_1.ptx 983 : 56815 382792 0 0 0 0 0 0 0 
_1.ptx 986 : 164088 755147 0 0 0 6402 6402 0 0 
_1.ptx 987 : 164088 628463 0 0 0 0 0 0 0 
_1.ptx 988 : 164088 1940910 0 0 0 0 0 0 0 
_1.ptx 989 : 164088 1157061 0 0 0 0 0 0 0 
_1.ptx 990 : 164088 1950865 0 0 0 0 0 0 0 
_1.ptx 991 : 164088 1185513 0 0 0 0 0 0 0 
_1.ptx 992 : 164088 1960280 0 0 0 0 0 0 0 
_1.ptx 993 : 164088 1206354 0 0 0 0 0 0 0 
_1.ptx 994 : 164088 1962755 0 0 0 0 0 0 0 
_1.ptx 995 : 164088 1954705 0 0 0 0 0 0 0 
_1.ptx 996 : 164088 1989104 0 0 0 0 0 0 0 
_1.ptx 997 : 164088 1984491 0 0 0 0 0 0 0 
_1.ptx 998 : 164088 1989107 0 0 0 0 0 0 0 
_1.ptx 999 : 164088 1981934 0 0 0 0 0 0 0 
_1.ptx 1000 : 164088 1996895 0 0 0 0 0 0 0 
_1.ptx 1001 : 164088 2013943 0 0 0 0 0 0 0 
_1.ptx 1002 : 164088 1673333 0 0 0 0 0 0 0 
_1.ptx 1003 : 164088 1664912 0 0 0 0 0 0 0 
_1.ptx 1004 : 164088 1991806 0 0 0 0 0 0 0 
_1.ptx 1005 : 164088 1644800 0 0 0 0 0 0 0 
_1.ptx 1006 : 164088 1637156 0 0 0 0 0 0 0 
_1.ptx 1007 : 164088 2001937 0 0 0 0 0 0 0 
_1.ptx 1008 : 164088 1499510 0 0 0 0 0 0 0 
_1.ptx 1009 : 164088 1390002 0 0 0 0 0 0 0 
_1.ptx 1010 : 164088 1179823 0 0 0 0 0 0 0 
_1.ptx 1011 : 164088 1457767 0 0 0 0 0 0 0 
_1.ptx 1012 : 164088 1356758 0 0 0 0 0 0 0 
_1.ptx 1013 : 164088 1468621 0 0 0 0 0 0 0 
_1.ptx 1014 : 164088 1201766 0 0 0 0 0 0 0 
_1.ptx 1015 : 164088 1459298 0 0 0 0 0 0 0 
_1.ptx 1016 : 164088 831100 0 0 0 0 0 0 965 
_1.ptx 1017 : 50431 370499 0 0 0 0 0 0 0 
_1.ptx 1018 : 50431 364891 0 0 0 0 0 0 0 
_1.ptx 1020 : 113657 1354490 0 0 0 0 0 0 0 
_1.ptx 1021 : 113657 1354508 0 0 0 0 0 0 0 
_1.ptx 1022 : 113657 1023484 0 0 0 0 0 0 0 
_1.ptx 1023 : 113657 44652 0 0 0 0 0 0 344 
_1.ptx 1024 : 107587 799983 0 0 0 0 0 0 0 
_1.ptx 1025 : 107587 811129 0 0 0 0 0 0 0 
_1.ptx 1028 : 6070 72524 0 0 0 0 0 0 0 
_1.ptx 1029 : 6070 120067 0 0 0 0 0 0 0 
_1.ptx 1030 : 6070 72793 0 0 0 0 0 0 0 
_1.ptx 1031 : 6070 74421 0 0 0 0 0 0 0 
_1.ptx 1032 : 6070 60006 0 0 0 0 0 0 0 
_1.ptx 1036 : 164088 1372487 0 0 0 0 0 0 0 
_1.ptx 1039 : 220903 1585114 0 0 0 0 0 0 0 
_1.ptx 1040 : 220903 1926560 0 0 0 0 0 0 0 
_1.ptx 1041 : 220903 1515128 0 0 0 0 0 0 370 
_1.ptx 1042 : 6068 73476 0 0 0 0 0 0 0 
_1.ptx 1043 : 6068 73292 0 0 0 0 0 0 0 
_1.ptx 1044 : 6068 74301 0 0 0 0 0 0 0 
_1.ptx 1045 : 6068 72619 0 0 0 0 0 0 0 
_1.ptx 1046 : 6068 72939 0 0 0 0 0 0 0 
_1.ptx 1047 : 6068 72573 0 0 0 0 0 0 0 
_1.ptx 1048 : 6068 74238 0 0 0 0 0 0 0 
_1.ptx 1049 : 6068 60173 0 0 0 0 0 0 0 
_1.ptx 1050 : 6068 60102 0 0 0 0 0 0 0 
_1.ptx 1051 : 6068 55755 0 0 0 0 0 0 0 
_1.ptx 1052 : 6068 45643 0 0 0 0 0 0 0 
_1.ptx 1057 : 220903 2400525 0 0 0 0 0 0 0 
_1.ptx 1058 : 220903 2409095 0 0 0 0 0 0 0 
_1.ptx 1059 : 220903 1685652 0 0 0 0 0 0 0 
_1.ptx 1060 : 220903 1942314 0 0 0 0 0 0 0 
_1.ptx 1061 : 220903 375656 0 0 0 0 0 0 0 
_1.ptx 1062 : 169119 1240689 0 0 0 0 0 0 0 
_1.ptx 1063 : 169119 1461731 0 0 0 0 0 0 0 
_1.ptx 1064 : 169119 1135268 0 0 0 0 0 0 295 
_1.ptx 1065 : 5031 35588 0 0 0 0 0 0 0 
_1.ptx 1067 : 51784 374497 0 0 0 0 0 0 0 
_1.ptx 1068 : 51784 461453 0 0 0 0 0 0 0 
_1.ptx 1071 : 56815 43605 0 0 0 0 0 0 318 
_1.ptx 1073 : 50745 600115 0 0 0 0 0 0 0 
_1.ptx 1074 : 50745 603772 0 0 0 0 0 0 0 
_1.ptx 1075 : 50745 608106 0 0 0 0 0 0 0 
_1.ptx 1076 : 50745 633713 0 0 0 0 0 0 0 
_1.ptx 1077 : 50745 502692 0 0 0 0 0 0 0 
_1.ptx 1078 : 50745 497458 0 0 0 0 0 0 0 
_1.ptx 1079 : 50745 1234803 0 0 0 0 0 0 0 
_1.ptx 1081 : 50745 375942 0 0 0 0 0 0 0 
_1.ptx 1082 : 50745 1077999 0 0 0 0 0 0 0 
_1.ptx 1083 : 50745 411247 0 0 0 0 0 0 0 
_1.ptx 1084 : 50745 733488 0 0 0 0 0 0 0 
_1.ptx 1085 : 50745 649130 0 0 0 0 0 0 0 
_1.ptx 1086 : 50745 602729 0 0 0 0 0 0 0 
_1.ptx 1087 : 50745 355192 128 0 0 0 0 0 0 
_1.ptx 1088 : 50745 365051 0 0 0 0 0 0 0 
_1.ptx 1089 : 50745 591278 0 0 0 0 0 0 0 
_1.ptx 1090 : 50745 598680 0 0 0 0 0 0 0 
_1.ptx 1091 : 50745 600472 0 0 0 0 0 0 0 
_1.ptx 1092 : 50745 368351 128 0 0 0 0 0 0 
_1.ptx 1093 : 50745 366247 0 0 0 0 0 0 0 
_1.ptx 1094 : 50745 595948 0 0 0 0 0 0 0 
_1.ptx 1095 : 50745 603477 0 0 0 0 0 0 0 
_1.ptx 1096 : 50745 606135 0 0 0 0 0 0 0 
_1.ptx 1097 : 50745 685795 0 0 0 0 0 0 0 
_1.ptx 1098 : 50745 364217 0 0 0 0 0 0 0 
_1.ptx 1099 : 50745 595889 0 0 0 0 0 0 0 
_1.ptx 1100 : 50745 494397 0 0 0 0 0 0 0 
_1.ptx 1101 : 50745 711333 0 0 0 0 0 0 0 
_1.ptx 1103 : 50745 587566 0 0 0 0 0 0 0 
_1.ptx 1104 : 50745 590508 0 0 0 0 0 0 0 
_1.ptx 1105 : 50745 590914 0 0 0 0 0 0 0 
_1.ptx 1106 : 50745 500195 0 0 0 0 0 0 0 
_1.ptx 1107 : 50745 612592 0 0 0 0 0 0 0 
_1.ptx 1108 : 50745 508930 0 0 0 0 0 0 0 
_1.ptx 1109 : 50745 382933 0 0 0 0 0 0 0 
_1.ptx 1110 : 50745 1097120 0 0 0 0 0 0 0 
_1.ptx 1111 : 50745 418977 0 0 0 0 0 0 0 
_1.ptx 1112 : 50745 1103274 0 0 0 0 0 0 0 
_1.ptx 1113 : 50745 425295 0 0 0 0 0 0 0 
_1.ptx 1114 : 50745 468011 0 0 0 0 0 0 0 
_1.ptx 1115 : 50745 376610 0 0 0 0 0 0 0 
_1.ptx 1121 : 50745 417429 0 0 0 0 0 0 0 
_1.ptx 1122 : 50745 368892 0 0 0 0 0 0 0 
_1.ptx 1123 : 50745 435435 0 0 0 0 0 0 0 
_1.ptx 1124 : 50745 0 0 0 0 0 0 0 0 
_1.ptx 1125 : 50745 331292 0 0 0 0 0 0 0 
_1.ptx 1133 : 50745 325202 0 0 0 0 0 0 0 
_1.ptx 1134 : 50745 423034 0 0 0 0 0 0 0 
_1.ptx 1135 : 50745 336749 0 0 0 0 0 0 0 
_1.ptx 1140 : 50745 329715 0 0 0 0 0 0 0 
_1.ptx 1141 : 50745 423206 0 0 0 0 0 0 0 
_1.ptx 1142 : 50745 336090 0 0 0 0 0 0 0 
_1.ptx 1157 : 50745 334265 0 0 0 0 0 0 0 
_1.ptx 1158 : 50745 428938 0 0 0 0 0 0 0 
_1.ptx 1159 : 50745 332843 0 0 0 0 0 0 0 
_1.ptx 1181 : 50745 328867 0 0 0 0 0 0 0 
_1.ptx 1182 : 50745 427428 0 0 0 0 0 0 0 
_1.ptx 1183 : 50745 332682 0 0 0 0 0 0 0 
_1.ptx 1196 : 50745 377925 0 0 0 0 0 0 0 
_1.ptx 1197 : 50745 380936 0 0 0 0 0 0 0 
_1.ptx 1198 : 50745 385272 0 0 0 0 0 0 0 
_1.ptx 1199 : 50745 389271 0 0 0 0 0 0 0 
_1.ptx 1200 : 50745 346892 0 0 0 0 0 0 0 
_1.ptx 1201 : 50745 432484 0 0 0 0 0 0 0 
_1.ptx 1202 : 50745 336111 0 0 0 0 0 0 0 
_1.ptx 1213 : 50745 424864 0 0 0 0 0 0 0 
_1.ptx 1216 : 50745 577826 0 0 0 0 0 0 0 
_1.ptx 1218 : 50745 428752 0 0 0 0 0 0 0 
_1.ptx 1219 : 50745 403990 0 0 0 0 0 0 0 
_1.ptx 1220 : 50745 399380 0 0 0 0 0 0 0 
_1.ptx 1221 : 50745 408093 0 0 0 0 0 0 0 
_1.ptx 1222 : 50745 359787 0 0 0 0 0 0 0 
_1.ptx 1223 : 50745 443006 0 0 0 0 0 0 0 
_1.ptx 1224 : 50745 212441 0 0 0 0 0 0 727 
_1.ptx 1226 : 21083 157851 0 0 0 0 0 0 0 
_1.ptx 1227 : 21083 252037 0 0 0 0 0 0 0 
_1.ptx 1229 : 21083 240961 0 0 0 0 0 0 0 
_1.ptx 1232 : 50745 393269 0 0 0 0 0 0 0 
_1.ptx 1233 : 50745 594636 0 0 0 0 0 0 0 
_1.ptx 1234 : 50745 331945 0 0 0 0 0 0 0 
_1.ptx 1235 : 50745 587967 0 0 0 0 0 0 0 
_1.ptx 1236 : 50745 613856 0 0 0 0 0 0 0 
_1.ptx 1237 : 50745 475427 0 0 0 0 0 0 0 
_1.ptx 1238 : 50745 2455487 0 0 0 0 0 0 0 
_1.ptx 1239 : 50745 408831 0 0 0 0 0 0 0 
_1.ptx 1240 : 50745 620606 0 0 0 0 0 0 0 
_1.ptx 1241 : 50745 407334 0 0 0 0 0 0 0 
_1.ptx 1242 : 50745 412914 0 0 0 0 0 0 0 
_1.ptx 1243 : 50745 410945 0 0 0 0 0 0 0 
_1.ptx 1244 : 50745 408450 0 0 0 0 0 0 0 
_1.ptx 1245 : 50745 412520 0 0 0 0 0 0 0 
_1.ptx 1246 : 50745 588400 0 0 0 0 0 0 0 
_1.ptx 1247 : 50745 592125 0 0 0 0 0 0 0 
_1.ptx 1248 : 50745 598672 0 0 0 0 0 0 0 
_1.ptx 1249 : 50745 480863 0 0 0 0 0 0 0 
_1.ptx 1250 : 50745 483828 0 0 0 0 0 0 0 
_1.ptx 1252 : 50745 614630 0 0 0 0 0 0 0 
_1.ptx 1253 : 50745 641611 0 0 0 0 0 0 0 
_1.ptx 1254 : 50745 437113 0 0 0 0 0 0 0 
_1.ptx 1255 : 50745 440924 0 0 0 0 0 0 0 
_1.ptx 1256 : 50745 524453 0 0 0 0 0 0 0 
_1.ptx 1257 : 50745 401897 0 0 0 0 0 0 0 
_1.ptx 1258 : 50745 515364 0 0 0 0 0 0 0 
_1.ptx 1259 : 50745 625846 0 0 0 0 0 0 0 
_1.ptx 1260 : 50745 632562 0 0 0 0 0 0 0 
_1.ptx 1261 : 50745 621025 0 0 0 0 0 0 0 
_1.ptx 1262 : 50745 613152 0 0 0 0 0 0 0 
_1.ptx 1263 : 50745 607695 0 0 0 0 0 0 0 
_1.ptx 1264 : 50745 602732 0 0 0 0 0 0 0 
_1.ptx 1265 : 50745 598587 0 0 0 0 0 0 0 
_1.ptx 1266 : 50745 595116 0 0 0 0 0 0 0 
_1.ptx 1267 : 50745 568954 0 0 0 0 0 0 0 
_1.ptx 1269 : 50745 575256 0 0 0 0 0 0 0 
_1.ptx 1271 : 50745 587518 0 0 0 0 0 0 0 
_1.ptx 1272 : 50745 618967 0 0 0 0 0 0 0 
_1.ptx 1274 : 50745 485649 0 0 0 0 0 0 0 
_1.ptx 1275 : 50745 433897 0 0 0 0 0 0 0 
_1.ptx 1276 : 50745 624439 0 0 0 0 0 0 0 
_1.ptx 1277 : 50745 629894 0 0 0 0 0 0 0 
_1.ptx 1279 : 50745 420172 0 0 0 0 0 0 0 
_1.ptx 1280 : 50745 622937 0 0 0 0 0 0 0 
_1.ptx 1281 : 50745 623362 0 0 0 0 0 0 0 
_1.ptx 1282 : 50745 610116 0 0 0 0 0 0 0 
_1.ptx 1283 : 50745 603231 0 0 0 0 0 0 0 
_1.ptx 1284 : 50745 597979 0 0 0 0 0 0 0 
_1.ptx 1286 : 50745 604312 0 0 0 0 0 0 0 
_1.ptx 1288 : 50745 368048 0 0 0 0 0 0 0 
_1.ptx 1289 : 50745 588425 0 0 0 0 0 0 0 
_1.ptx 1290 : 50745 594079 0 0 0 0 0 0 0 
_1.ptx 1291 : 50745 469301 0 0 0 0 0 0 0 
_1.ptx 1292 : 50745 637560 0 0 0 0 0 0 0 
_1.ptx 1293 : 50745 404259 0 0 0 0 0 0 0 
_1.ptx 1294 : 50745 493759 0 0 0 0 0 0 0 
_1.ptx 1295 : 50745 360924 0 0 0 0 0 0 0 
_1.ptx 1296 : 50745 489259 0 0 0 0 0 0 0 
_1.ptx 1297 : 50745 354315 0 0 0 0 0 0 0 
_1.ptx 1298 : 50745 491853 0 0 0 0 0 0 0 
_1.ptx 1299 : 50745 356463 0 0 0 0 0 0 0 
_1.ptx 1300 : 50745 488720 0 0 0 0 0 0 0 
_1.ptx 1301 : 50745 600790 0 0 0 0 0 0 0 
_1.ptx 1303 : 50745 417564 0 0 0 0 0 0 0 
_1.ptx 1304 : 50745 595102 0 0 0 0 0 0 0 
_1.ptx 1305 : 50745 588555 0 0 0 0 0 0 0 
_1.ptx 1307 : 50745 379365 0 0 0 0 0 0 0 
_1.ptx 1308 : 50745 388419 0 0 0 0 0 0 0 
_1.ptx 1309 : 50745 405909 0 0 0 0 0 0 0 
_1.ptx 1310 : 50745 359095 0 0 0 0 0 0 0 
_1.ptx 1311 : 50745 425869 0 0 0 0 0 0 0 
_1.ptx 1312 : 50745 325718 0 0 0 0 0 0 0 
_1.ptx 1321 : 50745 382639 0 0 0 0 0 0 0 
_1.ptx 1322 : 50745 341456 0 0 0 0 0 0 0 
_1.ptx 1323 : 50745 574940 0 0 0 0 0 0 0 
_1.ptx 1324 : 50745 407401 0 0 0 0 0 0 0 
_1.ptx 1325 : 50745 362682 0 0 0 0 0 0 0 
_1.ptx 1326 : 50745 364721 0 0 0 0 0 0 0 
_1.ptx 1327 : 50745 2652232 0 0 0 0 0 0 0 
_1.ptx 1328 : 50745 314597 0 0 0 0 0 0 0 
_1.ptx 1329 : 50745 329764 0 0 0 0 0 0 0 
_1.ptx 1330 : 50745 474538 0 0 0 0 0 0 0 
_1.ptx 1331 : 50745 485176 0 0 0 0 0 0 0 
_1.ptx 1332 : 50745 352382 0 0 0 0 0 0 0 
_1.ptx 1333 : 50745 667127 0 0 0 0 0 0 0 
_1.ptx 1334 : 50745 3549848 0 0 0 0 0 0 0 
_1.ptx 1335 : 50745 589365 0 0 0 0 0 0 0 
_1.ptx 1336 : 50745 327042 0 0 0 0 0 0 0 
_1.ptx 1337 : 50745 433700 0 0 0 0 0 0 0 
_1.ptx 1338 : 50745 475318 0 0 0 0 0 0 0 
_1.ptx 1339 : 50745 330085 0 0 0 0 0 0 0 
_1.ptx 1340 : 50745 430031 0 0 0 0 0 0 0 
_1.ptx 1341 : 50745 469940 0 0 0 0 0 0 0 
_1.ptx 1343 : 50745 384217 0 0 0 0 0 0 0 
_1.ptx 1344 : 50745 323498 0 0 0 0 0 0 0 
_1.ptx 1345 : 50745 431000 0 0 0 0 0 0 0 
_1.ptx 1346 : 50745 0 0 0 0 0 0 0 0 
_1.ptx 1348 : 50745 480022 0 0 0 0 0 0 0 
_1.ptx 1351 : 50745 416061 0 0 0 0 0 0 0 
_1.ptx 1352 : 50745 367507 0 0 0 0 0 0 0 
_1.ptx 1353 : 50745 412235 0 0 0 0 0 0 0 
_1.ptx 1354 : 50745 413382 0 0 0 0 0 0 0 
_1.ptx 1355 : 50745 371865 0 0 0 0 0 0 0 
_1.ptx 1356 : 50745 610262 0 0 0 0 0 0 0 
_1.ptx 1357 : 50745 606602 0 0 0 0 0 0 0 
_1.ptx 1358 : 50745 427649 0 0 0 0 0 0 0 
_1.ptx 1359 : 50745 363368 0 0 0 0 0 0 0 
_1.ptx 1360 : 50745 439386 0 0 0 0 0 0 0 
_1.ptx 1361 : 50745 401260 0 0 0 0 0 0 0 
_1.ptx 1362 : 50745 432060 0 0 0 0 0 0 0 
_1.ptx 1363 : 50745 319707 0 0 0 0 0 0 0 
_1.ptx 1364 : 50745 421672 0 0 0 0 0 0 0 
_1.ptx 1365 : 50745 326815 0 0 0 0 0 0 0 
_1.ptx 1372 : 50745 380277 0 0 0 0 0 0 0 
_1.ptx 1375 : 50745 335491 0 0 0 0 0 0 0 
_1.ptx 1376 : 50745 576987 0 0 0 0 0 0 0 
_1.ptx 1377 : 50745 577717 0 0 0 0 0 0 0 
_1.ptx 1378 : 50745 565863 0 0 0 0 0 0 0 
_1.ptx 1380 : 50745 571564 0 0 0 0 0 0 0 
_1.ptx 1381 : 50745 727806 0 0 0 0 0 0 0 
_1.ptx 1383 : 50745 577963 0 0 0 0 0 0 0 
_1.ptx 1384 : 50745 877050 0 0 0 0 0 0 0 
_1.ptx 1388 : 62282 713173 0 0 0 0 0 0 0 
_1.ptx 1389 : 62282 727869 0 0 0 0 0 0 0 
_1.ptx 1390 : 62282 727812 0 0 0 0 0 0 0 
_1.ptx 1391 : 62282 758691 0 0 0 0 0 0 0 
_1.ptx 1392 : 62282 743356 0 0 0 0 0 0 0 
_1.ptx 1393 : 62282 770477 0 0 0 0 0 0 0 
_1.ptx 1395 : 62282 739526 0 0 0 0 0 0 0 
_1.ptx 1396 : 62282 756708 0 0 0 0 0 0 0 
_1.ptx 1397 : 62282 752093 0 0 0 0 0 0 0 
_1.ptx 1398 : 62282 783540 0 0 0 0 0 0 0 
_1.ptx 1399 : 62282 633528 0 0 0 0 0 0 0 
_1.ptx 1400 : 62282 611623 0 0 0 0 0 0 0 
_1.ptx 1401 : 62282 2609300 0 0 0 0 0 0 0 
_1.ptx 1402 : 62282 739120 0 0 0 0 0 0 0 
_1.ptx 1403 : 62282 746035 0 0 0 0 0 0 0 
_1.ptx 1404 : 62282 758089 0 0 0 0 0 0 0 
_1.ptx 1405 : 62282 496224 0 0 0 0 0 0 0 
_1.ptx 1406 : 62282 489709 0 0 0 0 0 0 0 
_1.ptx 1408 : 62282 426860 0 0 0 0 0 0 0 
_1.ptx 1409 : 62282 591032 0 0 0 0 0 0 0 
_1.ptx 1410 : 62282 418674 0 0 0 0 0 0 0 
_1.ptx 1411 : 62282 587473 0 0 0 0 0 0 0 
_1.ptx 1412 : 62282 425052 0 0 0 0 0 0 0 
_1.ptx 1413 : 62282 611513 0 0 0 0 0 0 0 
_1.ptx 1416 : 127467 1409094 0 0 0 0 0 0 0 
_1.ptx 1417 : 127467 950695 0 0 0 0 0 0 0 
_1.ptx 1418 : 127467 1101598 0 0 0 0 0 0 0 
_1.ptx 1419 : 127467 6919 0 0 0 0 0 0 0 
_1.ptx 1420 : 126435 1089497 0 0 0 0 0 0 0 
_1.ptx 1421 : 126435 428006 0 0 0 0 0 0 550 
_1.ptx 1424 : 65536 711488 0 0 0 0 0 0 0 
_1.ptx 1425 : 65536 519744 0 0 0 0 0 0 0 
_1.ptx 1426 : 65536 430336 0 0 0 0 0 0 0 
_1.ptx 1427 : 65536 550496 0 0 0 0 0 0 0 
_1.ptx 604 : 65536 409472 0 0 0 0 0 0 0 
_1.ptx 1428 : 65536 364323 0 0 0 0 0 0 218 
_1.ptx 605 : 65536 496960 39168 0 0 0 0 0 0 
_1.ptx 1429 : 10434 79413 0 0 0 0 0 0 0 
_1.ptx 606 : 65536 407424 0 0 0 0 0 0 0 
_1.ptx 1430 : 10434 78262 0 0 0 0 0 0 0 
_1.ptx 607 : 65536 1388160 39040 0 0 0 0 0 0 
_1.ptx 1431 : 10434 118674 0 0 0 0 0 0 0 
_1.ptx 608 : 65536 408736 0 0 0 0 0 0 0 
_1.ptx 1432 : 10434 120420 0 0 0 0 0 0 0 
_1.ptx 609 : 65536 1542112 38656 0 0 0 0 0 0 
_1.ptx 1433 : 10434 82223 0 0 0 0 0 0 0 
_1.ptx 610 : 65536 408544 0 0 0 0 0 0 0 
_1.ptx 611 : 65536 2283488 38656 0 0 0 0 0 0 
_1.ptx 612 : 65536 409408 0 0 0 0 0 0 0 
_1.ptx 613 : 65536 1783488 50688 0 0 0 0 0 0 
_1.ptx 1437 : 15923 2431965 16768 0 0 0 0 0 0 
_1.ptx 614 : 65536 410240 0 0 0 0 0 0 0 
_1.ptx 1438 : 15923 2322896 8704 0 0 0 0 0 0 
_1.ptx 615 : 65536 1807840 52352 0 0 0 0 0 0 
_1.ptx 1439 : 15923 2646030 11648 0 0 0 0 0 0 
_1.ptx 616 : 65536 410912 0 0 0 0 0 0 0 
_1.ptx 1440 : 15923 2492906 0 0 0 0 0 0 0 
_1.ptx 617 : 65536 2052224 55680 0 0 0 0 0 0 
_1.ptx 1441 : 15923 2423679 128 0 0 0 0 0 0 
_1.ptx 618 : 65536 413088 0 0 0 0 0 0 0 
_1.ptx 1442 : 15923 2668076 128 0 0 0 0 0 0 
_1.ptx 619 : 65536 2404928 48896 0 0 0 0 0 0 
_1.ptx 1443 : 15923 2818326 16256 0 0 0 0 0 0 
_1.ptx 620 : 65536 413536 0 0 0 0 0 0 0 
_1.ptx 1444 : 15923 2677510 512 0 0 0 0 0 0 
_1.ptx 621 : 65536 2479584 51712 0 0 0 0 0 0 
_1.ptx 1445 : 15923 101140 0 0 0 0 0 0 0 
_1.ptx 622 : 65536 411200 0 0 0 0 0 0 0 
_1.ptx 1446 : 15923 148006 0 0 0 0 0 0 0 
_1.ptx 623 : 65536 2692704 58112 0 0 0 0 0 0 
_1.ptx 1447 : 15923 132584 0 0 0 0 0 0 0 
_1.ptx 624 : 65536 411392 0 0 0 0 0 0 0 
_1.ptx 1448 : 15923 101663 0 0 0 0 0 0 0 
_1.ptx 625 : 65536 2681408 53888 0 0 0 0 0 0 
_1.ptx 1449 : 15923 148852 0 0 0 0 0 0 0 
_1.ptx 626 : 65536 414848 0 0 0 0 0 0 0 
_1.ptx 1450 : 15923 134486 768 0 0 0 0 0 0 
_1.ptx 627 : 65536 2025088 58496 0 0 0 0 0 0 
_1.ptx 1451 : 15923 103347 0 0 0 0 0 0 0 
_1.ptx 628 : 65536 411712 0 0 0 0 0 0 0 
_1.ptx 1452 : 15923 148630 0 0 0 0 0 0 0 
_1.ptx 629 : 65536 2118624 58624 0 0 0 0 0 0 
_1.ptx 1453 : 15923 132320 384 0 0 0 0 0 0 
_1.ptx 630 : 65536 411104 0 0 0 0 0 0 0 
_1.ptx 1454 : 15923 103596 0 0 0 0 0 0 0 
_1.ptx 631 : 65536 2146912 58496 0 0 0 0 0 0 
_1.ptx 1455 : 15923 148142 0 0 0 0 0 0 0 
_1.ptx 632 : 65536 412512 0 0 0 0 0 0 0 
_1.ptx 1456 : 15923 130340 512 0 0 0 0 0 0 
_1.ptx 633 : 65536 2148160 62848 0 0 0 0 0 0 
_1.ptx 1457 : 15923 166091 0 0 0 0 0 0 0 
_1.ptx 634 : 65536 413312 0 0 0 0 0 0 0 
_1.ptx 1458 : 15923 167020 0 0 0 0 0 0 0 
_1.ptx 635 : 65536 2190112 56448 0 0 0 0 0 0 
_1.ptx 1459 : 15923 109728 0 0 0 0 0 0 0 
_1.ptx 636 : 65536 414368 0 0 0 0 0 0 0 
_1.ptx 1460 : 15923 134190 0 0 0 0 0 0 0 
_1.ptx 637 : 65536 2232288 62720 0 0 0 0 0 0 
_1.ptx 1461 : 15923 36311 0 0 0 0 0 0 386 
_1.ptx 638 : 65536 414368 0 0 0 0 0 0 0 
_1.ptx 639 : 65536 2222624 59776 0 0 0 0 0 0 
_1.ptx 640 : 65536 414720 0 0 0 0 0 0 0 
_1.ptx 1464 : 65536 14531872 20736 0 0 4096 2048 0 0 
_1.ptx 641 : 65536 2276992 70528 0 0 0 0 0 0 
_1.ptx 1465 : 65536 5470496 0 0 0 0 0 0 0 
_1.ptx 642 : 65536 416000 0 0 0 0 0 0 0 
_1.ptx 1466 : 65536 488160 0 0 0 0 0 0 0 
_1.ptx 643 : 65536 1809952 71808 0 0 0 0 0 0 
_1.ptx 1467 : 65536 424992 0 0 0 0 0 0 0 
_1.ptx 644 : 65536 417632 0 0 0 0 0 0 0 
_1.ptx 1468 : 65536 739712 0 0 0 0 0 0 0 
_1.ptx 645 : 65536 422368 0 0 0 0 0 0 0 
_1.ptx 1469 : 65536 488384 0 0 0 0 0 0 0 
_1.ptx 646 : 65536 549568 0 0 0 0 0 0 0 
_1.ptx 1470 : 65536 4933312 128 0 0 0 0 0 0 
_1.ptx 647 : 65536 420192 0 0 0 0 0 0 0 
_1.ptx 1471 : 65536 488928 0 0 0 0 0 0 0 
_1.ptx 648 : 65536 421920 0 0 0 0 0 0 0 
_1.ptx 1472 : 65536 426528 0 0 0 0 0 0 0 
_1.ptx 649 : 65536 545696 0 0 0 0 0 0 0 
_1.ptx 1473 : 65536 741408 0 0 0 0 0 0 0 
_1.ptx 650 : 65536 422976 0 0 0 0 0 0 0 
_1.ptx 1474 : 65536 490528 0 0 0 0 0 0 0 
_1.ptx 651 : 65536 736128 0 0 0 0 0 0 0 
_1.ptx 1475 : 65536 490848 0 0 0 0 0 0 0 
_1.ptx 652 : 65536 419808 0 0 0 0 0 0 0 
_1.ptx 1476 : 65536 541760 0 0 0 0 0 0 0 
_1.ptx 653 : 65536 733472 0 0 0 0 0 0 0 
_1.ptx 1477 : 65536 3837824 0 0 0 0 0 0 0 
_1.ptx 654 : 65536 2777120 128 0 0 0 0 0 0 
_1.ptx 1478 : 65536 488576 0 0 0 0 0 0 0 
_1.ptx 655 : 65536 2457600 0 0 0 0 0 0 0 
_1.ptx 1479 : 65536 426176 0 0 0 0 0 0 0 
_1.ptx 656 : 65536 545728 0 0 0 0 0 0 0 
_1.ptx 1480 : 65536 738240 0 0 0 0 0 0 0 
_1.ptx 657 : 65536 488704 0 0 0 0 0 0 0 
_1.ptx 1481 : 65536 494912 0 0 0 0 0 0 0 
_1.ptx 658 : 65536 545696 0 0 0 0 0 0 0 
_1.ptx 1482 : 65536 487584 0 0 0 0 0 0 0 
_1.ptx 659 : 65536 491040 0 0 0 0 0 0 0 
_1.ptx 1483 : 65536 4391008 128 0 0 0 0 0 0 
_1.ptx 660 : 65536 551808 0 0 0 0 0 0 0 
_1.ptx 1484 : 65536 490560 0 0 0 0 0 0 0 
_1.ptx 661 : 65536 420544 0 0 0 0 0 0 0 
_1.ptx 1485 : 65536 428768 0 0 0 0 0 0 0 
_1.ptx 662 : 65536 544672 0 0 0 0 0 0 0 
_1.ptx 1486 : 65536 739744 0 0 0 0 0 0 0 
_1.ptx 663 : 65536 0 0 0 0 0 0 0 0 
_1.ptx 1487 : 65536 489792 0 0 0 0 0 0 0 
_1.ptx 1488 : 65536 491552 0 0 0 0 0 0 0 
_1.ptx 665 : 65536 811808 0 0 0 0 0 0 0 
_1.ptx 1489 : 65536 545536 0 0 0 0 0 0 0 
_1.ptx 666 : 65536 937728 0 0 0 0 0 0 0 
_1.ptx 1490 : 65536 543904 0 0 0 0 0 0 0 
_1.ptx 667 : 65536 737152 0 0 0 0 0 0 0 
_1.ptx 1491 : 65536 736960 0 0 0 0 0 0 0 
_1.ptx 668 : 65536 491296 0 0 0 0 0 0 0 
_1.ptx 1492 : 65536 564320 0 0 0 4096 2048 0 0 
_1.ptx 669 : 65536 734912 0 0 0 0 0 0 0 
_1.ptx 670 : 65536 741920 0 0 0 0 0 0 0 
_1.ptx 671 : 65536 431008 0 0 0 0 0 0 0 
_1.ptx 1495 : 65536 413408 0 0 0 0 0 0 0 
_1.ptx 672 : 65536 2273312 179264 0 0 4096 2048 0 0 
_1.ptx 674 : 65536 3646496 128 0 0 0 0 0 0 
_1.ptx 675 : 65536 3313312 0 0 0 0 0 0 0 
_1.ptx 676 : 65536 1097248 0 0 0 0 0 0 0 
_1.ptx 678 : 65536 507904 0 0 0 0 0 0 0 
_1.ptx 679 : 65536 784384 0 0 0 0 0 0 0 
_1.ptx 680 : 65536 745504 0 0 0 0 0 0 0 
_1.ptx 681 : 65536 1346048 0 0 0 0 0 0 0 
_1.ptx 682 : 65536 540224 0 0 0 0 0 0 0 
_1.ptx 683 : 65536 531936 0 0 0 0 0 0 0 
_1.ptx 684 : 65536 648544 0 0 0 0 0 0 0 
_1.ptx 685 : 65536 754464 0 0 0 0 0 0 0 
_1.ptx 686 : 65536 663264 0 0 0 0 0 0 0 
_1.ptx 687 : 65536 764544 0 0 0 0 0 0 0 
_1.ptx 688 : 65536 522432 0 0 0 0 0 0 0 
_1.ptx 689 : 65536 518272 0 0 0 0 0 0 0 
_1.ptx 690 : 65536 523648 0 0 0 0 0 0 0 
_1.ptx 691 : 65536 453472 0 0 0 0 0 0 0 
_1.ptx 692 : 65536 3123776 0 0 0 0 0 0 0 
_1.ptx 693 : 65536 423008 0 0 0 0 0 0 0 
_1.ptx 694 : 65536 743680 0 0 0 0 0 0 0 
_1.ptx 695 : 65536 756992 0 0 0 0 0 0 0 
_1.ptx 696 : 65536 439840 0 0 0 0 0 0 0 
_1.ptx 697 : 65536 754400 0 0 0 0 0 0 0 
_1.ptx 698 : 65536 739744 0 0 0 0 0 0 0 
_1.ptx 699 : 65536 702080 0 0 0 0 0 0 0 
_1.ptx 700 : 65536 742688 0 0 0 0 0 0 0 
_1.ptx 701 : 65536 555232 0 0 0 0 0 0 0 
_1.ptx 702 : 65536 740448 0 0 0 0 0 0 0 
_1.ptx 703 : 65536 513280 0 0 0 0 0 0 0 
_1.ptx 704 : 65536 745184 0 0 0 0 0 0 0 
_1.ptx 705 : 65536 615008 0 0 0 0 0 0 0 
_1.ptx 706 : 65536 741184 0 0 0 0 0 0 0 
_1.ptx 707 : 65536 518144 0 0 0 0 0 0 0 
_1.ptx 708 : 65536 742496 0 0 0 0 0 0 0 
_1.ptx 709 : 65536 507232 0 0 0 0 0 0 0 
_1.ptx 710 : 65536 759424 0 0 0 0 0 0 0 
_1.ptx 711 : 65536 778688 0 0 0 0 0 0 0 
_1.ptx 712 : 65536 786656 0 0 0 0 0 0 0 
_1.ptx 713 : 65536 794720 0 0 0 0 0 0 0 
_1.ptx 714 : 65536 796960 0 0 0 0 0 0 0 
_1.ptx 715 : 65536 811328 0 0 0 0 0 0 0 
_1.ptx 716 : 65536 822464 0 0 0 0 0 0 0 
_1.ptx 717 : 65536 802080 0 0 0 0 0 0 0 
_1.ptx 718 : 65536 795232 0 0 0 0 0 0 0 
_1.ptx 719 : 65536 795104 0 0 0 0 0 0 0 
_1.ptx 720 : 65536 786016 0 0 0 0 0 0 0 
_1.ptx 721 : 65536 782400 0 0 0 0 0 0 0 
_1.ptx 722 : 65536 783072 0 0 0 0 0 0 0 
_1.ptx 723 : 65536 800384 0 0 0 0 0 0 0 
_1.ptx 724 : 65536 646304 0 0 0 0 0 0 0 
_1.ptx 725 : 65536 623456 0 0 0 0 0 0 0 
_1.ptx 726 : 65536 1797184 0 0 0 0 0 0 0 
_1.ptx 727 : 65536 771648 0 0 0 0 0 0 0 
_1.ptx 728 : 65536 770368 0 0 0 0 0 0 0 
_1.ptx 729 : 65536 782880 0 0 0 0 0 0 0 
_1.ptx 731 : 65536 456384 0 0 0 0 0 0 0 
_1.ptx 733 : 65536 503232 0 0 0 0 0 0 0 
_1.ptx 734 : 65536 511104 0 0 0 0 0 0 0 
_1.ptx 735 : 65536 496416 0 0 0 0 0 0 0 
_1.ptx 736 : 65536 491168 0 0 0 0 0 0 0 
_1.ptx 738 : 127467 1008688 0 0 0 0 0 0 0 
_1.ptx 739 : 127467 886253 0 0 0 0 0 0 0 
_1.ptx 740 : 127467 847764 0 0 0 0 0 0 0 
_1.ptx 744 : 509868 4387888 128 0 0 17236 17236 0 0 
_1.ptx 745 : 509868 3958044 0 0 0 17236 17236 0 0 
_1.ptx 746 : 509868 4958582 128 0 0 17236 17236 0 0 
_1.ptx 747 : 509868 3673543 0 0 0 17236 17236 0 0 
_1.ptx 748 : 509868 3222344 0 0 0 17236 17236 0 0 
_1.ptx 749 : 509868 3424133 0 0 0 0 0 0 0 
_1.ptx 750 : 509868 4416578 0 0 0 0 0 0 0 
_1.ptx 751 : 509868 2709872 0 0 0 0 0 0 0 
_1.ptx 753 : 127467 985759 0 0 0 0 0 0 0 
_1.ptx 754 : 127467 868589 0 0 0 0 0 0 0 
_1.ptx 755 : 127467 1088861 0 0 0 0 0 0 0 
_1.ptx 756 : 127467 867559 0 0 0 0 0 0 0 
_1.ptx 761 : 127467 1452104 0 0 0 0 0 0 0 
_1.ptx 762 : 127467 6214531 0 0 0 0 0 0 0 
_1.ptx 763 : 127467 841039 0 0 0 0 0 0 0 
_1.ptx 764 : 127467 857151 0 0 0 0 0 0 0 
_1.ptx 765 : 127467 1085699 0 0 0 0 0 0 0 
_1.ptx 766 : 127467 1212367 0 0 0 0 0 0 0 
_1.ptx 769 : 127467 1017924 0 0 0 0 0 0 0 
_1.ptx 770 : 127467 898619 0 0 0 0 0 0 0 
_1.ptx 773 : 382401 4484272 0 0 0 0 0 0 0 
_1.ptx 774 : 382401 1321441 0 0 0 0 0 0 0 
_1.ptx 775 : 382401 4530077 0 0 0 0 0 0 0 
_1.ptx 776 : 382401 4523627 0 0 0 0 0 0 0 
_1.ptx 777 : 382401 4570305 0 0 0 0 0 0 0 
_1.ptx 778 : 382401 4596564 0 0 0 0 0 0 0 
_1.ptx 779 : 382401 4593844 0 0 0 0 0 0 0 
_1.ptx 780 : 382401 4603706 0 0 0 0 0 0 0 
_1.ptx 781 : 382401 3752540 0 0 0 0 0 0 0 
_1.ptx 782 : 382401 3838618 0 0 0 0 0 0 0 
_1.ptx 783 : 382401 3729137 0 0 0 0 0 0 0 
_1.ptx 784 : 382401 3833401 0 0 0 0 0 0 0 
_1.ptx 785 : 382401 3397325 0 0 0 0 0 0 0 
_1.ptx 786 : 382401 3175244 0 0 0 0 0 0 0 
_1.ptx 787 : 382401 2781375 0 0 0 0 0 0 0 
_1.ptx 788 : 382401 3392465 0 0 0 0 0 0 0 
_1.ptx 789 : 382401 3155705 0 0 0 0 0 0 0 
_1.ptx 790 : 382401 3405935 0 0 0 0 0 0 0 
_1.ptx 791 : 382401 2787771 0 0 0 0 0 0 0 
_1.ptx 792 : 382401 3388314 0 0 0 0 0 0 0 
_1.ptx 793 : 382401 1990844 0 0 0 0 0 0 1523 
_1.ptx 794 : 105477 780619 0 0 0 0 0 0 0 
_1.ptx 795 : 105477 770287 0 0 0 0 0 0 0 
_1.ptx 797 : 276924 3273094 0 0 0 0 0 0 0 
_1.ptx 798 : 276924 3269418 0 0 0 0 0 0 0 
_1.ptx 799 : 276924 2442463 0 0 0 0 0 0 0 
_1.ptx 800 : 276924 140434 0 0 0 0 0 0 715 
_1.ptx 801 : 257599 1869828 0 0 0 0 0 0 0 
_1.ptx 802 : 257599 1887798 0 0 0 0 0 0 0 
_1.ptx 805 : 19325 225059 0 0 0 0 0 0 0 
_1.ptx 806 : 19325 337048 0 0 0 0 0 0 0 
_1.ptx 807 : 19325 226115 0 0 0 0 0 0 0 
_1.ptx 808 : 19325 230563 0 0 0 0 0 0 0 
_1.ptx 809 : 19325 186302 0 0 0 0 0 0 0 
_1.ptx 813 : 382401 3173832 0 0 0 0 0 0 0 
_1.ptx 815 : 509868 3627766 0 0 0 0 0 0 0 
_1.ptx 816 : 509868 4404907 0 0 0 0 0 0 0 
_1.ptx 817 : 509868 4085207 0 0 0 0 0 0 0 
_1.ptx 818 : 509868 4401314 0 0 0 0 0 0 0 
_1.ptx 819 : 509868 4091078 0 0 0 0 0 0 0 
_1.ptx 820 : 509868 4469869 0 0 0 0 0 0 0 
_1.ptx 821 : 509868 3577571 0 0 0 0 0 0 0 
_1.ptx 822 : 509868 4436760 0 0 0 0 0 0 0 
