kernel line : count latency dram_traffic smem_bk_conflicts smem_warp gmem_access_generated gmem_warp exposed_latency warp_divergence
_1.ptx 823 : 509868 3056075 0 0 0 0 0 0 1125 
_1.ptx 825 : 74702 590825 0 0 0 0 0 0 0 
_1.ptx 827 : 74702 616641 0 0 0 0 0 0 0 
_1.ptx 829 : 509868 5561847 0 0 0 0 0 0 0 
_1.ptx 830 : 509868 5614175 0 0 0 0 0 0 0 
_1.ptx 831 : 509868 3792044 0 0 0 0 0 0 0 
_1.ptx 832 : 509868 4475247 0 0 0 0 0 0 0 
_1.ptx 833 : 509868 2665334 0 0 0 0 0 0 0 
_1.ptx 834 : 127467 909194 0 0 0 0 0 0 0 
_1.ptx 835 : 127467 1102094 0 0 0 0 0 0 0 
_1.ptx 836 : 127467 1023875 0 0 0 0 0 0 0 
_1.ptx 837 : 127467 897691 0 0 0 0 0 0 0 
_1.ptx 838 : 127467 1100650 0 0 0 0 0 0 0 
_1.ptx 839 : 127467 1009670 0 0 0 0 0 0 0 
_1.ptx 840 : 127467 1101462 0 0 0 0 0 0 0 
_1.ptx 841 : 127467 890674 0 0 0 0 0 0 0 
_1.ptx 842 : 127467 1092092 0 0 0 0 0 0 0 
_1.ptx 843 : 127467 445549 0 0 0 0 0 0 631 
_1.ptx 845 : 62282 682946 0 0 0 0 0 0 0 
_1.ptx 847 : 62282 513912 0 0 0 0 0 0 0 
_1.ptx 848 : 62282 490558 0 0 0 0 0 0 0 
_1.ptx 849 : 62282 817324 0 0 0 0 0 0 0 
_1.ptx 850 : 62282 715339 0 0 0 0 0 0 0 
_1.ptx 851 : 62282 297534 0 0 0 2349 2349 0 0 
_1.ptx 852 : 62282 297300 0 0 0 2349 2349 0 0 
_1.ptx 853 : 62282 297223 0 0 0 2544 2349 0 0 
_1.ptx 854 : 62282 299103 0 0 0 2544 2349 0 0 
_1.ptx 855 : 62282 287701 0 0 0 2544 2349 0 0 
_1.ptx 856 : 62282 295118 0 0 0 2544 2349 0 0 
_1.ptx 857 : 62282 289583 0 0 0 2544 2349 0 0 
_1.ptx 859 : 62282 702974 0 0 0 0 0 0 0 
_1.ptx 860 : 62282 707169 0 0 0 0 0 0 0 
_1.ptx 861 : 62282 709855 0 0 0 0 0 0 0 
_1.ptx 862 : 62282 718802 0 0 0 0 0 0 0 
_1.ptx 863 : 62282 729285 0 0 0 0 0 0 0 
_1.ptx 864 : 62282 718717 0 0 0 0 0 0 0 
_1.ptx 865 : 62282 310649 0 0 0 2544 2349 0 0 
_1.ptx 866 : 62282 440894 0 0 0 0 0 0 0 
_1.ptx 867 : 62282 536841 0 0 0 0 0 0 0 
_1.ptx 868 : 62282 127900 0 0 0 0 0 0 305 
_1.ptx 870 : 43133 310128 0 0 0 0 0 0 0 
_1.ptx 871 : 43133 303096 0 0 0 0 0 0 0 
_1.ptx 872 : 43133 306900 0 0 0 0 0 0 0 
_1.ptx 873 : 43133 297462 0 0 0 0 0 0 0 
_1.ptx 875 : 19149 65881 0 0 0 0 0 0 0 
_1.ptx 876 : 19149 219544 0 0 0 0 0 0 0 
_1.ptx 877 : 19149 220407 0 0 0 0 0 0 0 
_1.ptx 878 : 19149 222959 0 0 0 0 0 0 0 
_1.ptx 879 : 19149 224941 0 0 0 0 0 0 0 
_1.ptx 880 : 19149 227606 0 0 0 0 0 0 0 
_1.ptx 881 : 19149 184019 0 0 0 0 0 0 0 
_1.ptx 882 : 19149 185477 0 0 0 0 0 0 0 
_1.ptx 883 : 19149 679880 0 0 0 0 0 0 0 
_1.ptx 884 : 19149 256927 0 0 0 0 0 0 0 
_1.ptx 885 : 19149 245545 0 0 0 0 0 0 0 
_1.ptx 886 : 19149 235625 0 0 0 0 0 0 0 
_1.ptx 888 : 62282 726898 0 0 0 0 0 0 0 
_1.ptx 889 : 62282 724097 0 0 0 0 0 0 0 
_1.ptx 890 : 62282 740454 0 0 0 0 0 0 0 
_1.ptx 891 : 62282 771686 0 0 0 0 0 0 0 
_1.ptx 892 : 62282 614504 0 0 0 0 0 0 0 
_1.ptx 893 : 62282 602615 0 0 0 0 0 0 0 
_1.ptx 894 : 62282 2183313 0 0 0 0 0 0 0 
_1.ptx 895 : 62282 730766 0 0 0 0 0 0 0 
_1.ptx 896 : 62282 726702 0 0 0 0 0 0 0 
_1.ptx 897 : 62282 747374 0 0 0 0 0 0 0 
_1.ptx 898 : 62282 717096 0 0 0 0 0 0 0 
_1.ptx 899 : 62282 600730 0 0 0 0 0 0 0 
_1.ptx 900 : 62282 596262 0 0 0 0 0 0 0 
_1.ptx 901 : 62282 426907 0 0 0 0 0 0 0 
_1.ptx 902 : 62282 537490 0 0 0 0 0 0 0 
_1.ptx 903 : 62282 433823 0 0 0 0 0 0 0 
_1.ptx 910 : 62282 485554 0 0 0 0 0 0 0 
_1.ptx 911 : 62282 488981 0 0 0 0 0 0 0 
_1.ptx 912 : 62282 501294 0 0 0 0 0 0 0 
_1.ptx 915 : 62282 445804 0 0 0 0 0 0 0 
_1.ptx 916 : 62282 722484 0 0 0 0 0 0 0 
_1.ptx 917 : 62282 489899 0 0 0 0 0 0 0 
_1.ptx 918 : 62282 973105 0 0 0 0 0 0 0 
_1.ptx 919 : 62282 710005 0 0 0 0 0 0 0 
_1.ptx 920 : 62282 582788 26240 0 0 0 0 0 0 
_1.ptx 921 : 62282 417925 0 0 0 0 0 0 0 
_1.ptx 922 : 62282 716240 0 0 0 0 0 0 0 
_1.ptx 923 : 62282 796911 47488 0 0 0 0 0 0 
_1.ptx 924 : 62282 411824 0 0 0 0 0 0 0 
_1.ptx 925 : 62282 712223 0 0 0 0 0 0 0 
_1.ptx 926 : 62282 1017122 25568 0 0 0 0 0 0 
_1.ptx 927 : 62282 405605 0 0 0 0 0 0 0 
_1.ptx 928 : 62282 717190 0 0 0 0 0 0 0 
_1.ptx 929 : 62282 1036595 17024 0 0 0 0 0 0 
_1.ptx 931 : 62282 414003 0 0 0 0 0 0 0 
_1.ptx 932 : 62282 715212 0 0 0 0 0 0 0 
_1.ptx 933 : 62282 425310 0 0 0 0 0 0 0 
_1.ptx 934 : 62282 712720 0 0 0 0 0 0 0 
_1.ptx 935 : 62282 408760 0 0 0 0 0 0 0 
_1.ptx 936 : 62282 716987 0 0 0 0 0 0 0 
_1.ptx 937 : 62282 750452 0 0 0 0 0 0 0 
_1.ptx 938 : 62282 603560 0 0 0 0 0 0 0 
_1.ptx 939 : 62282 594431 0 0 0 0 0 0 0 
_1.ptx 940 : 62282 2263597 0 0 0 0 0 0 0 
_1.ptx 941 : 62282 760548 0 0 0 0 0 0 0 
_1.ptx 942 : 62282 761864 0 0 0 0 0 0 0 
_1.ptx 943 : 62282 793128 0 0 0 0 0 0 0 
_1.ptx 944 : 62282 762320 0 0 0 0 0 0 0 
_1.ptx 945 : 62282 599040 0 0 0 0 0 0 0 
_1.ptx 946 : 62282 599138 0 0 0 0 0 0 0 
_1.ptx 947 : 62282 436465 0 0 0 0 0 0 0 
_1.ptx 948 : 62282 543066 0 0 0 0 0 0 0 
_1.ptx 949 : 62282 36904 0 0 0 0 0 0 318 
_1.ptx 951 : 56815 447529 0 0 0 0 0 0 0 
_1.ptx 952 : 56815 357872 0 0 0 0 0 0 0 
_1.ptx 955 : 220903 1021305 0 0 0 8579 8579 0 0 
_1.ptx 956 : 220903 1031558 0 0 0 8579 8579 0 0 
_1.ptx 957 : 220903 1011747 0 0 0 8579 8579 0 0 
_1.ptx 958 : 220903 1013805 0 0 0 8579 8579 0 0 
_1.ptx 959 : 220903 1469977 0 0 0 0 0 0 0 
_1.ptx 960 : 220903 1892310 0 0 0 0 0 0 0 
_1.ptx 961 : 220903 1141130 0 0 0 0 0 0 0 
_1.ptx 963 : 56815 434812 0 0 0 0 0 0 0 
_1.ptx 964 : 56815 379503 0 0 0 0 0 0 0 
_1.ptx 965 : 56815 474554 0 0 0 0 0 0 0 
_1.ptx 966 : 56815 370724 0 0 0 0 0 0 0 
_1.ptx 971 : 56815 363640 0 0 0 0 0 0 0 
_1.ptx 972 : 56815 527214 0 0 0 0 0 0 0 
_1.ptx 973 : 56815 640121 0 0 0 0 0 0 0 
_1.ptx 974 : 56815 3344972 0 0 0 0 0 0 0 
_1.ptx 976 : 56815 369697 0 0 0 0 0 0 0 
_1.ptx 977 : 56815 372969 0 0 0 0 0 0 0 
_1.ptx 978 : 56815 485999 0 0 0 0 0 0 0 
_1.ptx 979 : 56815 530149 0 0 0 0 0 0 0 
_1.ptx 982 : 56815 436668 0 0 0 0 0 0 0 
_1.ptx 983 : 56815 383528 0 0 0 0 0 0 0 
_1.ptx 986 : 164088 748497 0 0 0 6402 6402 0 0 
_1.ptx 987 : 164088 621718 0 0 0 0 0 0 0 
_1.ptx 988 : 164088 1939578 0 0 0 0 0 0 0 
_1.ptx 989 : 164088 1147458 0 0 0 0 0 0 0 
_1.ptx 990 : 164088 1949298 0 0 0 0 0 0 0 
_1.ptx 991 : 164088 1171687 0 0 0 0 0 0 0 
_1.ptx 992 : 164088 1953901 0 0 0 0 0 0 0 
_1.ptx 993 : 164088 1205056 0 0 0 0 0 0 0 
_1.ptx 994 : 164088 1961632 0 0 0 0 0 0 0 
_1.ptx 995 : 164088 1953482 0 0 0 0 0 0 0 
_1.ptx 996 : 164088 1988485 0 0 0 0 0 0 0 
_1.ptx 997 : 164088 1980531 0 0 0 0 0 0 0 
_1.ptx 998 : 164088 1981678 0 0 0 0 0 0 0 
_1.ptx 999 : 164088 1982384 0 0 0 0 0 0 0 
_1.ptx 1000 : 164088 1999252 0 0 0 0 0 0 0 
_1.ptx 1001 : 164088 2011806 0 0 0 0 0 0 0 
_1.ptx 1002 : 164088 1670731 0 0 0 0 0 0 0 
_1.ptx 1003 : 164088 1664917 0 0 0 0 0 0 0 
_1.ptx 1004 : 164088 1995186 0 0 0 0 0 0 0 
_1.ptx 1005 : 164088 1637030 0 0 0 0 0 0 0 
_1.ptx 1006 : 164088 1638897 0 0 0 0 0 0 0 
_1.ptx 1007 : 164088 2013285 0 0 0 0 0 0 0 
_1.ptx 1008 : 164088 1498732 0 0 0 0 0 0 0 
_1.ptx 1009 : 164088 1395210 0 0 0 0 0 0 0 
_1.ptx 1010 : 164088 1183858 0 0 0 0 0 0 0 
_1.ptx 1011 : 164088 1456580 0 0 0 0 0 0 0 
_1.ptx 1012 : 164088 1360710 0 0 0 0 0 0 0 
_1.ptx 1013 : 164088 1469316 0 0 0 0 0 0 0 
_1.ptx 1014 : 164088 1204405 0 0 0 0 0 0 0 
_1.ptx 1015 : 164088 1462673 0 0 0 0 0 0 0 
_1.ptx 1016 : 164088 828247 0 0 0 0 0 0 965 
_1.ptx 1017 : 50431 370831 0 0 0 0 0 0 0 
_1.ptx 1018 : 50431 366169 0 0 0 0 0 0 0 
_1.ptx 1020 : 113657 1344347 0 0 0 0 0 0 0 
_1.ptx 1021 : 113657 1354949 0 0 0 0 0 0 0 
_1.ptx 1022 : 113657 1022705 0 0 0 0 0 0 0 
_1.ptx 1023 : 113657 44442 0 0 0 0 0 0 344 
_1.ptx 1024 : 107587 803896 0 0 0 0 0 0 0 
_1.ptx 1025 : 107587 808510 0 0 0 0 0 0 0 
_1.ptx 1028 : 6070 72692 0 0 0 0 0 0 0 
_1.ptx 1029 : 6070 110470 0 0 0 0 0 0 0 
_1.ptx 1030 : 6070 72706 0 0 0 0 0 0 0 
_1.ptx 1031 : 6070 73422 0 0 0 0 0 0 0 
_1.ptx 1032 : 6070 60101 0 0 0 0 0 0 0 
_1.ptx 1036 : 164088 1372050 0 0 0 0 0 0 0 
_1.ptx 1039 : 220903 1589579 0 0 0 0 0 0 0 
_1.ptx 1040 : 220903 1923091 0 0 0 0 0 0 0 
_1.ptx 1041 : 220903 1514566 0 0 0 0 0 0 370 
_1.ptx 1042 : 6068 74608 0 0 0 0 0 0 0 
_1.ptx 1043 : 6068 72287 0 0 0 0 0 0 0 
_1.ptx 1044 : 6068 72832 0 0 0 0 0 0 0 
_1.ptx 1045 : 6068 72996 0 0 0 0 0 0 0 
_1.ptx 1046 : 6068 73153 0 0 0 0 0 0 0 
_1.ptx 1047 : 6068 73484 0 0 0 0 0 0 0 
_1.ptx 1048 : 6068 73861 0 0 0 0 0 0 0 
_1.ptx 1049 : 6068 60762 0 0 0 0 0 0 0 
_1.ptx 1050 : 6068 61179 0 0 0 0 0 0 0 
_1.ptx 1051 : 6068 55186 0 0 0 0 0 0 0 
_1.ptx 1052 : 6068 44968 0 0 0 0 0 0 0 
_1.ptx 1057 : 220903 2404180 0 0 0 0 0 0 0 
_1.ptx 1058 : 220903 2413187 0 0 0 0 0 0 0 
_1.ptx 1059 : 220903 1682063 0 0 0 0 0 0 0 
_1.ptx 1060 : 220903 1935513 0 0 0 0 0 0 0 
_1.ptx 1061 : 220903 372435 0 0 0 0 0 0 0 
_1.ptx 1062 : 169119 1236700 0 0 0 0 0 0 0 
_1.ptx 1063 : 169119 1456833 0 0 0 0 0 0 0 
_1.ptx 1064 : 169119 1137882 0 0 0 0 0 0 295 
_1.ptx 1065 : 5031 35796 0 0 0 0 0 0 0 
_1.ptx 1067 : 51784 373949 0 0 0 0 0 0 0 
_1.ptx 1068 : 51784 458628 0 0 0 0 0 0 0 
_1.ptx 1071 : 56815 44022 0 0 0 0 0 0 318 
_1.ptx 1073 : 50745 596371 0 0 0 0 0 0 0 
_1.ptx 1074 : 50745 603188 0 0 0 0 0 0 0 
_1.ptx 1075 : 50745 604380 0 0 0 0 0 0 0 
_1.ptx 1076 : 50745 633394 0 0 0 0 0 0 0 
_1.ptx 1077 : 50745 502893 0 0 0 0 0 0 0 
_1.ptx 1078 : 50745 499406 0 0 0 0 0 0 0 
_1.ptx 1079 : 50745 1295046 0 0 0 0 0 0 0 
_1.ptx 1081 : 50745 373053 0 0 0 0 0 0 0 
_1.ptx 1082 : 50745 1078785 0 0 0 0 0 0 0 
_1.ptx 1083 : 50745 412981 0 0 0 0 0 0 0 
_1.ptx 1084 : 50745 721281 0 0 0 0 0 0 0 
_1.ptx 1085 : 50745 660979 0 0 0 0 0 0 0 
_1.ptx 1086 : 50745 602912 0 0 0 0 0 0 0 
_1.ptx 1087 : 50745 360612 128 0 0 0 0 0 0 
_1.ptx 1088 : 50745 362119 0 0 0 0 0 0 0 
_1.ptx 1089 : 50745 590800 0 0 0 0 0 0 0 
_1.ptx 1090 : 50745 597602 0 0 0 0 0 0 0 
_1.ptx 1091 : 50745 602047 0 0 0 0 0 0 0 
_1.ptx 1092 : 50745 355456 128 0 0 0 0 0 0 
_1.ptx 1093 : 50745 365398 0 0 0 0 0 0 0 
_1.ptx 1094 : 50745 594649 0 0 0 0 0 0 0 
_1.ptx 1095 : 50745 600646 0 0 0 0 0 0 0 
_1.ptx 1096 : 50745 605062 0 0 0 0 0 0 0 
_1.ptx 1097 : 50745 625607 128 0 0 0 0 0 0 
_1.ptx 1098 : 50745 360182 0 0 0 0 0 0 0 
_1.ptx 1099 : 50745 594821 0 0 0 0 0 0 0 
_1.ptx 1100 : 50745 490616 0 0 0 0 0 0 0 
_1.ptx 1101 : 50745 694995 128 0 0 0 0 0 0 
_1.ptx 1103 : 50745 586958 0 0 0 0 0 0 0 
_1.ptx 1104 : 50745 589919 0 0 0 0 0 0 0 
_1.ptx 1105 : 50745 593014 0 0 0 0 0 0 0 
_1.ptx 1106 : 50745 498979 0 0 0 0 0 0 0 
_1.ptx 1107 : 50745 607912 0 0 0 0 0 0 0 
_1.ptx 1108 : 50745 505814 0 0 0 0 0 0 0 
_1.ptx 1109 : 50745 381364 0 0 0 0 0 0 0 
_1.ptx 1110 : 50745 1101540 0 0 0 0 0 0 0 
_1.ptx 1111 : 50745 416525 0 0 0 0 0 0 0 
_1.ptx 1112 : 50745 1108285 0 0 0 0 0 0 0 
_1.ptx 1113 : 50745 424886 0 0 0 0 0 0 0 
_1.ptx 1114 : 50745 471114 0 0 0 0 0 0 0 
_1.ptx 1115 : 50745 378096 0 0 0 0 0 0 0 
_1.ptx 1121 : 50745 417614 0 0 0 0 0 0 0 
_1.ptx 1122 : 50745 368324 0 0 0 0 0 0 0 
_1.ptx 1123 : 50745 436974 0 0 0 0 0 0 0 
_1.ptx 1124 : 50745 0 0 0 0 0 0 0 0 
_1.ptx 1125 : 50745 327665 0 0 0 0 0 0 0 
_1.ptx 1133 : 50745 323367 0 0 0 0 0 0 0 
_1.ptx 1134 : 50745 422022 0 0 0 0 0 0 0 
_1.ptx 1135 : 50745 337303 0 0 0 0 0 0 0 
_1.ptx 1140 : 50745 327519 0 0 0 0 0 0 0 
_1.ptx 1141 : 50745 424016 0 0 0 0 0 0 0 
_1.ptx 1142 : 50745 333636 0 0 0 0 0 0 0 
_1.ptx 1157 : 50745 328543 0 0 0 0 0 0 0 
_1.ptx 1158 : 50745 426457 0 0 0 0 0 0 0 
_1.ptx 1159 : 50745 330302 0 0 0 0 0 0 0 
_1.ptx 1181 : 50745 328696 0 0 0 0 0 0 0 
_1.ptx 1182 : 50745 425874 0 0 0 0 0 0 0 
_1.ptx 1183 : 50745 333173 0 0 0 0 0 0 0 
_1.ptx 1196 : 50745 376104 0 0 0 0 0 0 0 
_1.ptx 1197 : 50745 379518 0 0 0 0 0 0 0 
_1.ptx 1198 : 50745 385346 0 0 0 0 0 0 0 
_1.ptx 1199 : 50745 390402 0 0 0 0 0 0 0 
_1.ptx 1200 : 50745 350056 0 0 0 0 0 0 0 
_1.ptx 1201 : 50745 430910 0 0 0 0 0 0 0 
_1.ptx 1202 : 50745 339156 0 0 0 0 0 0 0 
_1.ptx 1213 : 50745 425265 0 0 0 0 0 0 0 
_1.ptx 1216 : 50745 578185 0 0 0 0 0 0 0 
_1.ptx 1218 : 50745 429476 0 0 0 0 0 0 0 
_1.ptx 1219 : 50745 403623 0 0 0 0 0 0 0 
_1.ptx 1220 : 50745 398973 0 0 0 0 0 0 0 
_1.ptx 1221 : 50745 407985 0 0 0 0 0 0 0 
_1.ptx 1222 : 50745 359478 0 0 0 0 0 0 0 
_1.ptx 1223 : 50745 445005 0 0 0 0 0 0 0 
_1.ptx 1224 : 50745 213914 0 0 0 0 0 0 727 
_1.ptx 1226 : 21083 155624 0 0 0 0 0 0 0 
_1.ptx 1227 : 21083 250483 0 0 0 0 0 0 0 
_1.ptx 1229 : 21083 240796 0 0 0 0 0 0 0 
_1.ptx 1232 : 50745 391224 0 0 0 0 0 0 0 
_1.ptx 1233 : 50745 594308 0 0 0 0 0 0 0 
_1.ptx 1234 : 50745 330182 0 0 0 0 0 0 0 
_1.ptx 1235 : 50745 587394 0 0 0 0 0 0 0 
_1.ptx 1236 : 50745 611116 0 0 0 0 0 0 0 
_1.ptx 1237 : 50745 473144 0 0 0 0 0 0 0 
_1.ptx 1238 : 50745 2467703 0 0 0 0 0 0 0 
_1.ptx 1239 : 50745 407602 0 0 0 0 0 0 0 
_1.ptx 1240 : 50745 624184 0 0 0 0 0 0 0 
_1.ptx 1241 : 50745 408045 0 0 0 0 0 0 0 
_1.ptx 1242 : 50745 411643 0 0 0 0 0 0 0 
_1.ptx 1243 : 50745 410487 0 0 0 0 0 0 0 
_1.ptx 1244 : 50745 407031 0 0 0 0 0 0 0 
_1.ptx 1245 : 50745 409805 0 0 0 0 0 0 0 
_1.ptx 1246 : 50745 589907 0 0 0 0 0 0 0 
_1.ptx 1247 : 50745 592579 0 0 0 0 0 0 0 
_1.ptx 1248 : 50745 600648 0 0 0 0 0 0 0 
_1.ptx 1249 : 50745 480584 0 0 0 0 0 0 0 
_1.ptx 1250 : 50745 481069 0 0 0 0 0 0 0 
_1.ptx 1252 : 50745 617172 0 0 0 0 0 0 0 
_1.ptx 1253 : 50745 642957 0 0 0 0 0 0 0 
_1.ptx 1254 : 50745 447686 0 0 0 0 0 0 0 
_1.ptx 1255 : 50745 445870 0 0 0 0 0 0 0 
_1.ptx 1256 : 50745 528184 0 0 0 0 0 0 0 
_1.ptx 1257 : 50745 403583 0 0 0 0 0 0 0 
_1.ptx 1258 : 50745 514665 0 0 0 0 0 0 0 
_1.ptx 1259 : 50745 623889 0 0 0 0 0 0 0 
_1.ptx 1260 : 50745 626705 0 0 0 0 0 0 0 
_1.ptx 1261 : 50745 618694 0 0 0 0 0 0 0 
_1.ptx 1262 : 50745 614643 0 0 0 0 0 0 0 
_1.ptx 1263 : 50745 604427 0 0 0 0 0 0 0 
_1.ptx 1264 : 50745 602973 0 0 0 0 0 0 0 
_1.ptx 1265 : 50745 600466 0 0 0 0 0 0 0 
_1.ptx 1266 : 50745 596715 0 0 0 0 0 0 0 
_1.ptx 1267 : 50745 568911 0 0 0 0 0 0 0 
_1.ptx 1269 : 50745 578676 0 0 0 0 0 0 0 
_1.ptx 1271 : 50745 592308 0 0 0 0 0 0 0 
_1.ptx 1272 : 50745 620644 0 0 0 0 0 0 0 
_1.ptx 1274 : 50745 486443 0 0 0 0 0 0 0 
_1.ptx 1275 : 50745 438370 0 0 0 0 0 0 0 
_1.ptx 1276 : 50745 627174 0 0 0 0 0 0 0 
_1.ptx 1277 : 50745 630841 0 0 0 0 0 0 0 
_1.ptx 1279 : 50745 419679 0 0 0 0 0 0 0 
_1.ptx 1280 : 50745 626738 0 0 0 0 0 0 0 
_1.ptx 1281 : 50745 624030 0 0 0 0 0 0 0 
_1.ptx 1282 : 50745 612039 0 0 0 0 0 0 0 
_1.ptx 1283 : 50745 604884 0 0 0 0 0 0 0 
_1.ptx 1284 : 50745 601095 0 0 0 0 0 0 0 
_1.ptx 1286 : 50745 601454 0 0 0 0 0 0 0 
_1.ptx 1288 : 50745 365436 0 0 0 0 0 0 0 
_1.ptx 1289 : 50745 595153 0 0 0 0 0 0 0 
_1.ptx 1290 : 50745 595934 0 0 0 0 0 0 0 
_1.ptx 1291 : 50745 472109 0 0 0 0 0 0 0 
_1.ptx 1292 : 50745 643283 0 0 0 0 0 0 0 
_1.ptx 1293 : 50745 405491 0 0 0 0 0 0 0 
_1.ptx 1294 : 50745 494984 0 0 0 0 0 0 0 
_1.ptx 1295 : 50745 366531 0 0 0 0 0 0 0 
_1.ptx 1296 : 50745 490386 0 0 0 0 0 0 0 
_1.ptx 1297 : 50745 360368 0 0 0 0 0 0 0 
_1.ptx 1298 : 50745 490094 0 0 0 0 0 0 0 
_1.ptx 1299 : 50745 358177 0 0 0 0 0 0 0 
_1.ptx 1300 : 50745 490998 0 0 0 0 0 0 0 
_1.ptx 1301 : 50745 603394 0 0 0 0 0 0 0 
_1.ptx 1303 : 50745 420250 0 0 0 0 0 0 0 
_1.ptx 1304 : 50745 594087 0 0 0 0 0 0 0 
_1.ptx 1305 : 50745 590750 0 0 0 0 0 0 0 
_1.ptx 1307 : 50745 381228 0 0 0 0 0 0 0 
_1.ptx 1308 : 50745 390211 0 0 0 0 0 0 0 
_1.ptx 1309 : 50745 406547 0 0 0 0 0 0 0 
_1.ptx 1310 : 50745 358038 0 0 0 0 0 0 0 
_1.ptx 1311 : 50745 424235 0 0 0 0 0 0 0 
_1.ptx 1312 : 50745 326759 0 0 0 0 0 0 0 
_1.ptx 1321 : 50745 382121 0 0 0 0 0 0 0 
_1.ptx 1322 : 50745 341948 0 0 0 0 0 0 0 
_1.ptx 1323 : 50745 576996 0 0 0 0 0 0 0 
_1.ptx 1324 : 50745 410247 0 0 0 0 0 0 0 
_1.ptx 1325 : 50745 364340 0 0 0 0 0 0 0 
_1.ptx 1326 : 50745 366458 0 0 0 0 0 0 0 
_1.ptx 1327 : 50745 2665728 0 0 0 0 0 0 0 
_1.ptx 1328 : 50745 315141 0 0 0 0 0 0 0 
_1.ptx 1329 : 50745 328501 0 0 0 0 0 0 0 
_1.ptx 1330 : 50745 476846 0 0 0 0 0 0 0 
_1.ptx 1331 : 50745 485183 0 0 0 0 0 0 0 
_1.ptx 1332 : 50745 351830 0 0 0 0 0 0 0 
_1.ptx 1333 : 50745 675389 0 0 0 0 0 0 0 
_1.ptx 1334 : 50745 3578059 0 0 0 0 0 0 0 
_1.ptx 1335 : 50745 591237 0 0 0 0 0 0 0 
_1.ptx 1336 : 50745 327528 0 0 0 0 0 0 0 
_1.ptx 1337 : 50745 435150 0 0 0 0 0 0 0 
_1.ptx 1338 : 50745 475226 0 0 0 0 0 0 0 
_1.ptx 1339 : 50745 330486 0 0 0 0 0 0 0 
_1.ptx 1340 : 50745 429175 0 0 0 0 0 0 0 
_1.ptx 1341 : 50745 469512 0 0 0 0 0 0 0 
_1.ptx 1343 : 50745 381095 0 0 0 0 0 0 0 
_1.ptx 1344 : 50745 322945 0 0 0 0 0 0 0 
_1.ptx 1345 : 50745 430559 0 0 0 0 0 0 0 
_1.ptx 1346 : 50745 0 0 0 0 0 0 0 0 
_1.ptx 1348 : 50745 483793 0 0 0 0 0 0 0 
_1.ptx 1351 : 50745 419400 0 0 0 0 0 0 0 
_1.ptx 1352 : 50745 370367 0 0 0 0 0 0 0 
_1.ptx 1353 : 50745 414069 0 0 0 0 0 0 0 
_1.ptx 1354 : 50745 414313 0 0 0 0 0 0 0 
_1.ptx 1355 : 50745 374991 0 0 0 0 0 0 0 
_1.ptx 1356 : 50745 609280 0 0 0 0 0 0 0 
_1.ptx 1357 : 50745 605075 0 0 0 0 0 0 0 
_1.ptx 1358 : 50745 427242 0 0 0 0 0 0 0 
_1.ptx 1359 : 50745 364711 0 0 0 0 0 0 0 
_1.ptx 1360 : 50745 439595 0 0 0 0 0 0 0 
_1.ptx 1361 : 50745 400509 0 0 0 0 0 0 0 
_1.ptx 1362 : 50745 430738 0 0 0 0 0 0 0 
_1.ptx 1363 : 50745 320176 0 0 0 0 0 0 0 
_1.ptx 1364 : 50745 422485 0 0 0 0 0 0 0 
_1.ptx 1365 : 50745 327669 0 0 0 0 0 0 0 
_1.ptx 1372 : 50745 381501 0 0 0 0 0 0 0 
_1.ptx 1375 : 50745 335902 0 0 0 0 0 0 0 
_1.ptx 1376 : 50745 576302 0 0 0 0 0 0 0 
_1.ptx 1377 : 50745 579215 0 0 0 0 0 0 0 
_1.ptx 1378 : 50745 540103 0 0 0 0 0 0 0 
_1.ptx 1380 : 50745 572121 0 0 0 0 0 0 0 
_1.ptx 1381 : 50745 733584 0 0 0 0 0 0 0 
_1.ptx 1383 : 50745 580221 0 0 0 0 0 0 0 
_1.ptx 1384 : 50745 868898 0 0 0 0 0 0 0 
_1.ptx 1388 : 62282 714851 0 0 0 0 0 0 0 
_1.ptx 1389 : 62282 739210 0 0 0 0 0 0 0 
_1.ptx 1390 : 62282 725020 0 0 0 0 0 0 0 
_1.ptx 1391 : 62282 760999 0 0 0 0 0 0 0 
_1.ptx 1392 : 62282 736306 0 0 0 0 0 0 0 
_1.ptx 1393 : 62282 768215 0 0 0 0 0 0 0 
_1.ptx 1395 : 62282 735723 0 0 0 0 0 0 0 
_1.ptx 1396 : 62282 755907 0 0 0 0 0 0 0 
_1.ptx 1397 : 62282 748047 0 0 0 0 0 0 0 
_1.ptx 1398 : 62282 782699 0 0 0 0 0 0 0 
_1.ptx 1399 : 62282 632025 0 0 0 0 0 0 0 
_1.ptx 1400 : 62282 612653 0 0 0 0 0 0 0 
_1.ptx 1401 : 62282 2548367 0 0 0 0 0 0 0 
_1.ptx 1402 : 62282 744087 0 0 0 0 0 0 0 
_1.ptx 1403 : 62282 749611 0 0 0 0 0 0 0 
_1.ptx 1404 : 62282 753160 0 0 0 0 0 0 0 
_1.ptx 1405 : 62282 495396 0 0 0 0 0 0 0 
_1.ptx 1406 : 62282 494140 0 0 0 0 0 0 0 
_1.ptx 1408 : 62282 429145 0 0 0 0 0 0 0 
_1.ptx 1409 : 62282 590928 0 0 0 0 0 0 0 
_1.ptx 1410 : 62282 421682 0 0 0 0 0 0 0 
_1.ptx 1411 : 62282 590830 0 0 0 0 0 0 0 
_1.ptx 1412 : 62282 427943 0 0 0 0 0 0 0 
_1.ptx 1413 : 62282 612652 0 0 0 0 0 0 0 
_1.ptx 1416 : 127467 1408764 0 0 0 0 0 0 0 
_1.ptx 1417 : 127467 955629 0 0 0 0 0 0 0 
_1.ptx 1418 : 127467 1103630 0 0 0 0 0 0 0 
_1.ptx 1419 : 127467 6874 0 0 0 0 0 0 0 
_1.ptx 1420 : 126435 1087354 0 0 0 0 0 0 0 
_1.ptx 1421 : 126435 425501 0 0 0 0 0 0 550 
_1.ptx 1424 : 65536 708192 0 0 0 0 0 0 0 
_1.ptx 1425 : 65536 518336 0 0 0 0 0 0 0 
_1.ptx 1426 : 65536 430240 0 0 0 0 0 0 0 
_1.ptx 1427 : 65536 549760 0 0 0 0 0 0 0 
_1.ptx 604 : 65536 405184 0 0 0 0 0 0 0 
_1.ptx 1428 : 65536 363000 0 0 0 0 0 0 218 
_1.ptx 605 : 65536 423584 39168 0 0 0 0 0 0 
_1.ptx 1429 : 10434 79272 0 0 0 0 0 0 0 
_1.ptx 606 : 65536 405664 0 0 0 0 0 0 0 
_1.ptx 1430 : 10434 78249 0 0 0 0 0 0 0 
_1.ptx 607 : 65536 800576 38528 0 0 0 0 0 0 
_1.ptx 1431 : 10434 120723 0 0 0 0 0 0 0 
_1.ptx 608 : 65536 407040 0 0 0 0 0 0 0 
_1.ptx 1432 : 10434 120214 0 0 0 0 0 0 0 
_1.ptx 609 : 65536 795904 38784 0 0 0 0 0 0 
_1.ptx 1433 : 10434 80915 0 0 0 0 0 0 0 
_1.ptx 610 : 65536 406080 0 0 0 0 0 0 0 
_1.ptx 611 : 65536 955104 38784 0 0 0 0 0 0 
_1.ptx 612 : 65536 408512 0 0 0 0 0 0 0 
_1.ptx 613 : 65536 936352 50816 0 0 0 0 0 0 
_1.ptx 1437 : 15923 2423425 16640 0 0 0 0 0 0 
_1.ptx 614 : 65536 409120 0 0 0 0 0 0 0 
_1.ptx 1438 : 15923 2339481 10752 0 0 0 0 0 0 
_1.ptx 615 : 65536 1288736 51840 0 0 0 0 0 0 
_1.ptx 1439 : 15923 2563960 12416 0 0 0 0 0 0 
_1.ptx 616 : 65536 411168 0 0 0 0 0 0 0 
_1.ptx 1440 : 15923 2535173 0 0 0 0 0 0 0 
_1.ptx 617 : 65536 1486752 56320 0 0 0 0 0 0 
_1.ptx 1441 : 15923 2407770 128 0 0 0 0 0 0 
_1.ptx 618 : 65536 410688 0 0 0 0 0 0 0 
_1.ptx 1442 : 15923 2582631 128 0 0 0 0 0 0 
_1.ptx 619 : 65536 1569824 48640 0 0 0 0 0 0 
_1.ptx 1443 : 15923 2710742 17408 0 0 0 0 0 0 
_1.ptx 620 : 65536 410624 0 0 0 0 0 0 0 
_1.ptx 1444 : 15923 2601701 0 0 0 0 0 0 0 
_1.ptx 621 : 65536 1723936 53760 0 0 0 0 0 0 
_1.ptx 1445 : 15923 99309 0 0 0 0 0 0 0 
_1.ptx 622 : 65536 410368 0 0 0 0 0 0 0 
_1.ptx 1446 : 15923 147480 0 0 0 0 0 0 0 
_1.ptx 623 : 65536 1824288 58240 0 0 0 0 0 0 
_1.ptx 1447 : 15923 151117 128 0 0 0 0 0 0 
_1.ptx 624 : 65536 408320 0 0 0 0 0 0 0 
_1.ptx 1448 : 15923 101893 0 0 0 0 0 0 0 
_1.ptx 625 : 65536 1749600 56448 0 0 0 0 0 0 
_1.ptx 1449 : 15923 147916 0 0 0 0 0 0 0 
_1.ptx 626 : 65536 412448 0 0 0 0 0 0 0 
_1.ptx 1450 : 15923 134908 256 0 0 0 0 0 0 
_1.ptx 627 : 65536 1279872 58240 0 0 0 0 0 0 
_1.ptx 1451 : 15923 101416 0 0 0 0 0 0 0 
_1.ptx 628 : 65536 410944 0 0 0 0 0 0 0 
_1.ptx 1452 : 15923 147655 0 0 0 0 0 0 0 
_1.ptx 629 : 65536 1355680 58240 0 0 0 0 0 0 
_1.ptx 1453 : 15923 128347 288 0 0 0 0 0 0 
_1.ptx 630 : 65536 411712 0 0 0 0 0 0 0 
_1.ptx 1454 : 15923 102765 0 0 0 0 0 0 0 
_1.ptx 631 : 65536 1413536 58496 0 0 0 0 0 0 
_1.ptx 1455 : 15923 148180 0 0 0 0 0 0 0 
_1.ptx 632 : 65536 414016 0 0 0 0 0 0 0 
_1.ptx 1456 : 15923 124699 0 0 0 0 0 0 0 
_1.ptx 633 : 65536 1426944 63104 0 0 0 0 0 0 
_1.ptx 1457 : 15923 165285 0 0 0 0 0 0 0 
_1.ptx 634 : 65536 413984 0 0 0 0 0 0 0 
_1.ptx 1458 : 15923 166563 0 0 0 0 0 0 0 
_1.ptx 635 : 65536 1458304 56960 0 0 0 0 0 0 
_1.ptx 1459 : 15923 109015 0 0 0 0 0 0 0 
_1.ptx 636 : 65536 415008 0 0 0 0 0 0 0 
_1.ptx 1460 : 15923 134304 0 0 0 0 0 0 0 
_1.ptx 637 : 65536 1505248 63616 0 0 0 0 0 0 
_1.ptx 1461 : 15923 35586 0 0 0 0 0 0 386 
_1.ptx 638 : 65536 413248 0 0 0 0 0 0 0 
_1.ptx 639 : 65536 1557216 56704 0 0 0 0 0 0 
_1.ptx 640 : 65536 412704 0 0 0 0 0 0 0 
_1.ptx 1464 : 65536 14522464 23040 0 0 4096 2048 0 0 
_1.ptx 641 : 65536 1571552 69760 0 0 0 0 0 0 
_1.ptx 1465 : 65536 5350400 128 0 0 0 0 0 0 
_1.ptx 642 : 65536 414784 0 0 0 0 0 0 0 
_1.ptx 1466 : 65536 486560 0 0 0 0 0 0 0 
_1.ptx 643 : 65536 1304224 73216 0 0 0 0 0 0 
_1.ptx 1467 : 65536 423712 0 0 0 0 0 0 0 
_1.ptx 644 : 65536 415616 0 0 0 0 0 0 0 
_1.ptx 1468 : 65536 739232 0 0 0 0 0 0 0 
_1.ptx 645 : 65536 421760 0 0 0 0 0 0 0 
_1.ptx 1469 : 65536 486624 0 0 0 0 0 0 0 
_1.ptx 646 : 65536 547040 0 0 0 0 0 0 0 
_1.ptx 1470 : 65536 4970880 256 0 0 0 0 0 0 
_1.ptx 647 : 65536 416768 0 0 0 0 0 0 0 
_1.ptx 1471 : 65536 486592 0 0 0 0 0 0 0 
_1.ptx 648 : 65536 421152 0 0 0 0 0 0 0 
_1.ptx 1472 : 65536 424192 0 0 0 0 0 0 0 
_1.ptx 649 : 65536 545504 0 0 0 0 0 0 0 
_1.ptx 1473 : 65536 738240 0 0 0 0 0 0 0 
_1.ptx 650 : 65536 420832 0 0 0 0 0 0 0 
_1.ptx 1474 : 65536 487072 0 0 0 0 0 0 0 
_1.ptx 651 : 65536 736992 0 0 0 0 0 0 0 
_1.ptx 1475 : 65536 487328 0 0 0 0 0 0 0 
_1.ptx 652 : 65536 418208 0 0 0 0 0 0 0 
_1.ptx 1476 : 65536 542368 0 0 0 0 0 0 0 
_1.ptx 653 : 65536 733696 0 0 0 0 0 0 0 
_1.ptx 1477 : 65536 4024608 128 0 0 0 0 0 0 
_1.ptx 654 : 65536 1373920 128 0 0 0 0 0 0 
_1.ptx 1478 : 65536 492736 0 0 0 0 0 0 0 
_1.ptx 655 : 65536 1169984 0 0 0 0 0 0 0 
_1.ptx 1479 : 65536 426432 0 0 0 0 0 0 0 
_1.ptx 656 : 65536 543712 0 0 0 0 0 0 0 
_1.ptx 1480 : 65536 737856 0 0 0 0 0 0 0 
_1.ptx 657 : 65536 485920 0 0 0 0 0 0 0 
_1.ptx 1481 : 65536 491840 0 0 0 0 0 0 0 
_1.ptx 658 : 65536 543264 0 0 0 0 0 0 0 
_1.ptx 1482 : 65536 488160 0 0 0 0 0 0 0 
_1.ptx 659 : 65536 491616 0 0 0 0 0 0 0 
_1.ptx 1483 : 65536 4541824 0 0 0 0 0 0 0 
_1.ptx 660 : 65536 550816 0 0 0 0 0 0 0 
_1.ptx 1484 : 65536 492224 0 0 0 0 0 0 0 
_1.ptx 661 : 65536 418688 0 0 0 0 0 0 0 
_1.ptx 1485 : 65536 429248 0 0 0 0 0 0 0 
_1.ptx 662 : 65536 546048 0 0 0 0 0 0 0 
_1.ptx 1486 : 65536 741088 0 0 0 0 0 0 0 
_1.ptx 663 : 65536 0 0 0 0 0 0 0 0 
_1.ptx 1487 : 65536 490272 0 0 0 0 0 0 0 
_1.ptx 1488 : 65536 488576 0 0 0 0 0 0 0 
_1.ptx 665 : 65536 808352 0 0 0 0 0 0 0 
_1.ptx 1489 : 65536 543584 0 0 0 0 0 0 0 
_1.ptx 666 : 65536 655776 0 0 0 0 0 0 0 
_1.ptx 1490 : 65536 542880 0 0 0 0 0 0 0 
_1.ptx 667 : 65536 737440 0 0 0 0 0 0 0 
_1.ptx 1491 : 65536 736064 0 0 0 0 0 0 0 
_1.ptx 668 : 65536 488608 0 0 0 0 0 0 0 
_1.ptx 1492 : 65536 551648 0 0 0 4096 2048 0 0 
_1.ptx 669 : 65536 729632 0 0 0 0 0 0 0 
_1.ptx 670 : 65536 741344 0 0 0 0 0 0 0 
_1.ptx 671 : 65536 428000 0 0 0 0 0 0 0 
_1.ptx 1495 : 65536 410400 0 0 0 0 0 0 0 
_1.ptx 672 : 65536 1304352 172992 0 0 4096 2048 0 0 
_1.ptx 674 : 65536 2268992 128 0 0 0 0 0 0 
_1.ptx 675 : 65536 2094112 0 0 0 0 0 0 0 
_1.ptx 676 : 65536 591776 0 0 0 0 0 0 0 
_1.ptx 678 : 65536 393728 0 0 0 0 0 0 0 
_1.ptx 679 : 65536 459776 0 0 0 0 0 0 0 
_1.ptx 680 : 65536 749440 0 0 0 0 0 0 0 
_1.ptx 681 : 65536 1345440 0 0 0 0 0 0 0 
_1.ptx 682 : 65536 541056 0 0 0 0 0 0 0 
_1.ptx 683 : 65536 531200 0 0 0 0 0 0 0 
_1.ptx 684 : 65536 475872 0 0 0 0 0 0 0 
_1.ptx 685 : 65536 757248 0 0 0 0 0 0 0 
_1.ptx 686 : 65536 423584 0 0 0 0 0 0 0 
_1.ptx 687 : 65536 762400 0 0 0 0 0 0 0 
_1.ptx 688 : 65536 516608 0 0 0 0 0 0 0 
_1.ptx 689 : 65536 515968 0 0 0 0 0 0 0 
_1.ptx 690 : 65536 519040 0 0 0 0 0 0 0 
_1.ptx 691 : 65536 449888 0 0 0 0 0 0 0 
_1.ptx 692 : 65536 3135776 0 0 0 0 0 0 0 
_1.ptx 693 : 65536 423520 0 0 0 0 0 0 0 
_1.ptx 694 : 65536 743392 0 0 0 0 0 0 0 
_1.ptx 695 : 65536 756064 0 0 0 0 0 0 0 
_1.ptx 696 : 65536 438656 0 0 0 0 0 0 0 
_1.ptx 697 : 65536 754784 0 0 0 0 0 0 0 
_1.ptx 698 : 65536 743936 0 0 0 0 0 0 0 
_1.ptx 699 : 65536 429696 0 0 0 0 0 0 0 
_1.ptx 700 : 65536 743392 0 0 0 0 0 0 0 
_1.ptx 701 : 65536 379808 0 0 0 0 0 0 0 
_1.ptx 702 : 65536 744384 0 0 0 0 0 0 0 
_1.ptx 703 : 65536 400416 0 0 0 0 0 0 0 
_1.ptx 704 : 65536 746368 0 0 0 0 0 0 0 
_1.ptx 705 : 65536 335840 0 0 0 0 0 0 0 
_1.ptx 706 : 65536 742080 0 0 0 0 0 0 0 
_1.ptx 707 : 65536 325760 0 0 0 0 0 0 0 
_1.ptx 708 : 65536 742304 0 0 0 0 0 0 0 
_1.ptx 709 : 65536 348608 0 0 0 0 0 0 0 
_1.ptx 710 : 65536 754816 0 0 0 0 0 0 0 
_1.ptx 711 : 65536 767872 0 0 0 0 0 0 0 
_1.ptx 712 : 65536 781120 0 0 0 0 0 0 0 
_1.ptx 713 : 65536 791072 0 0 0 0 0 0 0 
_1.ptx 714 : 65536 794016 0 0 0 0 0 0 0 
_1.ptx 715 : 65536 801248 0 0 0 0 0 0 0 
_1.ptx 716 : 65536 814656 0 0 0 0 0 0 0 
_1.ptx 717 : 65536 796256 0 0 0 0 0 0 0 
_1.ptx 718 : 65536 792448 0 0 0 0 0 0 0 
_1.ptx 719 : 65536 789696 0 0 0 0 0 0 0 
_1.ptx 720 : 65536 783424 0 0 0 0 0 0 0 
_1.ptx 721 : 65536 784672 0 0 0 0 0 0 0 
_1.ptx 722 : 65536 782976 0 0 0 0 0 0 0 
_1.ptx 723 : 65536 794624 0 0 0 0 0 0 0 
_1.ptx 724 : 65536 645216 0 0 0 0 0 0 0 
_1.ptx 725 : 65536 619008 0 0 0 0 0 0 0 
_1.ptx 726 : 65536 1986240 0 0 0 0 0 0 0 
_1.ptx 727 : 65536 766368 0 0 0 0 0 0 0 
_1.ptx 728 : 65536 768000 0 0 0 0 0 0 0 
_1.ptx 729 : 65536 783744 0 0 0 0 0 0 0 
_1.ptx 731 : 65536 451840 0 0 0 0 0 0 0 
_1.ptx 733 : 65536 501184 0 0 0 0 0 0 0 
_1.ptx 734 : 65536 510144 0 0 0 0 0 0 0 
_1.ptx 735 : 65536 500672 0 0 0 0 0 0 0 
_1.ptx 736 : 65536 493056 0 0 0 0 0 0 0 
_1.ptx 738 : 127467 1012662 0 0 0 0 0 0 0 
_1.ptx 739 : 127467 885145 0 0 0 0 0 0 0 
_1.ptx 740 : 127467 859664 0 0 0 0 0 0 0 
_1.ptx 744 : 509868 3595367 256 0 0 17236 17236 0 0 
_1.ptx 745 : 509868 3399241 0 0 0 17236 17236 0 0 
_1.ptx 746 : 509868 3880538 256 0 0 17236 17236 0 0 
_1.ptx 747 : 509868 3066692 0 0 0 17236 17236 0 0 
_1.ptx 748 : 509868 2814846 0 0 0 17236 17236 0 0 
_1.ptx 749 : 509868 3426539 0 0 0 0 0 0 0 
_1.ptx 750 : 509868 4421364 0 0 0 0 0 0 0 
_1.ptx 751 : 509868 2716986 0 0 0 0 0 0 0 
_1.ptx 753 : 127467 982093 0 0 0 0 0 0 0 
_1.ptx 754 : 127467 864996 0 0 0 0 0 0 0 
_1.ptx 755 : 127467 1086905 0 0 0 0 0 0 0 
_1.ptx 756 : 127467 869491 0 0 0 0 0 0 0 
_1.ptx 761 : 127467 1455016 0 0 0 0 0 0 0 
_1.ptx 762 : 127467 6227585 0 0 0 0 0 0 0 
_1.ptx 763 : 127467 845615 0 0 0 0 0 0 0 
_1.ptx 764 : 127467 858191 0 0 0 0 0 0 0 
_1.ptx 765 : 127467 1083091 0 0 0 0 0 0 0 
_1.ptx 766 : 127467 1208677 0 0 0 0 0 0 0 
_1.ptx 769 : 127467 1016861 0 0 0 0 0 0 0 
_1.ptx 770 : 127467 892212 0 0 0 0 0 0 0 
_1.ptx 773 : 382401 4489124 0 0 0 0 0 0 0 
_1.ptx 774 : 382401 1290095 0 0 0 0 0 0 0 
_1.ptx 775 : 382401 4531268 0 0 0 0 0 0 0 
_1.ptx 776 : 382401 4521708 0 0 0 0 0 0 0 
_1.ptx 777 : 382401 4572624 0 0 0 0 0 0 0 
_1.ptx 778 : 382401 4577780 0 0 0 0 0 0 0 
_1.ptx 779 : 382401 4574557 0 0 0 0 0 0 0 
_1.ptx 780 : 382401 4589546 0 0 0 0 0 0 0 
_1.ptx 781 : 382401 3755331 0 0 0 0 0 0 0 
_1.ptx 782 : 382401 3838223 0 0 0 0 0 0 0 
_1.ptx 783 : 382401 3732875 0 0 0 0 0 0 0 
_1.ptx 784 : 382401 3834785 0 0 0 0 0 0 0 
_1.ptx 785 : 382401 3381418 0 0 0 0 0 0 0 
_1.ptx 786 : 382401 3161888 0 0 0 0 0 0 0 
_1.ptx 787 : 382401 2774959 0 0 0 0 0 0 0 
_1.ptx 788 : 382401 3393674 0 0 0 0 0 0 0 
_1.ptx 789 : 382401 3160157 0 0 0 0 0 0 0 
_1.ptx 790 : 382401 3406287 0 0 0 0 0 0 0 
_1.ptx 791 : 382401 2790359 0 0 0 0 0 0 0 
_1.ptx 792 : 382401 3394906 0 0 0 0 0 0 0 
_1.ptx 793 : 382401 1989814 0 0 0 0 0 0 1523 
_1.ptx 794 : 105477 780651 0 0 0 0 0 0 0 
_1.ptx 795 : 105477 771000 0 0 0 0 0 0 0 
_1.ptx 797 : 276924 3265572 0 0 0 0 0 0 0 
_1.ptx 798 : 276924 3272471 0 0 0 0 0 0 0 
_1.ptx 799 : 276924 2442763 0 0 0 0 0 0 0 
_1.ptx 800 : 276924 143722 0 0 0 0 0 0 715 
_1.ptx 801 : 257599 1882619 0 0 0 0 0 0 0 
_1.ptx 802 : 257599 1892940 0 0 0 0 0 0 0 
_1.ptx 805 : 19325 227108 0 0 0 0 0 0 0 
_1.ptx 806 : 19325 345916 0 0 0 0 0 0 0 
_1.ptx 807 : 19325 227728 0 0 0 0 0 0 0 
_1.ptx 808 : 19325 233666 0 0 0 0 0 0 0 
_1.ptx 809 : 19325 186384 0 0 0 0 0 0 0 
_1.ptx 813 : 382401 3185402 0 0 0 0 0 0 0 
_1.ptx 815 : 509868 3638498 0 0 0 0 0 0 0 
_1.ptx 816 : 509868 4417523 0 0 0 0 0 0 0 
_1.ptx 817 : 509868 4096019 0 0 0 0 0 0 0 
_1.ptx 818 : 509868 4408622 0 0 0 0 0 0 0 
_1.ptx 819 : 509868 4109336 0 0 0 0 0 0 0 
_1.ptx 820 : 509868 4481371 0 0 0 0 0 0 0 
_1.ptx 821 : 509868 3575571 0 0 0 0 0 0 0 
_1.ptx 822 : 509868 4443178 0 0 0 0 0 0 0 
