kernel line : count latency dram_traffic smem_bk_conflicts smem_warp gmem_access_generated gmem_warp exposed_latency warp_divergence
_1.ptx 200 : 61440 481024 0 0 0 0 0 0 0 
_1.ptx 68 : 61440 463680 0 0 0 0 0 0 0 
_1.ptx 69 : 61440 468512 0 0 0 0 0 0 0 
_1.ptx 70 : 61440 3379136 0 0 0 0 0 0 0 
_1.ptx 71 : 61440 451200 0 0 0 0 0 0 0 
_1.ptx 72 : 61440 746880 0 0 0 0 0 0 0 
_1.ptx 73 : 61440 547904 0 0 0 0 0 0 0 
_1.ptx 74 : 61440 4358816 128 0 0 0 0 0 0 
_1.ptx 75 : 61440 559232 0 0 0 0 0 0 0 
_1.ptx 76 : 61440 0 0 0 0 0 0 0 0 
_1.ptx 77 : 61440 391392 0 0 0 0 0 0 0 
_1.ptx 78 : 61440 456544 0 0 0 0 0 0 0 
_1.ptx 79 : 61440 808512 0 0 0 0 0 0 0 
_1.ptx 80 : 61440 473152 0 0 0 0 0 0 0 
_1.ptx 81 : 61440 3262688 0 0 0 0 0 0 0 
_1.ptx 82 : 61440 514496 0 0 0 0 0 0 0 
_1.ptx 83 : 61440 3176672 0 0 0 0 0 0 0 
_1.ptx 84 : 61440 514976 0 0 0 0 0 0 0 
_1.ptx 85 : 61440 476480 0 0 0 0 0 0 0 
_1.ptx 86 : 61440 598336 0 0 0 0 0 0 0 
_1.ptx 87 : 61440 345024 0 0 0 0 0 0 0 
_1.ptx 88 : 61440 728352 0 0 0 0 0 0 0 
_1.ptx 89 : 61440 3355008 0 0 0 0 0 0 0 
_1.ptx 90 : 61440 425568 0 0 0 0 0 0 0 
_1.ptx 91 : 61440 727104 0 0 0 0 0 0 0 
_1.ptx 92 : 61440 426144 0 0 0 0 0 0 0 
_1.ptx 93 : 61440 734688 0 0 0 0 0 0 0 
_1.ptx 94 : 61440 371296 0 0 0 0 0 0 0 
_1.ptx 95 : 61440 729056 0 0 0 0 0 0 0 
_1.ptx 96 : 61440 432864 0 0 0 0 0 0 0 
_1.ptx 97 : 61440 728128 0 0 0 0 0 0 0 
_1.ptx 101 : 2000000 901846496 8000000 0 0 62500 62500 0 0 
_1.ptx 102 : 2000000 894210336 8000000 0 0 62500 62500 0 0 
_1.ptx 103 : 2000000 905757376 8000000 0 0 62500 62500 0 0 
_1.ptx 104 : 2000000 26994304 0 0 0 0 0 0 0 
_1.ptx 105 : 2000000 208671008 0 0 0 0 0 0 0 
_1.ptx 106 : 2000000 141653472 0 0 0 0 0 0 0 
_1.ptx 107 : 2000000 16866976 0 0 0 0 0 0 0 
_1.ptx 108 : 2000000 145775776 0 0 0 0 0 0 0 
_1.ptx 109 : 2000000 26936224 0 0 0 0 0 0 0 
_1.ptx 110 : 2000000 14819360 0 0 0 0 0 0 0 
_1.ptx 111 : 2000000 27895040 0 0 0 0 0 0 0 
_1.ptx 112 : 2000000 15129824 0 0 0 0 0 0 0 
_1.ptx 113 : 2000000 26926528 0 0 0 0 0 0 0 
_1.ptx 114 : 2000000 145424192 0 0 0 0 0 0 0 
_1.ptx 115 : 2000000 19491872 0 0 0 0 0 0 0 
_1.ptx 116 : 2000000 26329184 0 0 0 0 0 0 0 
_1.ptx 117 : 2000000 208316608 0 0 0 0 0 0 0 
_1.ptx 118 : 2000000 24213312 0 0 0 0 0 0 0 
_1.ptx 119 : 2000000 24171552 0 0 0 0 0 0 0 
_1.ptx 120 : 2000000 14809408 0 0 0 0 0 0 0 
_1.ptx 121 : 2000000 18563904 0 0 0 0 0 0 0 
_1.ptx 122 : 2000000 15229920 0 0 0 0 0 0 0 
_1.ptx 123 : 2000000 25994656 0 0 0 0 0 0 0 
_1.ptx 124 : 2000000 17978848 0 0 0 0 0 0 0 
_1.ptx 125 : 2000000 15752384 0 0 0 0 0 0 0 
_1.ptx 126 : 2000000 18337312 0 0 0 0 0 0 0 
_1.ptx 127 : 2000000 15337728 0 0 0 0 0 0 0 
_1.ptx 128 : 2000000 25676000 0 0 0 0 0 0 0 
_1.ptx 129 : 2000000 17264864 0 0 0 0 0 0 0 
_1.ptx 130 : 2000000 26451712 0 0 0 0 0 0 0 
_1.ptx 131 : 2000000 15953664 0 0 0 0 0 0 0 
_1.ptx 132 : 2000000 16314496 0 0 0 0 0 0 0 
_1.ptx 133 : 2000000 19839424 0 0 0 0 0 0 0 
_1.ptx 134 : 2000000 26373216 0 0 0 0 0 0 0 
_1.ptx 135 : 2000000 15951680 0 0 0 0 0 0 0 
_1.ptx 136 : 2000000 16329920 0 0 0 0 0 0 0 
_1.ptx 137 : 2000000 19800128 0 0 0 0 0 0 0 
_1.ptx 138 : 2000000 14823936 0 0 0 0 0 0 0 
_1.ptx 139 : 2000000 26034528 0 0 0 0 0 0 0 
_1.ptx 140 : 2000000 143254016 0 0 0 0 0 0 0 
_1.ptx 141 : 2000000 14963584 0 0 0 0 0 0 0 
_1.ptx 142 : 2000000 26225088 0 0 0 0 0 0 0 
_1.ptx 143 : 2000000 147676768 0 0 0 0 0 0 0 
_1.ptx 144 : 2000000 150520160 0 0 0 0 0 0 0 
_1.ptx 145 : 2000000 14621280 0 0 0 0 0 0 0 
_1.ptx 146 : 2000000 15231776 0 0 0 0 0 0 0 
_1.ptx 147 : 2000000 19620032 0 0 0 0 0 0 0 
_1.ptx 148 : 2000000 151462912 0 0 0 0 0 0 0 
_1.ptx 149 : 2000000 14836608 0 0 0 0 0 0 0 
_1.ptx 150 : 2000000 15369312 0 0 0 0 0 0 0 
_1.ptx 151 : 2000000 19674240 0 0 0 0 0 0 0 
_1.ptx 152 : 2000000 14652224 0 0 0 0 0 0 0 
_1.ptx 153 : 2000000 26057056 0 0 0 0 0 0 0 
_1.ptx 154 : 2000000 14668640 0 0 0 0 0 0 0 
_1.ptx 155 : 2000000 19755776 0 0 0 0 0 0 0 
_1.ptx 156 : 2000000 14673856 0 0 0 0 0 0 0 
_1.ptx 157 : 2000000 25540128 0 0 0 0 0 0 0 
_1.ptx 158 : 2000000 14533952 0 0 0 0 0 0 0 
_1.ptx 159 : 2000000 19664800 0 0 0 0 0 0 0 
_1.ptx 160 : 2000000 14528640 0 0 0 0 0 0 0 
_1.ptx 161 : 2000000 19631360 0 0 0 0 0 0 0 
_1.ptx 162 : 2000000 14496160 0 0 0 0 0 0 0 
_1.ptx 163 : 2000000 19782368 0 0 0 0 0 0 0 
_1.ptx 164 : 2000000 14505472 0 0 0 0 0 0 0 
_1.ptx 165 : 2000000 19632576 0 0 0 0 0 0 0 
_1.ptx 166 : 2000000 14575296 0 0 0 0 0 0 0 
_1.ptx 167 : 2000000 19511072 0 0 0 0 0 0 0 
_1.ptx 168 : 2000000 25596160 0 0 0 0 0 0 0 
_1.ptx 169 : 2000000 25852480 0 0 0 0 0 0 0 
_1.ptx 170 : 2000000 25628768 0 0 0 0 0 0 0 
_1.ptx 171 : 2000000 26179232 0 0 0 0 0 0 0 
_1.ptx 172 : 2000000 14878784 0 0 0 0 0 0 0 
_1.ptx 173 : 2000000 24097696 0 0 0 0 0 0 0 
_1.ptx 174 : 2000000 14731744 0 0 0 0 0 0 0 
_1.ptx 175 : 2000000 23726912 0 0 0 0 0 0 0 
_1.ptx 176 : 2000000 19710720 0 0 0 0 0 0 0 
_1.ptx 177 : 2000000 19477088 0 0 0 0 0 0 0 
_1.ptx 178 : 2000000 25195232 0 0 0 0 0 0 0 
_1.ptx 179 : 2000000 26047104 0 0 0 0 0 0 0 
_1.ptx 180 : 2000000 23666592 0 0 0 0 0 0 0 
_1.ptx 181 : 2000000 16038112 8000000 0 0 62500 62500 0 0 
_1.ptx 182 : 2000000 14371104 0 0 0 0 0 0 0 
_1.ptx 183 : 2000000 23684672 0 0 0 0 0 0 0 
_1.ptx 184 : 2000000 25708608 0 0 0 0 0 0 0 
_1.ptx 185 : 2000000 15048032 0 0 0 0 0 0 0 
_1.ptx 186 : 2000000 23757792 0 0 0 0 0 0 0 
_1.ptx 187 : 2000000 25467552 0 0 0 0 0 0 0 
_1.ptx 188 : 2000000 23737568 0 0 0 0 0 0 0 
_1.ptx 189 : 2000000 15826496 8000000 0 0 62500 62500 0 0 
_1.ptx 190 : 2000000 23406528 0 0 0 0 0 0 0 
_1.ptx 191 : 2000000 23816768 0 0 0 0 0 0 0 
_1.ptx 192 : 2000000 24239360 0 0 0 0 0 0 0 
_1.ptx 193 : 2000000 24742752 0 0 0 0 0 0 0 
_1.ptx 194 : 2000000 25305536 0 0 0 0 0 0 0 
_1.ptx 195 : 2000000 25166400 0 0 0 0 0 0 0 
_1.ptx 196 : 2000000 19685888 0 0 0 0 0 0 0 
_1.ptx 197 : 2000000 14854304 0 0 0 0 0 0 0 
