kernel line : count latency dram_traffic smem_bk_conflicts smem_warp gmem_access_generated gmem_warp exposed_latency warp_divergence
_1.ptx 200 : 61440 395360 0 0 0 0 0 0 0 
_1.ptx 68 : 61440 382208 0 0 0 0 0 0 0 
_1.ptx 69 : 61440 386624 0 0 0 0 0 0 0 
_1.ptx 70 : 61440 994496 0 0 0 0 0 0 0 
_1.ptx 71 : 61440 378848 0 0 0 0 0 0 0 
_1.ptx 72 : 61440 696800 0 0 0 0 0 0 0 
_1.ptx 73 : 61440 472896 0 0 0 0 0 0 0 
_1.ptx 74 : 61440 10717792 128 0 0 0 0 0 0 
_1.ptx 75 : 61440 521472 0 0 0 0 0 0 0 
_1.ptx 76 : 61440 0 0 0 0 0 0 0 0 
_1.ptx 77 : 61440 6999616 0 0 0 0 0 0 0 
_1.ptx 78 : 61440 409152 0 0 0 0 0 0 0 
_1.ptx 79 : 61440 707744 0 0 0 0 0 0 0 
_1.ptx 80 : 61440 424288 0 0 0 0 0 0 0 
_1.ptx 81 : 61440 883200 0 0 0 0 0 0 0 
_1.ptx 82 : 61440 460608 0 0 0 0 0 0 0 
_1.ptx 83 : 61440 873280 0 0 0 0 0 0 0 
_1.ptx 84 : 61440 449952 0 0 0 0 0 0 0 
_1.ptx 85 : 61440 7963040 0 0 0 0 0 0 0 
_1.ptx 86 : 61440 570208 0 0 0 0 0 0 0 
_1.ptx 87 : 61440 7096576 0 0 0 0 0 0 0 
_1.ptx 88 : 61440 692128 0 0 0 0 0 0 0 
_1.ptx 89 : 61440 944352 0 0 0 0 0 0 0 
_1.ptx 90 : 61440 7038368 0 0 0 0 0 0 0 
_1.ptx 91 : 61440 694016 0 0 0 0 0 0 0 
_1.ptx 92 : 61440 7193056 0 0 0 0 0 0 0 
_1.ptx 93 : 61440 696416 0 0 0 0 0 0 0 
_1.ptx 94 : 61440 7860640 0 0 0 0 0 0 0 
_1.ptx 95 : 61440 691936 0 0 0 0 0 0 0 
_1.ptx 96 : 61440 7304864 0 0 0 0 0 0 0 
_1.ptx 97 : 61440 691552 0 0 0 0 0 0 0 
_1.ptx 101 : 2000000 4574980768 8000000 0 0 62500 62500 0 0 
_1.ptx 102 : 2000000 4551394240 8000000 0 0 62500 62500 0 0 
_1.ptx 103 : 2000000 4552004480 8000000 0 0 62500 62500 0 0 
_1.ptx 104 : 2000000 22152096 0 0 0 0 0 0 0 
_1.ptx 105 : 2000000 110087168 0 0 0 0 0 0 0 
_1.ptx 106 : 2000000 33378560 0 0 0 0 0 0 0 
_1.ptx 107 : 2000000 14321408 0 0 0 0 0 0 0 
_1.ptx 108 : 2000000 32955360 0 0 0 0 0 0 0 
_1.ptx 109 : 2000000 22243232 0 0 0 0 0 0 0 
_1.ptx 110 : 2000000 12131904 0 0 0 0 0 0 0 
_1.ptx 111 : 2000000 22211552 0 0 0 0 0 0 0 
_1.ptx 112 : 2000000 12162144 0 0 0 0 0 0 0 
_1.ptx 113 : 2000000 22212960 0 0 0 0 0 0 0 
_1.ptx 114 : 2000000 33055872 0 0 0 0 0 0 0 
_1.ptx 115 : 2000000 18155712 0 0 0 0 0 0 0 
_1.ptx 116 : 2000000 22182400 0 0 0 0 0 0 0 
_1.ptx 117 : 2000000 96904960 0 0 0 0 0 0 0 
_1.ptx 118 : 2000000 22159392 0 0 0 0 0 0 0 
_1.ptx 119 : 2000000 22159456 0 0 0 0 0 0 0 
_1.ptx 120 : 2000000 12148704 0 0 0 0 0 0 0 
_1.ptx 121 : 2000000 16203680 0 0 0 0 0 0 0 
_1.ptx 122 : 2000000 12196320 0 0 0 0 0 0 0 
_1.ptx 123 : 2000000 22175392 0 0 0 0 0 0 0 
_1.ptx 124 : 2000000 15706272 0 0 0 0 0 0 0 
_1.ptx 125 : 2000000 12550528 0 0 0 0 0 0 0 
_1.ptx 126 : 2000000 16235648 0 0 0 0 0 0 0 
_1.ptx 127 : 2000000 12428800 0 0 0 0 0 0 0 
_1.ptx 128 : 2000000 22140896 0 0 0 0 0 0 0 
_1.ptx 129 : 2000000 14319072 0 0 0 0 0 0 0 
_1.ptx 130 : 2000000 22291264 0 0 0 0 0 0 0 
_1.ptx 131 : 2000000 12488512 0 0 0 0 0 0 0 
_1.ptx 132 : 2000000 12484416 0 0 0 0 0 0 0 
_1.ptx 133 : 2000000 19202912 0 0 0 0 0 0 0 
_1.ptx 134 : 2000000 22657600 0 0 0 0 0 0 0 
_1.ptx 135 : 2000000 12881088 0 0 0 0 0 0 0 
_1.ptx 136 : 2000000 12864192 0 0 0 0 0 0 0 
_1.ptx 137 : 2000000 18135776 0 0 0 0 0 0 0 
_1.ptx 138 : 2000000 12137888 0 0 0 0 0 0 0 
_1.ptx 139 : 2000000 22162464 0 0 0 0 0 0 0 
_1.ptx 140 : 2000000 33531648 0 0 0 0 0 0 0 
_1.ptx 141 : 2000000 12199424 0 0 0 0 0 0 0 
_1.ptx 142 : 2000000 22174976 0 0 0 0 0 0 0 
_1.ptx 143 : 2000000 39108032 0 0 0 0 0 0 0 
_1.ptx 144 : 2000000 48184992 0 0 0 0 0 0 0 
_1.ptx 145 : 2000000 12286816 0 0 0 0 0 0 0 
_1.ptx 146 : 2000000 12319040 0 0 0 0 0 0 0 
_1.ptx 147 : 2000000 18200928 0 0 0 0 0 0 0 
_1.ptx 148 : 2000000 49731424 0 0 0 0 0 0 0 
_1.ptx 149 : 2000000 12465056 0 0 0 0 0 0 0 
_1.ptx 150 : 2000000 12417408 0 0 0 0 0 0 0 
_1.ptx 151 : 2000000 18181920 0 0 0 0 0 0 0 
_1.ptx 152 : 2000000 12194944 0 0 0 0 0 0 0 
_1.ptx 153 : 2000000 22197696 0 0 0 0 0 0 0 
_1.ptx 154 : 2000000 12181504 0 0 0 0 0 0 0 
_1.ptx 155 : 2000000 18137312 0 0 0 0 0 0 0 
_1.ptx 156 : 2000000 12152224 0 0 0 0 0 0 0 
_1.ptx 157 : 2000000 22230464 0 0 0 0 0 0 0 
_1.ptx 158 : 2000000 12165632 0 0 0 0 0 0 0 
_1.ptx 159 : 2000000 18135136 0 0 0 0 0 0 0 
_1.ptx 160 : 2000000 12153088 0 0 0 0 0 0 0 
_1.ptx 161 : 2000000 18133152 0 0 0 0 0 0 0 
_1.ptx 162 : 2000000 12165408 0 0 0 0 0 0 0 
_1.ptx 163 : 2000000 18181056 0 0 0 0 0 0 0 
_1.ptx 164 : 2000000 12159968 0 0 0 0 0 0 0 
_1.ptx 165 : 2000000 18130048 0 0 0 0 0 0 0 
_1.ptx 166 : 2000000 12154464 0 0 0 0 0 0 0 
_1.ptx 167 : 2000000 18154528 0 0 0 0 0 0 0 
_1.ptx 168 : 2000000 22281984 0 0 0 0 0 0 0 
_1.ptx 169 : 2000000 22225952 0 0 0 0 0 0 0 
_1.ptx 170 : 2000000 22218976 0 0 0 0 0 0 0 
_1.ptx 171 : 2000000 22249248 0 0 0 0 0 0 0 
_1.ptx 172 : 2000000 12176992 0 0 0 0 0 0 0 
_1.ptx 173 : 2000000 22186848 0 0 0 0 0 0 0 
_1.ptx 174 : 2000000 12178784 0 0 0 0 0 0 0 
_1.ptx 175 : 2000000 22150112 0 0 0 0 0 0 0 
_1.ptx 176 : 2000000 18180192 0 0 0 0 0 0 0 
_1.ptx 177 : 2000000 18144320 0 0 0 0 0 0 0 
_1.ptx 178 : 2000000 22195360 0 0 0 0 0 0 0 
_1.ptx 179 : 2000000 22223456 0 0 0 0 0 0 0 
_1.ptx 180 : 2000000 22152000 0 0 0 0 0 0 0 
_1.ptx 181 : 2000000 337776992 8000000 0 0 62500 62500 0 0 
_1.ptx 182 : 2000000 12441312 0 0 0 0 0 0 0 
_1.ptx 183 : 2000000 22429504 0 0 0 0 0 0 0 
_1.ptx 184 : 2000000 22563520 0 0 0 0 0 0 0 
_1.ptx 185 : 2000000 12793888 0 0 0 0 0 0 0 
_1.ptx 186 : 2000000 22309760 0 0 0 0 0 0 0 
_1.ptx 187 : 2000000 22272224 0 0 0 0 0 0 0 
_1.ptx 188 : 2000000 22226368 0 0 0 0 0 0 0 
_1.ptx 189 : 2000000 384069600 8000000 0 0 62500 62500 0 0 
_1.ptx 190 : 2000000 22295616 0 0 0 0 0 0 0 
_1.ptx 191 : 2000000 22424000 0 0 0 0 0 0 0 
_1.ptx 192 : 2000000 22604928 0 0 0 0 0 0 0 
_1.ptx 193 : 2000000 22797696 0 0 0 0 0 0 0 
_1.ptx 194 : 2000000 23258112 0 0 0 0 0 0 0 
_1.ptx 195 : 2000000 23051808 0 0 0 0 0 0 0 
_1.ptx 196 : 2000000 17248352 0 0 0 0 0 0 0 
_1.ptx 197 : 2000000 12340640 0 0 0 0 0 0 0 
