kernel line : count latency dram_traffic smem_bk_conflicts smem_warp gmem_access_generated gmem_warp exposed_latency warp_divergence
_1.ptx 823 : 509868 3075012 0 0 0 0 0 0 1125 
_1.ptx 825 : 74702 590072 0 0 0 0 0 0 0 
_1.ptx 827 : 74702 616681 0 0 0 0 0 0 0 
_1.ptx 829 : 509868 5570871 0 0 0 0 0 0 0 
_1.ptx 830 : 509868 5622050 0 0 0 0 0 0 0 
_1.ptx 831 : 509868 3796568 0 0 0 0 0 0 0 
_1.ptx 832 : 509868 4484027 0 0 0 0 0 0 0 
_1.ptx 833 : 509868 2672601 0 0 0 0 0 0 0 
_1.ptx 834 : 127467 909921 0 0 0 0 0 0 0 
_1.ptx 835 : 127467 1100382 0 0 0 0 0 0 0 
_1.ptx 836 : 127467 1024292 0 0 0 0 0 0 0 
_1.ptx 837 : 127467 893487 0 0 0 0 0 0 0 
_1.ptx 838 : 127467 1100692 0 0 0 0 0 0 0 
_1.ptx 839 : 127467 1007858 0 0 0 0 0 0 0 
_1.ptx 840 : 127467 1105386 0 0 0 0 0 0 0 
_1.ptx 841 : 127467 892153 0 0 0 0 0 0 0 
_1.ptx 842 : 127467 1091735 0 0 0 0 0 0 0 
_1.ptx 843 : 127467 441264 0 0 0 0 0 0 631 
_1.ptx 845 : 62282 683531 0 0 0 0 0 0 0 
_1.ptx 847 : 62282 512981 0 0 0 0 0 0 0 
_1.ptx 848 : 62282 491897 0 0 0 0 0 0 0 
_1.ptx 849 : 62282 793361 0 0 0 0 0 0 0 
_1.ptx 850 : 62282 719261 0 0 0 0 0 0 0 
_1.ptx 851 : 62282 300504 0 0 0 2349 2349 0 0 
_1.ptx 852 : 62282 300953 0 0 0 2349 2349 0 0 
_1.ptx 853 : 62282 294255 0 0 0 2544 2349 0 0 
_1.ptx 854 : 62282 301394 0 0 0 2544 2349 0 0 
_1.ptx 855 : 62282 292230 0 0 0 2544 2349 0 0 
_1.ptx 856 : 62282 297439 0 0 0 2544 2349 0 0 
_1.ptx 857 : 62282 287480 0 0 0 2544 2349 0 0 
_1.ptx 859 : 62282 706549 0 0 0 0 0 0 0 
_1.ptx 860 : 62282 709851 0 0 0 0 0 0 0 
_1.ptx 861 : 62282 713353 0 0 0 0 0 0 0 
_1.ptx 862 : 62282 718701 0 0 0 0 0 0 0 
_1.ptx 863 : 62282 729714 0 0 0 0 0 0 0 
_1.ptx 864 : 62282 721280 0 0 0 0 0 0 0 
_1.ptx 865 : 62282 319346 0 0 0 2544 2349 0 0 
_1.ptx 866 : 62282 441190 0 0 0 0 0 0 0 
_1.ptx 867 : 62282 538412 0 0 0 0 0 0 0 
_1.ptx 868 : 62282 130163 0 0 0 0 0 0 305 
_1.ptx 870 : 43133 310225 0 0 0 0 0 0 0 
_1.ptx 871 : 43133 307427 0 0 0 0 0 0 0 
_1.ptx 872 : 43133 308244 0 0 0 0 0 0 0 
_1.ptx 873 : 43133 298855 0 0 0 0 0 0 0 
_1.ptx 875 : 19149 61965 0 0 0 0 0 0 0 
_1.ptx 876 : 19149 219609 0 0 0 0 0 0 0 
_1.ptx 877 : 19149 220506 0 0 0 0 0 0 0 
_1.ptx 878 : 19149 222788 0 0 0 0 0 0 0 
_1.ptx 879 : 19149 226525 0 0 0 0 0 0 0 
_1.ptx 880 : 19149 231776 0 0 0 0 0 0 0 
_1.ptx 881 : 19149 182602 0 0 0 0 0 0 0 
_1.ptx 882 : 19149 184204 0 0 0 0 0 0 0 
_1.ptx 883 : 19149 678607 0 0 0 0 0 0 0 
_1.ptx 884 : 19149 249071 0 0 0 0 0 0 0 
_1.ptx 885 : 19149 250748 0 0 0 0 0 0 0 
_1.ptx 886 : 19149 250603 0 0 0 0 0 0 0 
_1.ptx 888 : 62282 729016 0 0 0 0 0 0 0 
_1.ptx 889 : 62282 726861 0 0 0 0 0 0 0 
_1.ptx 890 : 62282 740171 0 0 0 0 0 0 0 
_1.ptx 891 : 62282 785834 0 0 0 0 0 0 0 
_1.ptx 892 : 62282 616011 0 0 0 0 0 0 0 
_1.ptx 893 : 62282 604973 0 0 0 0 0 0 0 
_1.ptx 894 : 62282 2137885 0 0 0 0 0 0 0 
_1.ptx 895 : 62282 729136 0 0 0 0 0 0 0 
_1.ptx 896 : 62282 734023 0 0 0 0 0 0 0 
_1.ptx 897 : 62282 739018 0 0 0 0 0 0 0 
_1.ptx 898 : 62282 712273 0 0 0 0 0 0 0 
_1.ptx 899 : 62282 599777 0 0 0 0 0 0 0 
_1.ptx 900 : 62282 597180 0 0 0 0 0 0 0 
_1.ptx 901 : 62282 426436 0 0 0 0 0 0 0 
_1.ptx 902 : 62282 537107 0 0 0 0 0 0 0 
_1.ptx 903 : 62282 433783 0 0 0 0 0 0 0 
_1.ptx 910 : 62282 485061 0 0 0 0 0 0 0 
_1.ptx 911 : 62282 489492 0 0 0 0 0 0 0 
_1.ptx 912 : 62282 502562 0 0 0 0 0 0 0 
_1.ptx 915 : 62282 448283 0 0 0 0 0 0 0 
_1.ptx 916 : 62282 720016 0 0 0 0 0 0 0 
_1.ptx 917 : 62282 487558 0 0 0 0 0 0 0 
_1.ptx 918 : 62282 996434 0 0 0 0 0 0 0 
_1.ptx 919 : 62282 709255 0 0 0 0 0 0 0 
_1.ptx 920 : 62282 544180 21088 0 0 0 0 0 0 
_1.ptx 921 : 62282 418792 0 0 0 0 0 0 0 
_1.ptx 922 : 62282 716685 0 0 0 0 0 0 0 
_1.ptx 923 : 62282 711459 44832 0 0 0 0 0 0 
_1.ptx 924 : 62282 417423 0 0 0 0 0 0 0 
_1.ptx 925 : 62282 711623 0 0 0 0 0 0 0 
_1.ptx 926 : 62282 915748 21664 0 0 0 0 0 0 
_1.ptx 927 : 62282 406634 0 0 0 0 0 0 0 
_1.ptx 928 : 62282 711293 0 0 0 0 0 0 0 
_1.ptx 929 : 62282 936021 13472 0 0 0 0 0 0 
_1.ptx 931 : 62282 409929 0 0 0 0 0 0 0 
_1.ptx 932 : 62282 713811 0 0 0 0 0 0 0 
_1.ptx 933 : 62282 420591 0 0 0 0 0 0 0 
_1.ptx 934 : 62282 710941 0 0 0 0 0 0 0 
_1.ptx 935 : 62282 409206 0 0 0 0 0 0 0 
_1.ptx 936 : 62282 717675 0 0 0 0 0 0 0 
_1.ptx 937 : 62282 750086 0 0 0 0 0 0 0 
_1.ptx 938 : 62282 600863 0 0 0 0 0 0 0 
_1.ptx 939 : 62282 595307 0 0 0 0 0 0 0 
_1.ptx 940 : 62282 2354595 0 0 0 0 0 0 0 
_1.ptx 941 : 62282 771891 0 0 0 0 0 0 0 
_1.ptx 942 : 62282 772030 0 0 0 0 0 0 0 
_1.ptx 943 : 62282 780187 0 0 0 0 0 0 0 
_1.ptx 944 : 62282 776071 0 0 0 0 0 0 0 
_1.ptx 945 : 62282 597473 0 0 0 0 0 0 0 
_1.ptx 946 : 62282 598489 0 0 0 0 0 0 0 
_1.ptx 947 : 62282 434572 0 0 0 0 0 0 0 
_1.ptx 948 : 62282 540505 0 0 0 0 0 0 0 
_1.ptx 949 : 62282 37424 0 0 0 0 0 0 318 
_1.ptx 951 : 56815 445332 0 0 0 0 0 0 0 
_1.ptx 952 : 56815 354036 0 0 0 0 0 0 0 
_1.ptx 955 : 220903 988141 0 0 0 8579 8579 0 0 
_1.ptx 956 : 220903 979576 0 0 0 8579 8579 0 0 
_1.ptx 957 : 220903 963510 0 0 0 8579 8579 0 0 
_1.ptx 958 : 220903 973105 0 0 0 8579 8579 0 0 
_1.ptx 959 : 220903 1472348 0 0 0 0 0 0 0 
_1.ptx 960 : 220903 1891442 0 0 0 0 0 0 0 
_1.ptx 961 : 220903 1137993 0 0 0 0 0 0 0 
_1.ptx 963 : 56815 433592 0 0 0 0 0 0 0 
_1.ptx 964 : 56815 379316 0 0 0 0 0 0 0 
_1.ptx 965 : 56815 476933 0 0 0 0 0 0 0 
_1.ptx 966 : 56815 367691 0 0 0 0 0 0 0 
_1.ptx 971 : 56815 358546 0 0 0 0 0 0 0 
_1.ptx 972 : 56815 525157 0 0 0 0 0 0 0 
_1.ptx 973 : 56815 639483 0 0 0 0 0 0 0 
_1.ptx 974 : 56815 3410918 0 0 0 0 0 0 0 
_1.ptx 976 : 56815 369776 0 0 0 0 0 0 0 
_1.ptx 977 : 56815 375617 0 0 0 0 0 0 0 
_1.ptx 978 : 56815 487997 0 0 0 0 0 0 0 
_1.ptx 979 : 56815 528551 0 0 0 0 0 0 0 
_1.ptx 982 : 56815 435828 0 0 0 0 0 0 0 
_1.ptx 983 : 56815 381886 0 0 0 0 0 0 0 
_1.ptx 986 : 164088 755313 0 0 0 6402 6402 0 0 
_1.ptx 987 : 164088 624235 0 0 0 0 0 0 0 
_1.ptx 988 : 164088 1943161 0 0 0 0 0 0 0 
_1.ptx 989 : 164088 1157039 0 0 0 0 0 0 0 
_1.ptx 990 : 164088 1957030 0 0 0 0 0 0 0 
_1.ptx 991 : 164088 1175776 0 0 0 0 0 0 0 
_1.ptx 992 : 164088 1966484 0 0 0 0 0 0 0 
_1.ptx 993 : 164088 1205679 0 0 0 0 0 0 0 
_1.ptx 994 : 164088 1955243 0 0 0 0 0 0 0 
_1.ptx 995 : 164088 1948742 0 0 0 0 0 0 0 
_1.ptx 996 : 164088 1986063 0 0 0 0 0 0 0 
_1.ptx 997 : 164088 1983030 0 0 0 0 0 0 0 
_1.ptx 998 : 164088 1982497 0 0 0 0 0 0 0 
_1.ptx 999 : 164088 1979761 0 0 0 0 0 0 0 
_1.ptx 1000 : 164088 1994597 0 0 0 0 0 0 0 
_1.ptx 1001 : 164088 2020406 0 0 0 0 0 0 0 
_1.ptx 1002 : 164088 1675250 0 0 0 0 0 0 0 
_1.ptx 1003 : 164088 1662301 0 0 0 0 0 0 0 
_1.ptx 1004 : 164088 1990203 0 0 0 0 0 0 0 
_1.ptx 1005 : 164088 1642353 0 0 0 0 0 0 0 
_1.ptx 1006 : 164088 1641508 0 0 0 0 0 0 0 
_1.ptx 1007 : 164088 2004153 0 0 0 0 0 0 0 
_1.ptx 1008 : 164088 1503770 0 0 0 0 0 0 0 
_1.ptx 1009 : 164088 1392126 0 0 0 0 0 0 0 
_1.ptx 1010 : 164088 1177429 0 0 0 0 0 0 0 
_1.ptx 1011 : 164088 1455681 0 0 0 0 0 0 0 
_1.ptx 1012 : 164088 1356665 0 0 0 0 0 0 0 
_1.ptx 1013 : 164088 1469300 0 0 0 0 0 0 0 
_1.ptx 1014 : 164088 1205480 0 0 0 0 0 0 0 
_1.ptx 1015 : 164088 1461225 0 0 0 0 0 0 0 
_1.ptx 1016 : 164088 832541 0 0 0 0 0 0 965 
_1.ptx 1017 : 50431 369841 0 0 0 0 0 0 0 
_1.ptx 1018 : 50431 365981 0 0 0 0 0 0 0 
_1.ptx 1020 : 113657 1345805 0 0 0 0 0 0 0 
_1.ptx 1021 : 113657 1352449 0 0 0 0 0 0 0 
_1.ptx 1022 : 113657 1020647 0 0 0 0 0 0 0 
_1.ptx 1023 : 113657 45520 0 0 0 0 0 0 344 
_1.ptx 1024 : 107587 798451 0 0 0 0 0 0 0 
_1.ptx 1025 : 107587 805633 0 0 0 0 0 0 0 
_1.ptx 1028 : 6070 71752 0 0 0 0 0 0 0 
_1.ptx 1029 : 6070 117739 0 0 0 0 0 0 0 
_1.ptx 1030 : 6070 72684 0 0 0 0 0 0 0 
_1.ptx 1031 : 6070 74176 0 0 0 0 0 0 0 
_1.ptx 1032 : 6070 60164 0 0 0 0 0 0 0 
_1.ptx 1036 : 164088 1372220 0 0 0 0 0 0 0 
_1.ptx 1039 : 220903 1583717 0 0 0 0 0 0 0 
_1.ptx 1040 : 220903 1925595 0 0 0 0 0 0 0 
_1.ptx 1041 : 220903 1513103 0 0 0 0 0 0 370 
_1.ptx 1042 : 6068 72283 0 0 0 0 0 0 0 
_1.ptx 1043 : 6068 73930 0 0 0 0 0 0 0 
_1.ptx 1044 : 6068 74302 0 0 0 0 0 0 0 
_1.ptx 1045 : 6068 73066 0 0 0 0 0 0 0 
_1.ptx 1046 : 6068 72959 0 0 0 0 0 0 0 
_1.ptx 1047 : 6068 73657 0 0 0 0 0 0 0 
_1.ptx 1048 : 6068 76995 0 0 0 0 0 0 0 
_1.ptx 1049 : 6068 60532 0 0 0 0 0 0 0 
_1.ptx 1050 : 6068 60593 0 0 0 0 0 0 0 
_1.ptx 1051 : 6068 55977 0 0 0 0 0 0 0 
_1.ptx 1052 : 6068 46803 0 0 0 0 0 0 0 
_1.ptx 1057 : 220903 2396655 0 0 0 0 0 0 0 
_1.ptx 1058 : 220903 2408128 0 0 0 0 0 0 0 
_1.ptx 1059 : 220903 1681798 0 0 0 0 0 0 0 
_1.ptx 1060 : 220903 1937564 0 0 0 0 0 0 0 
_1.ptx 1061 : 220903 377113 0 0 0 0 0 0 0 
_1.ptx 1062 : 169119 1234660 0 0 0 0 0 0 0 
_1.ptx 1063 : 169119 1459046 0 0 0 0 0 0 0 
_1.ptx 1064 : 169119 1136659 0 0 0 0 0 0 295 
_1.ptx 1065 : 5031 36976 0 0 0 0 0 0 0 
_1.ptx 1067 : 51784 374585 0 0 0 0 0 0 0 
_1.ptx 1068 : 51784 457400 0 0 0 0 0 0 0 
_1.ptx 1071 : 56815 45443 0 0 0 0 0 0 318 
_1.ptx 1073 : 50745 601071 0 0 0 0 0 0 0 
_1.ptx 1074 : 50745 606482 0 0 0 0 0 0 0 
_1.ptx 1075 : 50745 607275 0 0 0 0 0 0 0 
_1.ptx 1076 : 50745 638235 0 0 0 0 0 0 0 
_1.ptx 1077 : 50745 503067 0 0 0 0 0 0 0 
_1.ptx 1078 : 50745 499732 0 0 0 0 0 0 0 
_1.ptx 1079 : 50745 1225449 0 0 0 0 0 0 0 
_1.ptx 1081 : 50745 370627 0 0 0 0 0 0 0 
_1.ptx 1082 : 50745 1080889 0 0 0 0 0 0 0 
_1.ptx 1083 : 50745 412180 0 0 0 0 0 0 0 
_1.ptx 1084 : 50745 717114 0 0 0 0 0 0 0 
_1.ptx 1085 : 50745 670498 0 0 0 0 0 0 0 
_1.ptx 1086 : 50745 604540 0 0 0 0 0 0 0 
_1.ptx 1087 : 50745 369541 0 0 0 0 0 0 0 
_1.ptx 1088 : 50745 367315 0 0 0 0 0 0 0 
_1.ptx 1089 : 50745 586669 0 0 0 0 0 0 0 
_1.ptx 1090 : 50745 595310 0 0 0 0 0 0 0 
_1.ptx 1091 : 50745 601445 0 0 0 0 0 0 0 
_1.ptx 1092 : 50745 356486 0 0 0 0 0 0 0 
_1.ptx 1093 : 50745 366529 0 0 0 0 0 0 0 
_1.ptx 1094 : 50745 595331 0 0 0 0 0 0 0 
_1.ptx 1095 : 50745 600219 0 0 0 0 0 0 0 
_1.ptx 1096 : 50745 607985 0 0 0 0 0 0 0 
_1.ptx 1097 : 50745 618701 0 0 0 0 0 0 0 
_1.ptx 1098 : 50745 362675 0 0 0 0 0 0 0 
_1.ptx 1099 : 50745 596253 0 0 0 0 0 0 0 
_1.ptx 1100 : 50745 492582 0 0 0 0 0 0 0 
_1.ptx 1101 : 50745 669427 0 0 0 0 0 0 0 
_1.ptx 1103 : 50745 589275 0 0 0 0 0 0 0 
_1.ptx 1104 : 50745 595600 0 0 0 0 0 0 0 
_1.ptx 1105 : 50745 596851 0 0 0 0 0 0 0 
_1.ptx 1106 : 50745 501761 0 0 0 0 0 0 0 
_1.ptx 1107 : 50745 607440 0 0 0 0 0 0 0 
_1.ptx 1108 : 50745 510522 0 0 0 0 0 0 0 
_1.ptx 1109 : 50745 387459 0 0 0 0 0 0 0 
_1.ptx 1110 : 50745 1100116 0 0 0 0 0 0 0 
_1.ptx 1111 : 50745 424303 0 0 0 0 0 0 0 
_1.ptx 1112 : 50745 1108137 0 0 0 0 0 0 0 
_1.ptx 1113 : 50745 430534 0 0 0 0 0 0 0 
_1.ptx 1114 : 50745 473249 0 0 0 0 0 0 0 
_1.ptx 1115 : 50745 377833 0 0 0 0 0 0 0 
_1.ptx 1121 : 50745 418506 0 0 0 0 0 0 0 
_1.ptx 1122 : 50745 368907 0 0 0 0 0 0 0 
_1.ptx 1123 : 50745 436685 0 0 0 0 0 0 0 
_1.ptx 1124 : 50745 0 0 0 0 0 0 0 0 
_1.ptx 1125 : 50745 330362 0 0 0 0 0 0 0 
_1.ptx 1133 : 50745 324212 0 0 0 0 0 0 0 
_1.ptx 1134 : 50745 421617 0 0 0 0 0 0 0 
_1.ptx 1135 : 50745 333648 0 0 0 0 0 0 0 
_1.ptx 1140 : 50745 329142 0 0 0 0 0 0 0 
_1.ptx 1141 : 50745 424241 0 0 0 0 0 0 0 
_1.ptx 1142 : 50745 337389 0 0 0 0 0 0 0 
_1.ptx 1157 : 50745 331534 0 0 0 0 0 0 0 
_1.ptx 1158 : 50745 426594 0 0 0 0 0 0 0 
_1.ptx 1159 : 50745 331818 0 0 0 0 0 0 0 
_1.ptx 1181 : 50745 328575 0 0 0 0 0 0 0 
_1.ptx 1182 : 50745 424993 0 0 0 0 0 0 0 
_1.ptx 1183 : 50745 327993 0 0 0 0 0 0 0 
_1.ptx 1196 : 50745 369936 0 0 0 0 0 0 0 
_1.ptx 1197 : 50745 374602 0 0 0 0 0 0 0 
_1.ptx 1198 : 50745 381099 0 0 0 0 0 0 0 
_1.ptx 1199 : 50745 385311 0 0 0 0 0 0 0 
_1.ptx 1200 : 50745 346423 0 0 0 0 0 0 0 
_1.ptx 1201 : 50745 429205 0 0 0 0 0 0 0 
_1.ptx 1202 : 50745 333785 0 0 0 0 0 0 0 
_1.ptx 1213 : 50745 426035 0 0 0 0 0 0 0 
_1.ptx 1216 : 50745 580039 0 0 0 0 0 0 0 
_1.ptx 1218 : 50745 428949 0 0 0 0 0 0 0 
_1.ptx 1219 : 50745 402720 0 0 0 0 0 0 0 
_1.ptx 1220 : 50745 397034 0 0 0 0 0 0 0 
_1.ptx 1221 : 50745 409003 0 0 0 0 0 0 0 
_1.ptx 1222 : 50745 364403 0 0 0 0 0 0 0 
_1.ptx 1223 : 50745 443911 0 0 0 0 0 0 0 
_1.ptx 1224 : 50745 211646 0 0 0 0 0 0 727 
_1.ptx 1226 : 21083 158764 0 0 0 0 0 0 0 
_1.ptx 1227 : 21083 250138 0 0 0 0 0 0 0 
_1.ptx 1229 : 21083 238229 0 0 0 0 0 0 0 
_1.ptx 1232 : 50745 389062 0 0 0 0 0 0 0 
_1.ptx 1233 : 50745 594499 0 0 0 0 0 0 0 
_1.ptx 1234 : 50745 328744 0 0 0 0 0 0 0 
_1.ptx 1235 : 50745 587418 0 0 0 0 0 0 0 
_1.ptx 1236 : 50745 614536 0 0 0 0 0 0 0 
_1.ptx 1237 : 50745 475717 0 0 0 0 0 0 0 
_1.ptx 1238 : 50745 2501234 0 0 0 0 0 0 0 
_1.ptx 1239 : 50745 409532 0 0 0 0 0 0 0 
_1.ptx 1240 : 50745 628780 0 0 0 0 0 0 0 
_1.ptx 1241 : 50745 408083 0 0 0 0 0 0 0 
_1.ptx 1242 : 50745 412230 0 0 0 0 0 0 0 
_1.ptx 1243 : 50745 411216 0 0 0 0 0 0 0 
_1.ptx 1244 : 50745 408374 0 0 0 0 0 0 0 
_1.ptx 1245 : 50745 408472 0 0 0 0 0 0 0 
_1.ptx 1246 : 50745 587156 0 0 0 0 0 0 0 
_1.ptx 1247 : 50745 589580 0 0 0 0 0 0 0 
_1.ptx 1248 : 50745 597224 0 0 0 0 0 0 0 
_1.ptx 1249 : 50745 482004 0 0 0 0 0 0 0 
_1.ptx 1250 : 50745 482176 0 0 0 0 0 0 0 
_1.ptx 1252 : 50745 613439 0 0 0 0 0 0 0 
_1.ptx 1253 : 50745 646490 0 0 0 0 0 0 0 
_1.ptx 1254 : 50745 449008 0 0 0 0 0 0 0 
_1.ptx 1255 : 50745 453109 0 0 0 0 0 0 0 
_1.ptx 1256 : 50745 526909 0 0 0 0 0 0 0 
_1.ptx 1257 : 50745 400167 0 0 0 0 0 0 0 
_1.ptx 1258 : 50745 515502 0 0 0 0 0 0 0 
_1.ptx 1259 : 50745 622895 0 0 0 0 0 0 0 
_1.ptx 1260 : 50745 627335 0 0 0 0 0 0 0 
_1.ptx 1261 : 50745 619598 0 0 0 0 0 0 0 
_1.ptx 1262 : 50745 614118 0 0 0 0 0 0 0 
_1.ptx 1263 : 50745 605788 0 0 0 0 0 0 0 
_1.ptx 1264 : 50745 604073 0 0 0 0 0 0 0 
_1.ptx 1265 : 50745 601147 0 0 0 0 0 0 0 
_1.ptx 1266 : 50745 597446 0 0 0 0 0 0 0 
_1.ptx 1267 : 50745 569724 0 0 0 0 0 0 0 
_1.ptx 1269 : 50745 576409 0 0 0 0 0 0 0 
_1.ptx 1271 : 50745 590009 0 0 0 0 0 0 0 
_1.ptx 1272 : 50745 621580 0 0 0 0 0 0 0 
_1.ptx 1274 : 50745 487062 0 0 0 0 0 0 0 
_1.ptx 1275 : 50745 435217 0 0 0 0 0 0 0 
_1.ptx 1276 : 50745 625694 0 0 0 0 0 0 0 
_1.ptx 1277 : 50745 628204 0 0 0 0 0 0 0 
_1.ptx 1279 : 50745 425114 0 0 0 0 0 0 0 
_1.ptx 1280 : 50745 621840 0 0 0 0 0 0 0 
_1.ptx 1281 : 50745 625656 0 0 0 0 0 0 0 
_1.ptx 1282 : 50745 614390 0 0 0 0 0 0 0 
_1.ptx 1283 : 50745 604607 0 0 0 0 0 0 0 
_1.ptx 1284 : 50745 599355 0 0 0 0 0 0 0 
_1.ptx 1286 : 50745 602748 0 0 0 0 0 0 0 
_1.ptx 1288 : 50745 370507 0 0 0 0 0 0 0 
_1.ptx 1289 : 50745 586531 0 0 0 0 0 0 0 
_1.ptx 1290 : 50745 596203 0 0 0 0 0 0 0 
_1.ptx 1291 : 50745 475730 0 0 0 0 0 0 0 
_1.ptx 1292 : 50745 643851 0 0 0 0 0 0 0 
_1.ptx 1293 : 50745 409429 0 0 0 0 0 0 0 
_1.ptx 1294 : 50745 494951 0 0 0 0 0 0 0 
_1.ptx 1295 : 50745 365064 0 0 0 0 0 0 0 
_1.ptx 1296 : 50745 491303 0 0 0 0 0 0 0 
_1.ptx 1297 : 50745 357304 0 0 0 0 0 0 0 
_1.ptx 1298 : 50745 491706 0 0 0 0 0 0 0 
_1.ptx 1299 : 50745 354078 0 0 0 0 0 0 0 
_1.ptx 1300 : 50745 491418 0 0 0 0 0 0 0 
_1.ptx 1301 : 50745 601714 0 0 0 0 0 0 0 
_1.ptx 1303 : 50745 421668 0 0 0 0 0 0 0 
_1.ptx 1304 : 50745 596450 0 0 0 0 0 0 0 
_1.ptx 1305 : 50745 590269 0 0 0 0 0 0 0 
_1.ptx 1307 : 50745 377770 0 0 0 0 0 0 0 
_1.ptx 1308 : 50745 388384 0 0 0 0 0 0 0 
_1.ptx 1309 : 50745 401440 0 0 0 0 0 0 0 
_1.ptx 1310 : 50745 356470 0 0 0 0 0 0 0 
_1.ptx 1311 : 50745 421583 0 0 0 0 0 0 0 
_1.ptx 1312 : 50745 322448 0 0 0 0 0 0 0 
_1.ptx 1321 : 50745 380168 0 0 0 0 0 0 0 
_1.ptx 1322 : 50745 339944 0 0 0 0 0 0 0 
_1.ptx 1323 : 50745 575558 0 0 0 0 0 0 0 
_1.ptx 1324 : 50745 409094 0 0 0 0 0 0 0 
_1.ptx 1325 : 50745 363473 0 0 0 0 0 0 0 
_1.ptx 1326 : 50745 365655 0 0 0 0 0 0 0 
_1.ptx 1327 : 50745 2687588 0 0 0 0 0 0 0 
_1.ptx 1328 : 50745 311865 0 0 0 0 0 0 0 
_1.ptx 1329 : 50745 324383 0 0 0 0 0 0 0 
_1.ptx 1330 : 50745 476377 0 0 0 0 0 0 0 
_1.ptx 1331 : 50745 483949 0 0 0 0 0 0 0 
_1.ptx 1332 : 50745 350388 0 0 0 0 0 0 0 
_1.ptx 1333 : 50745 683902 0 0 0 0 0 0 0 
_1.ptx 1334 : 50745 3632930 0 0 0 0 0 0 0 
_1.ptx 1335 : 50745 593196 0 0 0 0 0 0 0 
_1.ptx 1336 : 50745 325325 0 0 0 0 0 0 0 
_1.ptx 1337 : 50745 433229 0 0 0 0 0 0 0 
_1.ptx 1338 : 50745 474202 0 0 0 0 0 0 0 
_1.ptx 1339 : 50745 330208 0 0 0 0 0 0 0 
_1.ptx 1340 : 50745 426412 0 0 0 0 0 0 0 
_1.ptx 1341 : 50745 468146 0 0 0 0 0 0 0 
_1.ptx 1343 : 50745 380159 0 0 0 0 0 0 0 
_1.ptx 1344 : 50745 319437 0 0 0 0 0 0 0 
_1.ptx 1345 : 50745 429028 0 0 0 0 0 0 0 
_1.ptx 1346 : 50745 0 0 0 0 0 0 0 0 
_1.ptx 1348 : 50745 483034 0 0 0 0 0 0 0 
_1.ptx 1351 : 50745 414499 0 0 0 0 0 0 0 
_1.ptx 1352 : 50745 365562 0 0 0 0 0 0 0 
_1.ptx 1353 : 50745 410384 0 0 0 0 0 0 0 
_1.ptx 1354 : 50745 412603 0 0 0 0 0 0 0 
_1.ptx 1355 : 50745 369454 0 0 0 0 0 0 0 
_1.ptx 1356 : 50745 610166 0 0 0 0 0 0 0 
_1.ptx 1357 : 50745 604781 0 0 0 0 0 0 0 
_1.ptx 1358 : 50745 422952 0 0 0 0 0 0 0 
_1.ptx 1359 : 50745 360194 0 0 0 0 0 0 0 
_1.ptx 1360 : 50745 436404 0 0 0 0 0 0 0 
_1.ptx 1361 : 50745 399255 0 0 0 0 0 0 0 
_1.ptx 1362 : 50745 430181 0 0 0 0 0 0 0 
_1.ptx 1363 : 50745 317108 0 0 0 0 0 0 0 
_1.ptx 1364 : 50745 420418 0 0 0 0 0 0 0 
_1.ptx 1365 : 50745 321394 0 0 0 0 0 0 0 
_1.ptx 1372 : 50745 379982 0 0 0 0 0 0 0 
_1.ptx 1375 : 50745 334675 0 0 0 0 0 0 0 
_1.ptx 1376 : 50745 576995 0 0 0 0 0 0 0 
_1.ptx 1377 : 50745 575541 0 0 0 0 0 0 0 
_1.ptx 1378 : 50745 514139 0 0 0 0 0 0 0 
_1.ptx 1380 : 50745 571054 0 0 0 0 0 0 0 
_1.ptx 1381 : 50745 657967 0 0 0 0 0 0 0 
_1.ptx 1383 : 50745 577924 0 0 0 0 0 0 0 
_1.ptx 1384 : 50745 818186 0 0 0 0 0 0 0 
_1.ptx 1388 : 62282 712746 0 0 0 0 0 0 0 
_1.ptx 1389 : 62282 722549 0 0 0 0 0 0 0 
_1.ptx 1390 : 62282 724472 0 0 0 0 0 0 0 
_1.ptx 1391 : 62282 750705 0 0 0 0 0 0 0 
_1.ptx 1392 : 62282 741098 0 0 0 0 0 0 0 
_1.ptx 1393 : 62282 788993 0 0 0 0 0 0 0 
_1.ptx 1395 : 62282 738751 0 0 0 0 0 0 0 
_1.ptx 1396 : 62282 756912 0 0 0 0 0 0 0 
_1.ptx 1397 : 62282 746800 0 0 0 0 0 0 0 
_1.ptx 1398 : 62282 776100 0 0 0 0 0 0 0 
_1.ptx 1399 : 62282 635029 0 0 0 0 0 0 0 
_1.ptx 1400 : 62282 609854 0 0 0 0 0 0 0 
_1.ptx 1401 : 62282 2579096 0 0 0 0 0 0 0 
_1.ptx 1402 : 62282 741907 0 0 0 0 0 0 0 
_1.ptx 1403 : 62282 741449 0 0 0 0 0 0 0 
_1.ptx 1404 : 62282 755033 0 0 0 0 0 0 0 
_1.ptx 1405 : 62282 495591 0 0 0 0 0 0 0 
_1.ptx 1406 : 62282 489859 0 0 0 0 0 0 0 
_1.ptx 1408 : 62282 427880 0 0 0 0 0 0 0 
_1.ptx 1409 : 62282 588571 0 0 0 0 0 0 0 
_1.ptx 1410 : 62282 419346 0 0 0 0 0 0 0 
_1.ptx 1411 : 62282 589132 0 0 0 0 0 0 0 
_1.ptx 1412 : 62282 424465 0 0 0 0 0 0 0 
_1.ptx 1413 : 62282 609531 0 0 0 0 0 0 0 
_1.ptx 1416 : 127467 1413972 0 0 0 0 0 0 0 
_1.ptx 1417 : 127467 954344 0 0 0 0 0 0 0 
_1.ptx 1418 : 127467 1101360 0 0 0 0 0 0 0 
_1.ptx 1419 : 127467 6916 0 0 0 0 0 0 0 
_1.ptx 1420 : 126435 1087678 0 0 0 0 0 0 0 
_1.ptx 1421 : 126435 428501 0 0 0 0 0 0 550 
_1.ptx 1424 : 65536 715680 0 0 0 0 0 0 0 
_1.ptx 1425 : 65536 524160 0 0 0 0 0 0 0 
_1.ptx 1426 : 65536 425568 0 0 0 0 0 0 0 
_1.ptx 1427 : 65536 548064 0 0 0 0 0 0 0 
_1.ptx 604 : 65536 407648 0 0 0 0 0 0 0 
_1.ptx 1428 : 65536 360061 0 0 0 0 0 0 218 
_1.ptx 605 : 65536 458112 38400 0 0 0 0 0 0 
_1.ptx 1429 : 10434 80040 0 0 0 0 0 0 0 
_1.ptx 606 : 65536 405600 0 0 0 0 0 0 0 
_1.ptx 1430 : 10434 79165 0 0 0 0 0 0 0 
_1.ptx 607 : 65536 884896 38400 0 0 0 0 0 0 
_1.ptx 1431 : 10434 129839 0 0 0 0 0 0 0 
_1.ptx 608 : 65536 403072 0 0 0 0 0 0 0 
_1.ptx 1432 : 10434 119991 0 0 0 0 0 0 0 
_1.ptx 609 : 65536 871808 38400 0 0 0 0 0 0 
_1.ptx 1433 : 10434 81122 0 0 0 0 0 0 0 
_1.ptx 610 : 65536 405248 0 0 0 0 0 0 0 
_1.ptx 611 : 65536 1243328 38400 0 0 0 0 0 0 
_1.ptx 612 : 65536 406400 0 0 0 0 0 0 0 
_1.ptx 613 : 65536 1192544 43264 0 0 0 0 0 0 
_1.ptx 1437 : 15923 1664302 8832 0 0 0 0 0 0 
_1.ptx 614 : 65536 405760 0 0 0 0 0 0 0 
_1.ptx 1438 : 15923 1548549 2176 0 0 0 0 0 0 
_1.ptx 615 : 65536 1260192 40448 0 0 0 0 0 0 
_1.ptx 1439 : 15923 1788350 4224 0 0 0 0 0 0 
_1.ptx 616 : 65536 407424 0 0 0 0 0 0 0 
_1.ptx 1440 : 15923 1865432 0 0 0 0 0 0 0 
_1.ptx 617 : 65536 1419552 43776 0 0 0 0 0 0 
_1.ptx 1441 : 15923 1677929 0 0 0 0 0 0 0 
_1.ptx 618 : 65536 406848 0 0 0 0 0 0 0 
_1.ptx 1442 : 15923 1922063 0 0 0 0 0 0 0 
_1.ptx 619 : 65536 1486880 40320 0 0 0 0 0 0 
_1.ptx 1443 : 15923 1901411 8704 0 0 0 0 0 0 
_1.ptx 620 : 65536 407904 0 0 0 0 0 0 0 
_1.ptx 1444 : 15923 1915745 0 0 0 0 0 0 0 
_1.ptx 621 : 65536 1451392 39552 0 0 0 0 0 0 
_1.ptx 1445 : 15923 101692 0 0 0 0 0 0 0 
_1.ptx 622 : 65536 407744 0 0 0 0 0 0 0 
_1.ptx 1446 : 15923 147645 0 0 0 0 0 0 0 
_1.ptx 623 : 65536 1504384 44544 0 0 0 0 0 0 
_1.ptx 1447 : 15923 112639 0 0 0 0 0 0 0 
_1.ptx 624 : 65536 407424 0 0 0 0 0 0 0 
_1.ptx 1448 : 15923 101135 0 0 0 0 0 0 0 
_1.ptx 625 : 65536 1584384 39808 0 0 0 0 0 0 
_1.ptx 1449 : 15923 147739 0 0 0 0 0 0 0 
_1.ptx 626 : 65536 410816 0 0 0 0 0 0 0 
_1.ptx 1450 : 15923 106604 0 0 0 0 0 0 0 
_1.ptx 627 : 65536 1069376 42112 0 0 0 0 0 0 
_1.ptx 1451 : 15923 101617 0 0 0 0 0 0 0 
_1.ptx 628 : 65536 408736 0 0 0 0 0 0 0 
_1.ptx 1452 : 15923 147425 0 0 0 0 0 0 0 
_1.ptx 629 : 65536 1152672 44800 0 0 0 0 0 0 
_1.ptx 1453 : 15923 110722 0 0 0 0 0 0 0 
_1.ptx 630 : 65536 408000 0 0 0 0 0 0 0 
_1.ptx 1454 : 15923 101969 0 0 0 0 0 0 0 
_1.ptx 631 : 65536 1373216 41216 0 0 0 0 0 0 
_1.ptx 1455 : 15923 147577 0 0 0 0 0 0 0 
_1.ptx 632 : 65536 409088 0 0 0 0 0 0 0 
_1.ptx 1456 : 15923 106027 0 0 0 0 0 0 0 
_1.ptx 633 : 65536 1352928 45696 0 0 0 0 0 0 
_1.ptx 1457 : 15923 167009 0 0 0 0 0 0 0 
_1.ptx 634 : 65536 407456 0 0 0 0 0 0 0 
_1.ptx 1458 : 15923 167060 0 0 0 0 0 0 0 
_1.ptx 635 : 65536 1440992 40832 0 0 0 0 0 0 
_1.ptx 1459 : 15923 109519 0 0 0 0 0 0 0 
_1.ptx 636 : 65536 411104 0 0 0 0 0 0 0 
_1.ptx 1460 : 15923 135299 0 0 0 0 0 0 0 
_1.ptx 637 : 65536 1582048 44672 0 0 0 0 0 0 
_1.ptx 1461 : 15923 36102 0 0 0 0 0 0 386 
_1.ptx 638 : 65536 408480 0 0 0 0 0 0 0 
_1.ptx 639 : 65536 1713728 46208 0 0 0 0 0 0 
_1.ptx 640 : 65536 409536 0 0 0 0 0 0 0 
_1.ptx 1464 : 65536 13660000 9728 0 0 4096 2048 0 0 
_1.ptx 641 : 65536 1664832 46464 0 0 0 0 0 0 
_1.ptx 1465 : 65536 1978112 0 0 0 0 0 0 0 
_1.ptx 642 : 65536 411552 0 0 0 0 0 0 0 
_1.ptx 1466 : 65536 502624 0 0 0 0 0 0 0 
_1.ptx 643 : 65536 1335296 49408 0 0 0 0 0 0 
_1.ptx 1467 : 65536 434848 0 0 0 0 0 0 0 
_1.ptx 644 : 65536 416960 0 0 0 0 0 0 0 
_1.ptx 1468 : 65536 743520 0 0 0 0 0 0 0 
_1.ptx 645 : 65536 419776 0 0 0 0 0 0 0 
_1.ptx 1469 : 65536 499296 0 0 0 0 0 0 0 
_1.ptx 646 : 65536 547552 0 0 0 0 0 0 0 
_1.ptx 1470 : 65536 1712896 0 0 0 0 0 0 0 
_1.ptx 647 : 65536 417088 0 0 0 0 0 0 0 
_1.ptx 1471 : 65536 502688 0 0 0 0 0 0 0 
_1.ptx 648 : 65536 423264 0 0 0 0 0 0 0 
_1.ptx 1472 : 65536 438464 0 0 0 0 0 0 0 
_1.ptx 649 : 65536 548608 0 0 0 0 0 0 0 
_1.ptx 1473 : 65536 746048 0 0 0 0 0 0 0 
_1.ptx 650 : 65536 425856 0 0 0 0 0 0 0 
_1.ptx 1474 : 65536 503360 0 0 0 0 0 0 0 
_1.ptx 651 : 65536 739712 0 0 0 0 0 0 0 
_1.ptx 1475 : 65536 501344 0 0 0 0 0 0 0 
_1.ptx 652 : 65536 424768 0 0 0 0 0 0 0 
_1.ptx 1476 : 65536 545824 0 0 0 0 0 0 0 
_1.ptx 653 : 65536 736096 0 0 0 0 0 0 0 
_1.ptx 1477 : 65536 1297664 0 0 0 0 0 0 0 
_1.ptx 654 : 65536 1718912 128 0 0 0 0 0 0 
_1.ptx 1478 : 65536 491712 0 0 0 0 0 0 0 
_1.ptx 655 : 65536 1532960 0 0 0 0 0 0 0 
_1.ptx 1479 : 65536 431680 0 0 0 0 0 0 0 
_1.ptx 656 : 65536 541312 0 0 0 0 0 0 0 
_1.ptx 1480 : 65536 738112 0 0 0 0 0 0 0 
_1.ptx 657 : 65536 486432 0 0 0 0 0 0 0 
_1.ptx 1481 : 65536 510272 0 0 0 0 0 0 0 
_1.ptx 658 : 65536 543520 0 0 0 0 0 0 0 
_1.ptx 1482 : 65536 499136 0 0 0 0 0 0 0 
_1.ptx 659 : 65536 492096 0 0 0 0 0 0 0 
_1.ptx 1483 : 65536 1416576 0 0 0 0 0 0 0 
_1.ptx 660 : 65536 552800 0 0 0 0 0 0 0 
_1.ptx 1484 : 65536 514944 0 0 0 0 0 0 0 
_1.ptx 661 : 65536 422496 0 0 0 0 0 0 0 
_1.ptx 1485 : 65536 450816 0 0 0 0 0 0 0 
_1.ptx 662 : 65536 546752 0 0 0 0 0 0 0 
_1.ptx 1486 : 65536 754912 0 0 0 0 0 0 0 
_1.ptx 663 : 65536 0 0 0 0 0 0 0 0 
_1.ptx 1487 : 65536 518368 0 0 0 0 0 0 0 
_1.ptx 1488 : 65536 512032 0 0 0 0 0 0 0 
_1.ptx 665 : 65536 826144 0 0 0 0 0 0 0 
_1.ptx 1489 : 65536 557152 0 0 0 0 0 0 0 
_1.ptx 666 : 65536 637376 0 0 0 0 0 0 0 
_1.ptx 1490 : 65536 554752 0 0 0 0 0 0 0 
_1.ptx 667 : 65536 738912 0 0 0 0 0 0 0 
_1.ptx 1491 : 65536 750848 0 0 0 0 0 0 0 
_1.ptx 668 : 65536 495040 0 0 0 0 0 0 0 
_1.ptx 1492 : 65536 664640 0 0 0 4096 2048 0 0 
_1.ptx 669 : 65536 751744 0 0 0 0 0 0 0 
_1.ptx 670 : 65536 742880 0 0 0 0 0 0 0 
_1.ptx 671 : 65536 432160 0 0 0 0 0 0 0 
_1.ptx 1495 : 65536 426464 0 0 0 0 0 0 0 
_1.ptx 672 : 65536 1336000 186112 0 0 4096 2048 0 0 
_1.ptx 674 : 65536 2118880 128 0 0 0 0 0 0 
_1.ptx 675 : 65536 1942880 0 0 0 0 0 0 0 
_1.ptx 676 : 65536 665280 0 0 0 0 0 0 0 
_1.ptx 678 : 65536 366624 0 0 0 0 0 0 0 
_1.ptx 679 : 65536 549376 0 0 0 0 0 0 0 
_1.ptx 680 : 65536 749152 0 0 0 0 0 0 0 
_1.ptx 681 : 65536 1348160 0 0 0 0 0 0 0 
_1.ptx 682 : 65536 547264 0 0 0 0 0 0 0 
_1.ptx 683 : 65536 536064 0 0 0 0 0 0 0 
_1.ptx 684 : 65536 483712 0 0 0 0 0 0 0 
_1.ptx 685 : 65536 759200 0 0 0 0 0 0 0 
_1.ptx 686 : 65536 477280 0 0 0 0 0 0 0 
_1.ptx 687 : 65536 764000 0 0 0 0 0 0 0 
_1.ptx 688 : 65536 522688 0 0 0 0 0 0 0 
_1.ptx 689 : 65536 524928 0 0 0 0 0 0 0 
_1.ptx 690 : 65536 525440 0 0 0 0 0 0 0 
_1.ptx 691 : 65536 457120 0 0 0 0 0 0 0 
_1.ptx 692 : 65536 3170944 0 0 0 0 0 0 0 
_1.ptx 693 : 65536 425440 0 0 0 0 0 0 0 
_1.ptx 694 : 65536 749760 0 0 0 0 0 0 0 
_1.ptx 695 : 65536 766976 0 0 0 0 0 0 0 
_1.ptx 696 : 65536 456448 0 0 0 0 0 0 0 
_1.ptx 697 : 65536 759904 0 0 0 0 0 0 0 
_1.ptx 698 : 65536 747904 0 0 0 0 0 0 0 
_1.ptx 699 : 65536 486848 0 0 0 0 0 0 0 
_1.ptx 700 : 65536 741856 0 0 0 0 0 0 0 
_1.ptx 701 : 65536 411968 0 0 0 0 0 0 0 
_1.ptx 702 : 65536 741088 0 0 0 0 0 0 0 
_1.ptx 703 : 65536 403072 0 0 0 0 0 0 0 
_1.ptx 704 : 65536 741088 0 0 0 0 0 0 0 
_1.ptx 705 : 65536 431264 0 0 0 0 0 0 0 
_1.ptx 706 : 65536 738528 0 0 0 0 0 0 0 
_1.ptx 707 : 65536 421632 0 0 0 0 0 0 0 
_1.ptx 708 : 65536 738560 0 0 0 0 0 0 0 
_1.ptx 709 : 65536 373312 0 0 0 0 0 0 0 
_1.ptx 710 : 65536 755776 0 0 0 0 0 0 0 
_1.ptx 711 : 65536 766528 0 0 0 0 0 0 0 
_1.ptx 712 : 65536 781792 0 0 0 0 0 0 0 
_1.ptx 713 : 65536 796128 0 0 0 0 0 0 0 
_1.ptx 714 : 65536 797152 0 0 0 0 0 0 0 
_1.ptx 715 : 65536 804864 0 0 0 0 0 0 0 
_1.ptx 716 : 65536 820640 0 0 0 0 0 0 0 
_1.ptx 717 : 65536 793760 0 0 0 0 0 0 0 
_1.ptx 718 : 65536 789600 0 0 0 0 0 0 0 
_1.ptx 719 : 65536 786944 0 0 0 0 0 0 0 
_1.ptx 720 : 65536 778272 0 0 0 0 0 0 0 
_1.ptx 721 : 65536 778624 0 0 0 0 0 0 0 
_1.ptx 722 : 65536 778528 0 0 0 0 0 0 0 
_1.ptx 723 : 65536 794528 0 0 0 0 0 0 0 
_1.ptx 724 : 65536 651104 0 0 0 0 0 0 0 
_1.ptx 725 : 65536 619712 0 0 0 0 0 0 0 
_1.ptx 726 : 65536 2269824 0 0 0 0 0 0 0 
_1.ptx 727 : 65536 786048 0 0 0 0 0 0 0 
_1.ptx 728 : 65536 779648 0 0 0 0 0 0 0 
_1.ptx 729 : 65536 797344 0 0 0 0 0 0 0 
_1.ptx 731 : 65536 453056 0 0 0 0 0 0 0 
_1.ptx 733 : 65536 493440 0 0 0 0 0 0 0 
_1.ptx 734 : 65536 505344 0 0 0 0 0 0 0 
_1.ptx 735 : 65536 494432 0 0 0 0 0 0 0 
_1.ptx 736 : 65536 488736 0 0 0 0 0 0 0 
_1.ptx 738 : 127467 1010321 0 0 0 0 0 0 0 
_1.ptx 739 : 127467 887162 0 0 0 0 0 0 0 
_1.ptx 740 : 127467 854061 0 0 0 0 0 0 0 
_1.ptx 744 : 509868 3094012 128 0 0 17236 17236 0 0 
_1.ptx 745 : 509868 2986782 0 0 0 17236 17236 0 0 
_1.ptx 746 : 509868 3209324 128 0 0 17236 17236 0 0 
_1.ptx 747 : 509868 2606533 0 0 0 17236 17236 0 0 
_1.ptx 748 : 509868 2447615 0 0 0 17236 17236 0 0 
_1.ptx 749 : 509868 3434907 0 0 0 0 0 0 0 
_1.ptx 750 : 509868 4428527 0 0 0 0 0 0 0 
_1.ptx 751 : 509868 2722889 0 0 0 0 0 0 0 
_1.ptx 753 : 127467 983768 0 0 0 0 0 0 0 
_1.ptx 754 : 127467 866117 0 0 0 0 0 0 0 
_1.ptx 755 : 127467 1084582 0 0 0 0 0 0 0 
_1.ptx 756 : 127467 871053 0 0 0 0 0 0 0 
_1.ptx 761 : 127467 1454398 0 0 0 0 0 0 0 
_1.ptx 762 : 127467 6263624 0 0 0 0 0 0 0 
_1.ptx 763 : 127467 842268 0 0 0 0 0 0 0 
_1.ptx 764 : 127467 856684 0 0 0 0 0 0 0 
_1.ptx 765 : 127467 1081864 0 0 0 0 0 0 0 
_1.ptx 766 : 127467 1207754 0 0 0 0 0 0 0 
_1.ptx 769 : 127467 1010393 0 0 0 0 0 0 0 
_1.ptx 770 : 127467 890162 0 0 0 0 0 0 0 
_1.ptx 773 : 382401 4489425 0 0 0 0 0 0 0 
_1.ptx 774 : 382401 1240510 0 0 0 0 0 0 0 
_1.ptx 775 : 382401 4535928 0 0 0 0 0 0 0 
_1.ptx 776 : 382401 4532917 0 0 0 0 0 0 0 
_1.ptx 777 : 382401 4570816 0 0 0 0 0 0 0 
_1.ptx 778 : 382401 4578920 0 0 0 0 0 0 0 
_1.ptx 779 : 382401 4583701 0 0 0 0 0 0 0 
_1.ptx 780 : 382401 4593122 0 0 0 0 0 0 0 
_1.ptx 781 : 382401 3762565 0 0 0 0 0 0 0 
_1.ptx 782 : 382401 3842669 0 0 0 0 0 0 0 
_1.ptx 783 : 382401 3741031 0 0 0 0 0 0 0 
_1.ptx 784 : 382401 3836886 0 0 0 0 0 0 0 
_1.ptx 785 : 382401 3394095 0 0 0 0 0 0 0 
_1.ptx 786 : 382401 3180117 0 0 0 0 0 0 0 
_1.ptx 787 : 382401 2778201 0 0 0 0 0 0 0 
_1.ptx 788 : 382401 3397088 0 0 0 0 0 0 0 
_1.ptx 789 : 382401 3170149 0 0 0 0 0 0 0 
_1.ptx 790 : 382401 3412571 0 0 0 0 0 0 0 
_1.ptx 791 : 382401 2801229 0 0 0 0 0 0 0 
_1.ptx 792 : 382401 3399955 0 0 0 0 0 0 0 
_1.ptx 793 : 382401 2008236 0 0 0 0 0 0 1523 
_1.ptx 794 : 105477 774072 0 0 0 0 0 0 0 
_1.ptx 795 : 105477 764426 0 0 0 0 0 0 0 
_1.ptx 797 : 276924 3276610 0 0 0 0 0 0 0 
_1.ptx 798 : 276924 3282327 0 0 0 0 0 0 0 
_1.ptx 799 : 276924 2455903 0 0 0 0 0 0 0 
_1.ptx 800 : 276924 142746 0 0 0 0 0 0 715 
_1.ptx 801 : 257599 1890598 0 0 0 0 0 0 0 
_1.ptx 802 : 257599 1910047 0 0 0 0 0 0 0 
_1.ptx 805 : 19325 227276 0 0 0 0 0 0 0 
_1.ptx 806 : 19325 337819 0 0 0 0 0 0 0 
_1.ptx 807 : 19325 228435 0 0 0 0 0 0 0 
_1.ptx 808 : 19325 232678 0 0 0 0 0 0 0 
_1.ptx 809 : 19325 186384 0 0 0 0 0 0 0 
_1.ptx 813 : 382401 3185512 0 0 0 0 0 0 0 
_1.ptx 815 : 509868 3649946 0 0 0 0 0 0 0 
_1.ptx 816 : 509868 4421565 0 0 0 0 0 0 0 
_1.ptx 817 : 509868 4107953 0 0 0 0 0 0 0 
_1.ptx 818 : 509868 4418076 0 0 0 0 0 0 0 
_1.ptx 819 : 509868 4108272 0 0 0 0 0 0 0 
_1.ptx 820 : 509868 4483730 0 0 0 0 0 0 0 
_1.ptx 821 : 509868 3584561 0 0 0 0 0 0 0 
_1.ptx 822 : 509868 4444083 0 0 0 0 0 0 0 
