kernel line : count latency dram_traffic smem_bk_conflicts smem_warp gmem_access_generated gmem_warp exposed_latency warp_divergence
_1.ptx 97 : 262144 2066048 0 0 0 0 0 0 0 
_1.ptx 98 : 262144 2252096 0 0 0 0 0 0 0 
_1.ptx 99 : 262144 0 0 0 0 0 0 0 0 
_1.ptx 100 : 262144 3012832 0 0 0 0 0 0 0 
_1.ptx 101 : 262144 2809312 0 0 0 0 0 0 0 
_1.ptx 102 : 262144 2072128 0 0 0 0 0 0 0 
_1.ptx 103 : 262144 1801728 0 0 0 0 0 0 0 
_1.ptx 104 : 262144 2212800 0 0 0 0 0 0 0 
_1.ptx 105 : 262144 2998208 0 0 0 0 0 0 0 
_1.ptx 106 : 262144 2024288 0 0 0 0 0 0 0 
_1.ptx 107 : 262144 2005664 0 0 0 0 0 0 0 
_1.ptx 108 : 262144 2863360 0 0 0 0 0 0 0 
_1.ptx 109 : 262144 4911968 0 0 0 0 0 0 0 
_1.ptx 110 : 262144 2972736 0 0 0 0 0 0 0 
_1.ptx 111 : 262144 4335232 0 0 0 0 0 0 0 
_1.ptx 112 : 262144 3003040 0 0 0 0 0 0 0 
_1.ptx 113 : 262144 1755712 0 0 0 0 0 0 0 
_1.ptx 114 : 262144 2046176 0 0 0 0 0 0 0 
_1.ptx 118 : 1048576 405918592 4194304 0 0 32768 32768 0 0 
_1.ptx 119 : 1048576 406971648 4194304 0 0 32768 32768 0 0 
_1.ptx 120 : 1048576 9748384 0 0 0 0 0 0 0 
_1.ptx 121 : 1048576 10916096 0 0 0 0 0 0 0 
_1.ptx 122 : 1048576 10987872 0 0 0 0 0 0 0 
_1.ptx 123 : 1048576 10986016 0 0 0 0 0 0 0 
_1.ptx 124 : 1048576 8813696 0 0 0 0 0 0 0 
_1.ptx 125 : 1048576 5131008 0 0 0 0 0 0 0 
_1.ptx 126 : 262144 1707904 0 0 0 0 0 0 0 
_1.ptx 131 : 262144 5762112 0 8192 8192 0 0 0 0 
_1.ptx 132 : 262144 2961792 0 0 0 0 0 0 0 
_1.ptx 133 : 262144 2973984 0 0 0 0 0 0 0 
_1.ptx 134 : 262144 2210688 0 0 0 0 0 0 0 
_1.ptx 135 : 262144 1299328 0 0 0 0 0 0 0 
_1.ptx 137 : 65536 432224 0 0 0 0 0 0 0 
_1.ptx 141 : 655360 4496704 0 0 0 0 0 0 0 
_1.ptx 142 : 655360 5553792 0 0 0 0 0 0 0 
_1.ptx 143 : 655360 3220487 0 0 0 0 0 0 1280 
_1.ptx 144 : 196352 1581044 0 0 0 0 0 0 0 
_1.ptx 145 : 196352 1400608 0 0 0 0 0 0 0 
_1.ptx 146 : 196352 1609393 0 0 0 0 0 0 0 
_1.ptx 147 : 196352 2265710 0 0 0 0 0 0 0 
_1.ptx 148 : 196352 2388473 0 0 0 0 0 0 0 
_1.ptx 149 : 196352 2771538 0 0 0 0 0 0 0 
_1.ptx 150 : 196352 2908611 0 0 0 0 0 0 0 
_1.ptx 151 : 196352 2363832 0 0 0 0 0 0 0 
_1.ptx 152 : 196352 1672600 0 0 0 0 0 0 0 
_1.ptx 153 : 196352 2773319 0 0 0 0 0 0 0 
_1.ptx 154 : 196352 2300893 0 0 0 0 0 0 0 
_1.ptx 158 : 261888 3528251 0 9216 9216 0 0 0 0 
_1.ptx 159 : 261888 3223499 0 9216 9216 0 0 0 0 
_1.ptx 160 : 261888 3018870 0 0 0 0 0 0 0 
_1.ptx 161 : 261888 2695584 0 9216 9216 0 0 0 0 
_1.ptx 162 : 261888 3025497 0 0 0 0 0 0 0 
_1.ptx 163 : 261888 3028404 0 0 0 0 0 0 0 
_1.ptx 66 : 32768 210656 0 0 0 0 0 0 0 
_1.ptx 164 : 261888 3074192 0 0 0 0 0 0 0 
_1.ptx 67 : 32768 242016 0 0 0 0 0 0 0 
_1.ptx 165 : 261888 2321805 0 0 0 0 0 0 0 
_1.ptx 68 : 32768 4776704 128 0 0 0 0 0 0 
_1.ptx 166 : 261888 477344 0 0 0 0 0 0 0 
_1.ptx 69 : 32768 278944 0 0 0 0 0 0 0 
_1.ptx 70 : 32768 0 0 0 0 0 0 0 0 
_1.ptx 71 : 32768 233760 0 0 0 0 0 0 0 
_1.ptx 169 : 655360 5281760 0 0 0 0 0 0 0 
_1.ptx 72 : 32768 229088 0 0 0 0 0 0 0 
_1.ptx 170 : 655360 4638272 0 0 0 0 0 0 0 
_1.ptx 73 : 32768 279264 0 0 0 0 0 0 0 
_1.ptx 171 : 655360 5724896 0 0 0 0 0 0 0 
_1.ptx 74 : 32768 233632 0 0 0 0 0 0 0 
_1.ptx 172 : 655360 4179712 0 0 0 0 0 0 0 
_1.ptx 75 : 32768 233472 0 0 0 0 0 0 0 
_1.ptx 173 : 65536 486554 0 0 0 0 0 0 256 
_1.ptx 76 : 32768 280384 0 0 0 0 0 0 0 
_1.ptx 77 : 32768 219264 0 0 0 0 0 0 0 
_1.ptx 175 : 256 4347 0 256 256 0 0 0 0 
_1.ptx 78 : 32768 218240 0 0 0 0 0 0 0 
_1.ptx 176 : 256 2747 0 0 0 0 0 0 0 
_1.ptx 177 : 256 2005 0 0 0 0 0 0 0 
_1.ptx 178 : 256 2758 0 0 0 0 0 0 0 
_1.ptx 81 : 65536 0 0 0 0 0 0 0 0 
_1.ptx 179 : 256 2929 0 0 0 0 0 0 0 
_1.ptx 82 : 65536 451904 0 0 0 0 0 0 0 
_1.ptx 180 : 256 3391 544 0 0 256 256 0 0 
_1.ptx 83 : 65536 565632 0 0 0 0 0 0 0 
_1.ptx 84 : 65536 777120 0 0 0 0 0 0 0 
_1.ptx 182 : 65536 764000 0 0 0 0 0 0 0 
_1.ptx 85 : 65536 561120 0 0 0 0 0 0 0 
_1.ptx 183 : 65536 571712 0 0 0 0 0 0 0 
_1.ptx 86 : 65536 521376 0 0 0 0 0 0 0 
_1.ptx 184 : 65536 229216 0 0 0 0 0 0 0 
_1.ptx 87 : 65536 553824 0 0 0 0 0 0 0 
_1.ptx 88 : 65536 779456 0 0 0 0 0 0 0 
_1.ptx 89 : 65536 744864 0 0 0 0 0 0 0 
_1.ptx 187 : 32768 232448 0 0 0 0 0 0 0 
_1.ptx 90 : 65536 1007904 0 0 0 0 0 0 0 
_1.ptx 91 : 65536 1063360 0 0 0 0 0 0 0 
_1.ptx 92 : 65536 799904 0 0 0 0 0 0 0 
_1.ptx 96 : 262144 2067936 0 0 0 0 0 0 0 
