kernel line : count latency dram_traffic smem_bk_conflicts smem_warp gmem_access_generated gmem_warp exposed_latency warp_divergence
_1.ptx 823 : 509868 3051396 0 0 0 0 0 0 1125 
_1.ptx 825 : 74702 597824 0 0 0 0 0 0 0 
_1.ptx 827 : 74702 617826 0 0 0 0 0 0 0 
_1.ptx 829 : 509868 5557508 0 0 0 0 0 0 0 
_1.ptx 830 : 509868 5602459 0 0 0 0 0 0 0 
_1.ptx 831 : 509868 3784916 0 0 0 0 0 0 0 
_1.ptx 832 : 509868 4464855 0 0 0 0 0 0 0 
_1.ptx 833 : 509868 2664623 0 0 0 0 0 0 0 
_1.ptx 834 : 127467 906243 0 0 0 0 0 0 0 
_1.ptx 835 : 127467 1100568 0 0 0 0 0 0 0 
_1.ptx 836 : 127467 1018961 0 0 0 0 0 0 0 
_1.ptx 837 : 127467 884195 0 0 0 0 0 0 0 
_1.ptx 838 : 127467 1100237 0 0 0 0 0 0 0 
_1.ptx 839 : 127467 1006441 0 0 0 0 0 0 0 
_1.ptx 840 : 127467 1100971 0 0 0 0 0 0 0 
_1.ptx 841 : 127467 888377 0 0 0 0 0 0 0 
_1.ptx 842 : 127467 1087908 0 0 0 0 0 0 0 
_1.ptx 843 : 127467 440955 0 0 0 0 0 0 631 
_1.ptx 845 : 62282 678545 0 0 0 0 0 0 0 
_1.ptx 847 : 62282 509417 0 0 0 0 0 0 0 
_1.ptx 848 : 62282 492023 0 0 0 0 0 0 0 
_1.ptx 849 : 62282 802234 0 0 0 0 0 0 0 
_1.ptx 850 : 62282 716983 0 0 0 0 0 0 0 
_1.ptx 851 : 62282 319968 0 0 0 2349 2349 0 0 
_1.ptx 852 : 62282 309425 0 0 0 2349 2349 0 0 
_1.ptx 853 : 62282 315879 0 0 0 2544 2349 0 0 
_1.ptx 854 : 62282 316107 0 0 0 2544 2349 0 0 
_1.ptx 855 : 62282 302039 0 0 0 2544 2349 0 0 
_1.ptx 856 : 62282 307993 0 0 0 2544 2349 0 0 
_1.ptx 857 : 62282 303140 0 0 0 2544 2349 0 0 
_1.ptx 859 : 62282 705748 0 0 0 0 0 0 0 
_1.ptx 860 : 62282 708784 0 0 0 0 0 0 0 
_1.ptx 861 : 62282 709698 0 0 0 0 0 0 0 
_1.ptx 862 : 62282 720395 0 0 0 0 0 0 0 
_1.ptx 863 : 62282 727580 0 0 0 0 0 0 0 
_1.ptx 864 : 62282 721139 0 0 0 0 0 0 0 
_1.ptx 865 : 62282 319940 0 0 0 2544 2349 0 0 
_1.ptx 866 : 62282 436814 0 0 0 0 0 0 0 
_1.ptx 867 : 62282 535642 0 0 0 0 0 0 0 
_1.ptx 868 : 62282 128617 0 0 0 0 0 0 305 
_1.ptx 870 : 43133 308939 0 0 0 0 0 0 0 
_1.ptx 871 : 43133 308092 0 0 0 0 0 0 0 
_1.ptx 872 : 43133 310944 0 0 0 0 0 0 0 
_1.ptx 873 : 43133 299017 0 0 0 0 0 0 0 
_1.ptx 875 : 19149 72050 0 0 0 0 0 0 0 
_1.ptx 876 : 19149 218660 0 0 0 0 0 0 0 
_1.ptx 877 : 19149 219845 0 0 0 0 0 0 0 
_1.ptx 878 : 19149 222729 0 0 0 0 0 0 0 
_1.ptx 879 : 19149 225177 0 0 0 0 0 0 0 
_1.ptx 880 : 19149 226506 0 0 0 0 0 0 0 
_1.ptx 881 : 19149 182666 0 0 0 0 0 0 0 
_1.ptx 882 : 19149 183828 0 0 0 0 0 0 0 
_1.ptx 883 : 19149 637420 0 0 0 0 0 0 0 
_1.ptx 884 : 19149 234029 0 0 0 0 0 0 0 
_1.ptx 885 : 19149 237378 0 0 0 0 0 0 0 
_1.ptx 886 : 19149 244090 0 0 0 0 0 0 0 
_1.ptx 888 : 62282 726492 0 0 0 0 0 0 0 
_1.ptx 889 : 62282 728846 0 0 0 0 0 0 0 
_1.ptx 890 : 62282 746382 0 0 0 0 0 0 0 
_1.ptx 891 : 62282 765096 0 0 0 0 0 0 0 
_1.ptx 892 : 62282 612822 0 0 0 0 0 0 0 
_1.ptx 893 : 62282 603350 0 0 0 0 0 0 0 
_1.ptx 894 : 62282 1898834 0 0 0 0 0 0 0 
_1.ptx 895 : 62282 734067 0 0 0 0 0 0 0 
_1.ptx 896 : 62282 732421 0 0 0 0 0 0 0 
_1.ptx 897 : 62282 745978 0 0 0 0 0 0 0 
_1.ptx 898 : 62282 716185 0 0 0 0 0 0 0 
_1.ptx 899 : 62282 598442 0 0 0 0 0 0 0 
_1.ptx 900 : 62282 598110 0 0 0 0 0 0 0 
_1.ptx 901 : 62282 424232 0 0 0 0 0 0 0 
_1.ptx 902 : 62282 539264 0 0 0 0 0 0 0 
_1.ptx 903 : 62282 429316 0 0 0 0 0 0 0 
_1.ptx 910 : 62282 487209 0 0 0 0 0 0 0 
_1.ptx 911 : 62282 491941 0 0 0 0 0 0 0 
_1.ptx 912 : 62282 501930 0 0 0 0 0 0 0 
_1.ptx 915 : 62282 444834 0 0 0 0 0 0 0 
_1.ptx 916 : 62282 722669 0 0 0 0 0 0 0 
_1.ptx 917 : 62282 490681 0 0 0 0 0 0 0 
_1.ptx 918 : 62282 945167 0 0 0 0 0 0 0 
_1.ptx 919 : 62282 712266 0 0 0 0 0 0 0 
_1.ptx 920 : 62282 477315 0 0 0 0 0 0 0 
_1.ptx 921 : 62282 419333 0 0 0 0 0 0 0 
_1.ptx 922 : 62282 714433 0 0 0 0 0 0 0 
_1.ptx 923 : 62282 641453 0 0 0 0 0 0 0 
_1.ptx 924 : 62282 416676 0 0 0 0 0 0 0 
_1.ptx 925 : 62282 716431 0 0 0 0 0 0 0 
_1.ptx 926 : 62282 849867 0 0 0 0 0 0 0 
_1.ptx 927 : 62282 405826 0 0 0 0 0 0 0 
_1.ptx 928 : 62282 714486 0 0 0 0 0 0 0 
_1.ptx 929 : 62282 916649 0 0 0 0 0 0 0 
_1.ptx 931 : 62282 414139 0 0 0 0 0 0 0 
_1.ptx 932 : 62282 715084 0 0 0 0 0 0 0 
_1.ptx 933 : 62282 424119 0 0 0 0 0 0 0 
_1.ptx 934 : 62282 713979 0 0 0 0 0 0 0 
_1.ptx 935 : 62282 410571 0 0 0 0 0 0 0 
_1.ptx 936 : 62282 718505 0 0 0 0 0 0 0 
_1.ptx 937 : 62282 752164 0 0 0 0 0 0 0 
_1.ptx 938 : 62282 605081 0 0 0 0 0 0 0 
_1.ptx 939 : 62282 595073 0 0 0 0 0 0 0 
_1.ptx 940 : 62282 2300755 0 0 0 0 0 0 0 
_1.ptx 941 : 62282 765171 0 0 0 0 0 0 0 
_1.ptx 942 : 62282 766087 0 0 0 0 0 0 0 
_1.ptx 943 : 62282 790469 0 0 0 0 0 0 0 
_1.ptx 944 : 62282 777185 0 0 0 0 0 0 0 
_1.ptx 945 : 62282 599723 0 0 0 0 0 0 0 
_1.ptx 946 : 62282 602852 0 0 0 0 0 0 0 
_1.ptx 947 : 62282 438311 0 0 0 0 0 0 0 
_1.ptx 948 : 62282 544752 0 0 0 0 0 0 0 
_1.ptx 949 : 62282 37019 0 0 0 0 0 0 318 
_1.ptx 951 : 56815 448130 0 0 0 0 0 0 0 
_1.ptx 952 : 56815 356447 0 0 0 0 0 0 0 
_1.ptx 955 : 220903 1019423 0 0 0 8579 8579 0 0 
_1.ptx 956 : 220903 1058260 0 0 0 8579 8579 0 0 
_1.ptx 957 : 220903 1034509 0 0 0 8579 8579 0 0 
_1.ptx 958 : 220903 1036798 0 0 0 8579 8579 0 0 
_1.ptx 959 : 220903 1473625 0 0 0 0 0 0 0 
_1.ptx 960 : 220903 1893605 0 0 0 0 0 0 0 
_1.ptx 961 : 220903 1138999 0 0 0 0 0 0 0 
_1.ptx 963 : 56815 437601 0 0 0 0 0 0 0 
_1.ptx 964 : 56815 381510 0 0 0 0 0 0 0 
_1.ptx 965 : 56815 480118 0 0 0 0 0 0 0 
_1.ptx 966 : 56815 372475 0 0 0 0 0 0 0 
_1.ptx 971 : 56815 366972 0 0 0 0 0 0 0 
_1.ptx 972 : 56815 526558 0 0 0 0 0 0 0 
_1.ptx 973 : 56815 638582 0 0 0 0 0 0 0 
_1.ptx 974 : 56815 3344738 0 0 0 0 0 0 0 
_1.ptx 976 : 56815 367902 0 0 0 0 0 0 0 
_1.ptx 977 : 56815 372564 0 0 0 0 0 0 0 
_1.ptx 978 : 56815 490865 0 0 0 0 0 0 0 
_1.ptx 979 : 56815 531922 0 0 0 0 0 0 0 
_1.ptx 982 : 56815 437215 0 0 0 0 0 0 0 
_1.ptx 983 : 56815 385913 0 0 0 0 0 0 0 
_1.ptx 986 : 164088 755101 0 0 0 6402 6402 0 0 
_1.ptx 987 : 164088 627187 0 0 0 0 0 0 0 
_1.ptx 988 : 164088 1940851 0 0 0 0 0 0 0 
_1.ptx 989 : 164088 1148980 0 0 0 0 0 0 0 
_1.ptx 990 : 164088 1947779 0 0 0 0 0 0 0 
_1.ptx 991 : 164088 1179021 0 0 0 0 0 0 0 
_1.ptx 992 : 164088 1966645 0 0 0 0 0 0 0 
_1.ptx 993 : 164088 1198846 0 0 0 0 0 0 0 
_1.ptx 994 : 164088 1967149 0 0 0 0 0 0 0 
_1.ptx 995 : 164088 1949972 0 0 0 0 0 0 0 
_1.ptx 996 : 164088 1989242 0 0 0 0 0 0 0 
_1.ptx 997 : 164088 1987785 0 0 0 0 0 0 0 
_1.ptx 998 : 164088 1993794 0 0 0 0 0 0 0 
_1.ptx 999 : 164088 1989550 0 0 0 0 0 0 0 
_1.ptx 1000 : 164088 2000461 0 0 0 0 0 0 0 
_1.ptx 1001 : 164088 2025956 0 0 0 0 0 0 0 
_1.ptx 1002 : 164088 1671220 0 0 0 0 0 0 0 
_1.ptx 1003 : 164088 1656432 0 0 0 0 0 0 0 
_1.ptx 1004 : 164088 1989166 0 0 0 0 0 0 0 
_1.ptx 1005 : 164088 1640673 0 0 0 0 0 0 0 
_1.ptx 1006 : 164088 1637293 0 0 0 0 0 0 0 
_1.ptx 1007 : 164088 2000891 0 0 0 0 0 0 0 
_1.ptx 1008 : 164088 1492308 0 0 0 0 0 0 0 
_1.ptx 1009 : 164088 1380998 0 0 0 0 0 0 0 
_1.ptx 1010 : 164088 1175595 0 0 0 0 0 0 0 
_1.ptx 1011 : 164088 1455813 0 0 0 0 0 0 0 
_1.ptx 1012 : 164088 1356626 0 0 0 0 0 0 0 
_1.ptx 1013 : 164088 1465636 0 0 0 0 0 0 0 
_1.ptx 1014 : 164088 1205034 0 0 0 0 0 0 0 
_1.ptx 1015 : 164088 1457423 0 0 0 0 0 0 0 
_1.ptx 1016 : 164088 829282 0 0 0 0 0 0 965 
_1.ptx 1017 : 50431 371893 0 0 0 0 0 0 0 
_1.ptx 1018 : 50431 367278 0 0 0 0 0 0 0 
_1.ptx 1020 : 113657 1346223 0 0 0 0 0 0 0 
_1.ptx 1021 : 113657 1349643 0 0 0 0 0 0 0 
_1.ptx 1022 : 113657 1019394 0 0 0 0 0 0 0 
_1.ptx 1023 : 113657 44630 0 0 0 0 0 0 344 
_1.ptx 1024 : 107587 800440 0 0 0 0 0 0 0 
_1.ptx 1025 : 107587 804846 0 0 0 0 0 0 0 
_1.ptx 1028 : 6070 71919 0 0 0 0 0 0 0 
_1.ptx 1029 : 6070 103031 0 0 0 0 0 0 0 
_1.ptx 1030 : 6070 72781 0 0 0 0 0 0 0 
_1.ptx 1031 : 6070 74326 0 0 0 0 0 0 0 
_1.ptx 1032 : 6070 60130 0 0 0 0 0 0 0 
_1.ptx 1036 : 164088 1373878 0 0 0 0 0 0 0 
_1.ptx 1039 : 220903 1590153 0 0 0 0 0 0 0 
_1.ptx 1040 : 220903 1923543 0 0 0 0 0 0 0 
_1.ptx 1041 : 220903 1511497 0 0 0 0 0 0 370 
_1.ptx 1042 : 6068 73502 0 0 0 0 0 0 0 
_1.ptx 1043 : 6068 73346 0 0 0 0 0 0 0 
_1.ptx 1044 : 6068 74916 0 0 0 0 0 0 0 
_1.ptx 1045 : 6068 73607 0 0 0 0 0 0 0 
_1.ptx 1046 : 6068 73584 0 0 0 0 0 0 0 
_1.ptx 1047 : 6068 74122 0 0 0 0 0 0 0 
_1.ptx 1048 : 6068 75278 0 0 0 0 0 0 0 
_1.ptx 1049 : 6068 61096 0 0 0 0 0 0 0 
_1.ptx 1050 : 6068 61067 0 0 0 0 0 0 0 
_1.ptx 1051 : 6068 55357 0 0 0 0 0 0 0 
_1.ptx 1052 : 6068 45678 0 0 0 0 0 0 0 
_1.ptx 1057 : 220903 2409875 0 0 0 0 0 0 0 
_1.ptx 1058 : 220903 2421328 0 0 0 0 0 0 0 
_1.ptx 1059 : 220903 1684860 0 0 0 0 0 0 0 
_1.ptx 1060 : 220903 1941147 0 0 0 0 0 0 0 
_1.ptx 1061 : 220903 381157 0 0 0 0 0 0 0 
_1.ptx 1062 : 169119 1234143 0 0 0 0 0 0 0 
_1.ptx 1063 : 169119 1460161 0 0 0 0 0 0 0 
_1.ptx 1064 : 169119 1135299 0 0 0 0 0 0 295 
_1.ptx 1065 : 5031 36636 0 0 0 0 0 0 0 
_1.ptx 1067 : 51784 375155 0 0 0 0 0 0 0 
_1.ptx 1068 : 51784 461385 0 0 0 0 0 0 0 
_1.ptx 1071 : 56815 43150 0 0 0 0 0 0 318 
_1.ptx 1073 : 50745 600116 0 0 0 0 0 0 0 
_1.ptx 1074 : 50745 603250 0 0 0 0 0 0 0 
_1.ptx 1075 : 50745 608118 0 0 0 0 0 0 0 
_1.ptx 1076 : 50745 633766 0 0 0 0 0 0 0 
_1.ptx 1077 : 50745 501274 0 0 0 0 0 0 0 
_1.ptx 1078 : 50745 499838 0 0 0 0 0 0 0 
_1.ptx 1079 : 50745 1122116 0 0 0 0 0 0 0 
_1.ptx 1081 : 50745 375511 0 0 0 0 0 0 0 
_1.ptx 1082 : 50745 1078964 0 0 0 0 0 0 0 
_1.ptx 1083 : 50745 408699 0 0 0 0 0 0 0 
_1.ptx 1084 : 50745 695749 0 0 0 0 0 0 0 
_1.ptx 1085 : 50745 634628 0 0 0 0 0 0 0 
_1.ptx 1086 : 50745 603944 0 0 0 0 0 0 0 
_1.ptx 1087 : 50745 363359 0 0 0 0 0 0 0 
_1.ptx 1088 : 50745 366654 0 0 0 0 0 0 0 
_1.ptx 1089 : 50745 586356 0 0 0 0 0 0 0 
_1.ptx 1090 : 50745 597451 0 0 0 0 0 0 0 
_1.ptx 1091 : 50745 608331 0 0 0 0 0 0 0 
_1.ptx 1092 : 50745 335686 0 0 0 0 0 0 0 
_1.ptx 1093 : 50745 369935 0 0 0 0 0 0 0 
_1.ptx 1094 : 50745 595927 0 0 0 0 0 0 0 
_1.ptx 1095 : 50745 603138 0 0 0 0 0 0 0 
_1.ptx 1096 : 50745 612539 0 0 0 0 0 0 0 
_1.ptx 1097 : 50745 514577 0 0 0 0 0 0 0 
_1.ptx 1098 : 50745 368466 0 0 0 0 0 0 0 
_1.ptx 1099 : 50745 603934 0 0 0 0 0 0 0 
_1.ptx 1100 : 50745 495182 0 0 0 0 0 0 0 
_1.ptx 1101 : 50745 627578 0 0 0 0 0 0 0 
_1.ptx 1103 : 50745 589296 0 0 0 0 0 0 0 
_1.ptx 1104 : 50745 596174 0 0 0 0 0 0 0 
_1.ptx 1105 : 50745 595253 0 0 0 0 0 0 0 
_1.ptx 1106 : 50745 502316 0 0 0 0 0 0 0 
_1.ptx 1107 : 50745 608353 0 0 0 0 0 0 0 
_1.ptx 1108 : 50745 507630 0 0 0 0 0 0 0 
_1.ptx 1109 : 50745 384630 0 0 0 0 0 0 0 
_1.ptx 1110 : 50745 1098464 0 0 0 0 0 0 0 
_1.ptx 1111 : 50745 420176 0 0 0 0 0 0 0 
_1.ptx 1112 : 50745 1105016 0 0 0 0 0 0 0 
_1.ptx 1113 : 50745 429694 0 0 0 0 0 0 0 
_1.ptx 1114 : 50745 472036 0 0 0 0 0 0 0 
_1.ptx 1115 : 50745 376392 0 0 0 0 0 0 0 
_1.ptx 1121 : 50745 415678 0 0 0 0 0 0 0 
_1.ptx 1122 : 50745 367343 0 0 0 0 0 0 0 
_1.ptx 1123 : 50745 436584 0 0 0 0 0 0 0 
_1.ptx 1124 : 50745 0 0 0 0 0 0 0 0 
_1.ptx 1125 : 50745 332956 0 0 0 0 0 0 0 
_1.ptx 1133 : 50745 329380 0 0 0 0 0 0 0 
_1.ptx 1134 : 50745 424859 0 0 0 0 0 0 0 
_1.ptx 1135 : 50745 339967 0 0 0 0 0 0 0 
_1.ptx 1140 : 50745 329977 0 0 0 0 0 0 0 
_1.ptx 1141 : 50745 424884 0 0 0 0 0 0 0 
_1.ptx 1142 : 50745 339841 0 0 0 0 0 0 0 
_1.ptx 1157 : 50745 333207 0 0 0 0 0 0 0 
_1.ptx 1158 : 50745 428039 0 0 0 0 0 0 0 
_1.ptx 1159 : 50745 333620 0 0 0 0 0 0 0 
_1.ptx 1181 : 50745 328181 0 0 0 0 0 0 0 
_1.ptx 1182 : 50745 426027 0 0 0 0 0 0 0 
_1.ptx 1183 : 50745 331170 0 0 0 0 0 0 0 
_1.ptx 1196 : 50745 376979 0 0 0 0 0 0 0 
_1.ptx 1197 : 50745 378481 0 0 0 0 0 0 0 
_1.ptx 1198 : 50745 381793 0 0 0 0 0 0 0 
_1.ptx 1199 : 50745 385685 0 0 0 0 0 0 0 
_1.ptx 1200 : 50745 346013 0 0 0 0 0 0 0 
_1.ptx 1201 : 50745 429713 0 0 0 0 0 0 0 
_1.ptx 1202 : 50745 336602 0 0 0 0 0 0 0 
_1.ptx 1213 : 50745 423469 0 0 0 0 0 0 0 
_1.ptx 1216 : 50745 576000 0 0 0 0 0 0 0 
_1.ptx 1218 : 50745 425632 0 0 0 0 0 0 0 
_1.ptx 1219 : 50745 402898 0 0 0 0 0 0 0 
_1.ptx 1220 : 50745 398146 0 0 0 0 0 0 0 
_1.ptx 1221 : 50745 408269 0 0 0 0 0 0 0 
_1.ptx 1222 : 50745 361875 0 0 0 0 0 0 0 
_1.ptx 1223 : 50745 445980 0 0 0 0 0 0 0 
_1.ptx 1224 : 50745 214123 0 0 0 0 0 0 727 
_1.ptx 1226 : 21083 158785 0 0 0 0 0 0 0 
_1.ptx 1227 : 21083 251242 0 0 0 0 0 0 0 
_1.ptx 1229 : 21083 240011 0 0 0 0 0 0 0 
_1.ptx 1232 : 50745 397335 0 0 0 0 0 0 0 
_1.ptx 1233 : 50745 598482 0 0 0 0 0 0 0 
_1.ptx 1234 : 50745 330638 0 0 0 0 0 0 0 
_1.ptx 1235 : 50745 588478 0 0 0 0 0 0 0 
_1.ptx 1236 : 50745 616203 0 0 0 0 0 0 0 
_1.ptx 1237 : 50745 479551 0 0 0 0 0 0 0 
_1.ptx 1238 : 50745 2437532 0 0 0 0 0 0 0 
_1.ptx 1239 : 50745 411581 0 0 0 0 0 0 0 
_1.ptx 1240 : 50745 607840 0 0 0 0 0 0 0 
_1.ptx 1241 : 50745 408351 0 0 0 0 0 0 0 
_1.ptx 1242 : 50745 412730 0 0 0 0 0 0 0 
_1.ptx 1243 : 50745 412568 0 0 0 0 0 0 0 
_1.ptx 1244 : 50745 409611 0 0 0 0 0 0 0 
_1.ptx 1245 : 50745 414801 0 0 0 0 0 0 0 
_1.ptx 1246 : 50745 590535 0 0 0 0 0 0 0 
_1.ptx 1247 : 50745 592843 0 0 0 0 0 0 0 
_1.ptx 1248 : 50745 601959 0 0 0 0 0 0 0 
_1.ptx 1249 : 50745 481284 0 0 0 0 0 0 0 
_1.ptx 1250 : 50745 480281 0 0 0 0 0 0 0 
_1.ptx 1252 : 50745 615215 0 0 0 0 0 0 0 
_1.ptx 1253 : 50745 655189 0 0 0 0 0 0 0 
_1.ptx 1254 : 50745 435762 0 0 0 0 0 0 0 
_1.ptx 1255 : 50745 443650 0 0 0 0 0 0 0 
_1.ptx 1256 : 50745 527341 0 0 0 0 0 0 0 
_1.ptx 1257 : 50745 401600 0 0 0 0 0 0 0 
_1.ptx 1258 : 50745 516736 0 0 0 0 0 0 0 
_1.ptx 1259 : 50745 623784 0 0 0 0 0 0 0 
_1.ptx 1260 : 50745 627798 0 0 0 0 0 0 0 
_1.ptx 1261 : 50745 618448 0 0 0 0 0 0 0 
_1.ptx 1262 : 50745 611471 0 0 0 0 0 0 0 
_1.ptx 1263 : 50745 602782 0 0 0 0 0 0 0 
_1.ptx 1264 : 50745 595186 0 0 0 0 0 0 0 
_1.ptx 1265 : 50745 595056 0 0 0 0 0 0 0 
_1.ptx 1266 : 50745 592277 0 0 0 0 0 0 0 
_1.ptx 1267 : 50745 569389 0 0 0 0 0 0 0 
_1.ptx 1269 : 50745 575252 0 0 0 0 0 0 0 
_1.ptx 1271 : 50745 589340 0 0 0 0 0 0 0 
_1.ptx 1272 : 50745 618371 0 0 0 0 0 0 0 
_1.ptx 1274 : 50745 480296 0 0 0 0 0 0 0 
_1.ptx 1275 : 50745 433290 0 0 0 0 0 0 0 
_1.ptx 1276 : 50745 618541 0 0 0 0 0 0 0 
_1.ptx 1277 : 50745 629109 0 0 0 0 0 0 0 
_1.ptx 1279 : 50745 423345 0 0 0 0 0 0 0 
_1.ptx 1280 : 50745 618187 0 0 0 0 0 0 0 
_1.ptx 1281 : 50745 621939 0 0 0 0 0 0 0 
_1.ptx 1282 : 50745 608668 0 0 0 0 0 0 0 
_1.ptx 1283 : 50745 603553 0 0 0 0 0 0 0 
_1.ptx 1284 : 50745 599621 0 0 0 0 0 0 0 
_1.ptx 1286 : 50745 601887 0 0 0 0 0 0 0 
_1.ptx 1288 : 50745 364733 0 0 0 0 0 0 0 
_1.ptx 1289 : 50745 590677 0 0 0 0 0 0 0 
_1.ptx 1290 : 50745 596977 0 0 0 0 0 0 0 
_1.ptx 1291 : 50745 470318 0 0 0 0 0 0 0 
_1.ptx 1292 : 50745 639788 0 0 0 0 0 0 0 
_1.ptx 1293 : 50745 404110 0 0 0 0 0 0 0 
_1.ptx 1294 : 50745 493408 0 0 0 0 0 0 0 
_1.ptx 1295 : 50745 364099 0 0 0 0 0 0 0 
_1.ptx 1296 : 50745 490221 0 0 0 0 0 0 0 
_1.ptx 1297 : 50745 355945 0 0 0 0 0 0 0 
_1.ptx 1298 : 50745 490152 0 0 0 0 0 0 0 
_1.ptx 1299 : 50745 354680 0 0 0 0 0 0 0 
_1.ptx 1300 : 50745 491998 0 0 0 0 0 0 0 
_1.ptx 1301 : 50745 601815 0 0 0 0 0 0 0 
_1.ptx 1303 : 50745 418786 0 0 0 0 0 0 0 
_1.ptx 1304 : 50745 596042 0 0 0 0 0 0 0 
_1.ptx 1305 : 50745 589250 0 0 0 0 0 0 0 
_1.ptx 1307 : 50745 378877 0 0 0 0 0 0 0 
_1.ptx 1308 : 50745 387173 0 0 0 0 0 0 0 
_1.ptx 1309 : 50745 402136 0 0 0 0 0 0 0 
_1.ptx 1310 : 50745 357641 0 0 0 0 0 0 0 
_1.ptx 1311 : 50745 423241 0 0 0 0 0 0 0 
_1.ptx 1312 : 50745 327141 0 0 0 0 0 0 0 
_1.ptx 1321 : 50745 379864 0 0 0 0 0 0 0 
_1.ptx 1322 : 50745 338489 0 0 0 0 0 0 0 
_1.ptx 1323 : 50745 573034 0 0 0 0 0 0 0 
_1.ptx 1324 : 50745 404765 0 0 0 0 0 0 0 
_1.ptx 1325 : 50745 360809 0 0 0 0 0 0 0 
_1.ptx 1326 : 50745 366876 0 0 0 0 0 0 0 
_1.ptx 1327 : 50745 2628982 0 0 0 0 0 0 0 
_1.ptx 1328 : 50745 312487 0 0 0 0 0 0 0 
_1.ptx 1329 : 50745 327094 0 0 0 0 0 0 0 
_1.ptx 1330 : 50745 476458 0 0 0 0 0 0 0 
_1.ptx 1331 : 50745 484478 0 0 0 0 0 0 0 
_1.ptx 1332 : 50745 351263 0 0 0 0 0 0 0 
_1.ptx 1333 : 50745 680669 0 0 0 0 0 0 0 
_1.ptx 1334 : 50745 3498056 0 0 0 0 0 0 0 
_1.ptx 1335 : 50745 589300 0 0 0 0 0 0 0 
_1.ptx 1336 : 50745 326489 0 0 0 0 0 0 0 
_1.ptx 1337 : 50745 432767 0 0 0 0 0 0 0 
_1.ptx 1338 : 50745 475989 0 0 0 0 0 0 0 
_1.ptx 1339 : 50745 332200 0 0 0 0 0 0 0 
_1.ptx 1340 : 50745 429434 0 0 0 0 0 0 0 
_1.ptx 1341 : 50745 470716 0 0 0 0 0 0 0 
_1.ptx 1343 : 50745 381495 0 0 0 0 0 0 0 
_1.ptx 1344 : 50745 324078 0 0 0 0 0 0 0 
_1.ptx 1345 : 50745 428013 0 0 0 0 0 0 0 
_1.ptx 1346 : 50745 0 0 0 0 0 0 0 0 
_1.ptx 1348 : 50745 482593 0 0 0 0 0 0 0 
_1.ptx 1351 : 50745 415720 0 0 0 0 0 0 0 
_1.ptx 1352 : 50745 364491 0 0 0 0 0 0 0 
_1.ptx 1353 : 50745 406896 0 0 0 0 0 0 0 
_1.ptx 1354 : 50745 412040 0 0 0 0 0 0 0 
_1.ptx 1355 : 50745 372764 0 0 0 0 0 0 0 
_1.ptx 1356 : 50745 607694 0 0 0 0 0 0 0 
_1.ptx 1357 : 50745 603357 0 0 0 0 0 0 0 
_1.ptx 1358 : 50745 419938 0 0 0 0 0 0 0 
_1.ptx 1359 : 50745 361089 0 0 0 0 0 0 0 
_1.ptx 1360 : 50745 437147 0 0 0 0 0 0 0 
_1.ptx 1361 : 50745 398105 0 0 0 0 0 0 0 
_1.ptx 1362 : 50745 428027 0 0 0 0 0 0 0 
_1.ptx 1363 : 50745 319138 0 0 0 0 0 0 0 
_1.ptx 1364 : 50745 424035 0 0 0 0 0 0 0 
_1.ptx 1365 : 50745 326360 0 0 0 0 0 0 0 
_1.ptx 1372 : 50745 381383 0 0 0 0 0 0 0 
_1.ptx 1375 : 50745 336875 0 0 0 0 0 0 0 
_1.ptx 1376 : 50745 575819 0 0 0 0 0 0 0 
_1.ptx 1377 : 50745 577881 0 0 0 0 0 0 0 
_1.ptx 1378 : 50745 530094 0 0 0 0 0 0 0 
_1.ptx 1380 : 50745 574051 0 0 0 0 0 0 0 
_1.ptx 1381 : 50745 679995 0 0 0 0 0 0 0 
_1.ptx 1383 : 50745 581485 0 0 0 0 0 0 0 
_1.ptx 1384 : 50745 827702 0 0 0 0 0 0 0 
_1.ptx 1388 : 62282 715777 0 0 0 0 0 0 0 
_1.ptx 1389 : 62282 720133 0 0 0 0 0 0 0 
_1.ptx 1390 : 62282 721390 0 0 0 0 0 0 0 
_1.ptx 1391 : 62282 748985 0 0 0 0 0 0 0 
_1.ptx 1392 : 62282 735163 0 0 0 0 0 0 0 
_1.ptx 1393 : 62282 767496 0 0 0 0 0 0 0 
_1.ptx 1395 : 62282 735567 0 0 0 0 0 0 0 
_1.ptx 1396 : 62282 755072 0 0 0 0 0 0 0 
_1.ptx 1397 : 62282 750873 0 0 0 0 0 0 0 
_1.ptx 1398 : 62282 771827 0 0 0 0 0 0 0 
_1.ptx 1399 : 62282 632988 0 0 0 0 0 0 0 
_1.ptx 1400 : 62282 611166 0 0 0 0 0 0 0 
_1.ptx 1401 : 62282 2397729 0 0 0 0 0 0 0 
_1.ptx 1402 : 62282 750771 0 0 0 0 0 0 0 
_1.ptx 1403 : 62282 749596 0 0 0 0 0 0 0 
_1.ptx 1404 : 62282 755891 0 0 0 0 0 0 0 
_1.ptx 1405 : 62282 501735 0 0 0 0 0 0 0 
_1.ptx 1406 : 62282 489823 0 0 0 0 0 0 0 
_1.ptx 1408 : 62282 424953 0 0 0 0 0 0 0 
_1.ptx 1409 : 62282 589779 0 0 0 0 0 0 0 
_1.ptx 1410 : 62282 418583 0 0 0 0 0 0 0 
_1.ptx 1411 : 62282 587737 0 0 0 0 0 0 0 
_1.ptx 1412 : 62282 424494 0 0 0 0 0 0 0 
_1.ptx 1413 : 62282 611909 0 0 0 0 0 0 0 
_1.ptx 1416 : 127467 1411569 0 0 0 0 0 0 0 
_1.ptx 1417 : 127467 950362 0 0 0 0 0 0 0 
_1.ptx 1418 : 127467 1102583 0 0 0 0 0 0 0 
_1.ptx 1419 : 127467 6850 0 0 0 0 0 0 0 
_1.ptx 1420 : 126435 1086180 0 0 0 0 0 0 0 
_1.ptx 1421 : 126435 424528 0 0 0 0 0 0 550 
_1.ptx 1424 : 65536 712736 0 0 0 0 0 0 0 
_1.ptx 1425 : 65536 521024 0 0 0 0 0 0 0 
_1.ptx 1426 : 65536 428224 0 0 0 0 0 0 0 
_1.ptx 1427 : 65536 547520 0 0 0 0 0 0 0 
_1.ptx 604 : 65536 406976 0 0 0 0 0 0 0 
_1.ptx 1428 : 65536 357324 0 0 0 0 0 0 218 
_1.ptx 605 : 65536 483872 34944 0 0 0 0 0 0 
_1.ptx 1429 : 10434 79846 0 0 0 0 0 0 0 
_1.ptx 606 : 65536 404224 0 0 0 0 0 0 0 
_1.ptx 1430 : 10434 79063 0 0 0 0 0 0 0 
_1.ptx 607 : 65536 1143936 27264 0 0 0 0 0 0 
_1.ptx 1431 : 10434 116614 0 0 0 0 0 0 0 
_1.ptx 608 : 65536 404320 0 0 0 0 0 0 0 
_1.ptx 1432 : 10434 119354 0 0 0 0 0 0 0 
_1.ptx 609 : 65536 1290464 24960 0 0 0 0 0 0 
_1.ptx 1433 : 10434 80161 0 0 0 0 0 0 0 
_1.ptx 610 : 65536 406816 0 0 0 0 0 0 0 
_1.ptx 611 : 65536 2138016 19584 0 0 0 0 0 0 
_1.ptx 612 : 65536 407648 0 0 0 0 0 0 0 
_1.ptx 613 : 65536 1787360 19456 0 0 0 0 0 0 
_1.ptx 1437 : 15923 1983212 0 0 0 0 0 0 0 
_1.ptx 614 : 65536 407936 0 0 0 0 0 0 0 
_1.ptx 1438 : 15923 2130267 0 0 0 0 0 0 0 
_1.ptx 615 : 65536 1757216 19328 0 0 0 0 0 0 
_1.ptx 1439 : 15923 2401196 0 0 0 0 0 0 0 
_1.ptx 616 : 65536 409600 0 0 0 0 0 0 0 
_1.ptx 1440 : 15923 2522614 0 0 0 0 0 0 0 
_1.ptx 617 : 65536 1862560 19200 0 0 0 0 0 0 
_1.ptx 1441 : 15923 2401705 0 0 0 0 0 0 0 
_1.ptx 618 : 65536 410784 0 0 0 0 0 0 0 
_1.ptx 1442 : 15923 2639990 0 0 0 0 0 0 0 
_1.ptx 619 : 65536 1817504 19200 0 0 0 0 0 0 
_1.ptx 1443 : 15923 2417691 0 0 0 0 0 0 0 
_1.ptx 620 : 65536 411104 0 0 0 0 0 0 0 
_1.ptx 1444 : 15923 2602896 0 0 0 0 0 0 0 
_1.ptx 621 : 65536 1791200 19200 0 0 0 0 0 0 
_1.ptx 1445 : 15923 100614 0 0 0 0 0 0 0 
_1.ptx 622 : 65536 410304 0 0 0 0 0 0 0 
_1.ptx 1446 : 15923 147200 0 0 0 0 0 0 0 
_1.ptx 623 : 65536 2145152 19200 0 0 0 0 0 0 
_1.ptx 1447 : 15923 142641 0 0 0 0 0 0 0 
_1.ptx 624 : 65536 410944 0 0 0 0 0 0 0 
_1.ptx 1448 : 15923 101578 0 0 0 0 0 0 0 
_1.ptx 625 : 65536 2178400 19200 0 0 0 0 0 0 
_1.ptx 1449 : 15923 148235 0 0 0 0 0 0 0 
_1.ptx 626 : 65536 414240 0 0 0 0 0 0 0 
_1.ptx 1450 : 15923 137761 0 0 0 0 0 0 0 
_1.ptx 627 : 65536 1671008 19200 0 0 0 0 0 0 
_1.ptx 1451 : 15923 102092 0 0 0 0 0 0 0 
_1.ptx 628 : 65536 411424 0 0 0 0 0 0 0 
_1.ptx 1452 : 15923 148190 0 0 0 0 0 0 0 
_1.ptx 629 : 65536 1670464 19200 0 0 0 0 0 0 
_1.ptx 1453 : 15923 133680 0 0 0 0 0 0 0 
_1.ptx 630 : 65536 414176 0 0 0 0 0 0 0 
_1.ptx 1454 : 15923 101850 0 0 0 0 0 0 0 
_1.ptx 631 : 65536 1566944 19200 0 0 0 0 0 0 
_1.ptx 1455 : 15923 147724 0 0 0 0 0 0 0 
_1.ptx 632 : 65536 414880 0 0 0 0 0 0 0 
_1.ptx 1456 : 15923 130307 0 0 0 0 0 0 0 
_1.ptx 633 : 65536 1706592 19200 0 0 0 0 0 0 
_1.ptx 1457 : 15923 166062 0 0 0 0 0 0 0 
_1.ptx 634 : 65536 414560 0 0 0 0 0 0 0 
_1.ptx 1458 : 15923 165928 0 0 0 0 0 0 0 
_1.ptx 635 : 65536 1934912 19200 0 0 0 0 0 0 
_1.ptx 1459 : 15923 106903 0 0 0 0 0 0 0 
_1.ptx 636 : 65536 413152 0 0 0 0 0 0 0 
_1.ptx 1460 : 15923 133245 0 0 0 0 0 0 0 
_1.ptx 637 : 65536 2082336 19200 0 0 0 0 0 0 
_1.ptx 1461 : 15923 35605 0 0 0 0 0 0 386 
_1.ptx 638 : 65536 412160 0 0 0 0 0 0 0 
_1.ptx 639 : 65536 2061536 19200 0 0 0 0 0 0 
_1.ptx 640 : 65536 413888 0 0 0 0 0 0 0 
_1.ptx 1464 : 65536 13916608 0 0 0 4096 2048 0 0 
_1.ptx 641 : 65536 1987360 19328 0 0 0 0 0 0 
_1.ptx 1465 : 65536 5306976 0 0 0 0 0 0 0 
_1.ptx 642 : 65536 417024 0 0 0 0 0 0 0 
_1.ptx 1466 : 65536 489088 0 0 0 0 0 0 0 
_1.ptx 643 : 65536 1671616 19200 0 0 0 0 0 0 
_1.ptx 1467 : 65536 426496 0 0 0 0 0 0 0 
_1.ptx 644 : 65536 418208 0 0 0 0 0 0 0 
_1.ptx 1468 : 65536 738592 0 0 0 0 0 0 0 
_1.ptx 645 : 65536 424768 0 0 0 0 0 0 0 
_1.ptx 1469 : 65536 489312 0 0 0 0 0 0 0 
_1.ptx 646 : 65536 547936 0 0 0 0 0 0 0 
_1.ptx 1470 : 65536 4815104 0 0 0 0 0 0 0 
_1.ptx 647 : 65536 416544 0 0 0 0 0 0 0 
_1.ptx 1471 : 65536 489728 0 0 0 0 0 0 0 
_1.ptx 648 : 65536 423392 0 0 0 0 0 0 0 
_1.ptx 1472 : 65536 426272 0 0 0 0 0 0 0 
_1.ptx 649 : 65536 546176 0 0 0 0 0 0 0 
_1.ptx 1473 : 65536 741184 0 0 0 0 0 0 0 
_1.ptx 650 : 65536 421600 0 0 0 0 0 0 0 
_1.ptx 1474 : 65536 489952 0 0 0 0 0 0 0 
_1.ptx 651 : 65536 736192 0 0 0 0 0 0 0 
_1.ptx 1475 : 65536 491168 0 0 0 0 0 0 0 
_1.ptx 652 : 65536 418080 0 0 0 0 0 0 0 
_1.ptx 1476 : 65536 545440 0 0 0 0 0 0 0 
_1.ptx 653 : 65536 734368 0 0 0 0 0 0 0 
_1.ptx 1477 : 65536 3928224 0 0 0 0 0 0 0 
_1.ptx 654 : 65536 3079680 512 0 0 0 0 0 0 
_1.ptx 1478 : 65536 491872 0 0 0 0 0 0 0 
_1.ptx 655 : 65536 2825472 0 0 0 0 0 0 0 
_1.ptx 1479 : 65536 432736 0 0 0 0 0 0 0 
_1.ptx 656 : 65536 544512 0 0 0 0 0 0 0 
_1.ptx 1480 : 65536 742592 0 0 0 0 0 0 0 
_1.ptx 657 : 65536 488640 0 0 0 0 0 0 0 
_1.ptx 1481 : 65536 491232 0 0 0 0 0 0 0 
_1.ptx 658 : 65536 545536 0 0 0 0 0 0 0 
_1.ptx 1482 : 65536 487552 0 0 0 0 0 0 0 
_1.ptx 659 : 65536 489952 0 0 0 0 0 0 0 
_1.ptx 1483 : 65536 4721120 0 0 0 0 0 0 0 
_1.ptx 660 : 65536 549760 0 0 0 0 0 0 0 
_1.ptx 1484 : 65536 494496 0 0 0 0 0 0 0 
_1.ptx 661 : 65536 421504 0 0 0 0 0 0 0 
_1.ptx 1485 : 65536 434144 0 0 0 0 0 0 0 
_1.ptx 662 : 65536 545312 0 0 0 0 0 0 0 
_1.ptx 1486 : 65536 743808 0 0 0 0 0 0 0 
_1.ptx 663 : 65536 0 0 0 0 0 0 0 0 
_1.ptx 1487 : 65536 491360 0 0 0 0 0 0 0 
_1.ptx 1488 : 65536 488736 0 0 0 0 0 0 0 
_1.ptx 665 : 65536 806016 0 0 0 0 0 0 0 
_1.ptx 1489 : 65536 545280 0 0 0 0 0 0 0 
_1.ptx 666 : 65536 666400 0 0 0 0 0 0 0 
_1.ptx 1490 : 65536 544832 0 0 0 0 0 0 0 
_1.ptx 667 : 65536 738752 0 0 0 0 0 0 0 
_1.ptx 1491 : 65536 738016 0 0 0 0 0 0 0 
_1.ptx 668 : 65536 492960 0 0 0 0 0 0 0 
_1.ptx 1492 : 65536 660064 0 0 0 4096 2048 0 0 
_1.ptx 669 : 65536 717120 0 0 0 0 0 0 0 
_1.ptx 670 : 65536 742400 0 0 0 0 0 0 0 
_1.ptx 671 : 65536 428992 0 0 0 0 0 0 0 
_1.ptx 1495 : 65536 415776 0 0 0 0 0 0 0 
_1.ptx 672 : 65536 1737792 107392 0 0 4096 2048 0 0 
_1.ptx 674 : 65536 3836992 512 0 0 0 0 0 0 
_1.ptx 675 : 65536 3584896 0 0 0 0 0 0 0 
_1.ptx 676 : 65536 755168 0 0 0 0 0 0 0 
_1.ptx 678 : 65536 399712 0 0 0 0 0 0 0 
_1.ptx 679 : 65536 553632 0 0 0 0 0 0 0 
_1.ptx 680 : 65536 746528 0 0 0 0 0 0 0 
_1.ptx 681 : 65536 1346880 0 0 0 0 0 0 0 
_1.ptx 682 : 65536 542752 0 0 0 0 0 0 0 
_1.ptx 683 : 65536 533856 0 0 0 0 0 0 0 
_1.ptx 684 : 65536 413152 0 0 0 0 0 0 0 
_1.ptx 685 : 65536 758784 0 0 0 0 0 0 0 
_1.ptx 686 : 65536 473024 0 0 0 0 0 0 0 
_1.ptx 687 : 65536 765504 0 0 0 0 0 0 0 
_1.ptx 688 : 65536 521664 0 0 0 0 0 0 0 
_1.ptx 689 : 65536 519296 0 0 0 0 0 0 0 
_1.ptx 690 : 65536 521696 0 0 0 0 0 0 0 
_1.ptx 691 : 65536 454176 0 0 0 0 0 0 0 
_1.ptx 692 : 65536 3138176 0 0 0 0 0 0 0 
_1.ptx 693 : 65536 425440 0 0 0 0 0 0 0 
_1.ptx 694 : 65536 748160 0 0 0 0 0 0 0 
_1.ptx 695 : 65536 757408 0 0 0 0 0 0 0 
_1.ptx 696 : 65536 438592 0 0 0 0 0 0 0 
_1.ptx 697 : 65536 752448 0 0 0 0 0 0 0 
_1.ptx 698 : 65536 744768 0 0 0 0 0 0 0 
_1.ptx 699 : 65536 468928 0 0 0 0 0 0 0 
_1.ptx 700 : 65536 741856 0 0 0 0 0 0 0 
_1.ptx 701 : 65536 408480 0 0 0 0 0 0 0 
_1.ptx 702 : 65536 744096 0 0 0 0 0 0 0 
_1.ptx 703 : 65536 347008 0 0 0 0 0 0 0 
_1.ptx 704 : 65536 743744 0 0 0 0 0 0 0 
_1.ptx 705 : 65536 386080 0 0 0 0 0 0 0 
_1.ptx 706 : 65536 743488 0 0 0 0 0 0 0 
_1.ptx 707 : 65536 348768 0 0 0 0 0 0 0 
_1.ptx 708 : 65536 743904 0 0 0 0 0 0 0 
_1.ptx 709 : 65536 392544 0 0 0 0 0 0 0 
_1.ptx 710 : 65536 758336 0 0 0 0 0 0 0 
_1.ptx 711 : 65536 776640 0 0 0 0 0 0 0 
_1.ptx 712 : 65536 787488 0 0 0 0 0 0 0 
_1.ptx 713 : 65536 788064 0 0 0 0 0 0 0 
_1.ptx 714 : 65536 798944 0 0 0 0 0 0 0 
_1.ptx 715 : 65536 816704 0 0 0 0 0 0 0 
_1.ptx 716 : 65536 814976 0 0 0 0 0 0 0 
_1.ptx 717 : 65536 801376 0 0 0 0 0 0 0 
_1.ptx 718 : 65536 795456 0 0 0 0 0 0 0 
_1.ptx 719 : 65536 795808 0 0 0 0 0 0 0 
_1.ptx 720 : 65536 782784 0 0 0 0 0 0 0 
_1.ptx 721 : 65536 782368 0 0 0 0 0 0 0 
_1.ptx 722 : 65536 781632 0 0 0 0 0 0 0 
_1.ptx 723 : 65536 793504 0 0 0 0 0 0 0 
_1.ptx 724 : 65536 642304 0 0 0 0 0 0 0 
_1.ptx 725 : 65536 620992 0 0 0 0 0 0 0 
_1.ptx 726 : 65536 1694464 0 0 0 0 0 0 0 
_1.ptx 727 : 65536 780576 0 0 0 0 0 0 0 
_1.ptx 728 : 65536 772128 0 0 0 0 0 0 0 
_1.ptx 729 : 65536 784320 0 0 0 0 0 0 0 
_1.ptx 731 : 65536 460896 0 0 0 0 0 0 0 
_1.ptx 733 : 65536 505600 0 0 0 0 0 0 0 
_1.ptx 734 : 65536 515136 0 0 0 0 0 0 0 
_1.ptx 735 : 65536 501056 0 0 0 0 0 0 0 
_1.ptx 736 : 65536 495680 0 0 0 0 0 0 0 
_1.ptx 738 : 127467 1016101 0 0 0 0 0 0 0 
_1.ptx 739 : 127467 894079 0 0 0 0 0 0 0 
_1.ptx 740 : 127467 858942 0 0 0 0 0 0 0 
_1.ptx 744 : 509868 3469254 512 0 0 17236 17236 0 0 
_1.ptx 745 : 509868 3342893 0 0 0 17236 17236 0 0 
_1.ptx 746 : 509868 3774954 0 0 0 17236 17236 0 0 
_1.ptx 747 : 509868 3008154 0 0 0 17236 17236 0 0 
_1.ptx 748 : 509868 2812984 0 0 0 17236 17236 0 0 
_1.ptx 749 : 509868 3427994 0 0 0 0 0 0 0 
_1.ptx 750 : 509868 4421835 0 0 0 0 0 0 0 
_1.ptx 751 : 509868 2713782 0 0 0 0 0 0 0 
_1.ptx 753 : 127467 988979 0 0 0 0 0 0 0 
_1.ptx 754 : 127467 873228 0 0 0 0 0 0 0 
_1.ptx 755 : 127467 1089942 0 0 0 0 0 0 0 
_1.ptx 756 : 127467 872652 0 0 0 0 0 0 0 
_1.ptx 761 : 127467 1453590 0 0 0 0 0 0 0 
_1.ptx 762 : 127467 6208456 0 0 0 0 0 0 0 
_1.ptx 763 : 127467 848275 0 0 0 0 0 0 0 
_1.ptx 764 : 127467 861762 0 0 0 0 0 0 0 
_1.ptx 765 : 127467 1089471 0 0 0 0 0 0 0 
_1.ptx 766 : 127467 1211921 0 0 0 0 0 0 0 
_1.ptx 769 : 127467 1016147 0 0 0 0 0 0 0 
_1.ptx 770 : 127467 895629 0 0 0 0 0 0 0 
_1.ptx 773 : 382401 4478670 0 0 0 0 0 0 0 
_1.ptx 774 : 382401 1308222 0 0 0 0 0 0 0 
_1.ptx 775 : 382401 4532837 0 0 0 0 0 0 0 
_1.ptx 776 : 382401 4528005 0 0 0 0 0 0 0 
_1.ptx 777 : 382401 4571466 0 0 0 0 0 0 0 
_1.ptx 778 : 382401 4583705 0 0 0 0 0 0 0 
_1.ptx 779 : 382401 4580433 0 0 0 0 0 0 0 
_1.ptx 780 : 382401 4596675 0 0 0 0 0 0 0 
_1.ptx 781 : 382401 3753140 0 0 0 0 0 0 0 
_1.ptx 782 : 382401 3842761 0 0 0 0 0 0 0 
_1.ptx 783 : 382401 3731343 0 0 0 0 0 0 0 
_1.ptx 784 : 382401 3834688 0 0 0 0 0 0 0 
_1.ptx 785 : 382401 3391106 0 0 0 0 0 0 0 
_1.ptx 786 : 382401 3177711 0 0 0 0 0 0 0 
_1.ptx 787 : 382401 2770152 0 0 0 0 0 0 0 
_1.ptx 788 : 382401 3391839 0 0 0 0 0 0 0 
_1.ptx 789 : 382401 3156540 0 0 0 0 0 0 0 
_1.ptx 790 : 382401 3406979 0 0 0 0 0 0 0 
_1.ptx 791 : 382401 2777107 0 0 0 0 0 0 0 
_1.ptx 792 : 382401 3391791 0 0 0 0 0 0 0 
_1.ptx 793 : 382401 1986118 0 0 0 0 0 0 1523 
_1.ptx 794 : 105477 784246 0 0 0 0 0 0 0 
_1.ptx 795 : 105477 773371 0 0 0 0 0 0 0 
_1.ptx 797 : 276924 3274864 0 0 0 0 0 0 0 
_1.ptx 798 : 276924 3267660 0 0 0 0 0 0 0 
_1.ptx 799 : 276924 2446332 0 0 0 0 0 0 0 
_1.ptx 800 : 276924 140907 0 0 0 0 0 0 715 
_1.ptx 801 : 257599 1863621 0 0 0 0 0 0 0 
_1.ptx 802 : 257599 1888455 0 0 0 0 0 0 0 
_1.ptx 805 : 19325 225929 0 0 0 0 0 0 0 
_1.ptx 806 : 19325 335205 0 0 0 0 0 0 0 
_1.ptx 807 : 19325 226076 0 0 0 0 0 0 0 
_1.ptx 808 : 19325 230237 0 0 0 0 0 0 0 
_1.ptx 809 : 19325 185668 0 0 0 0 0 0 0 
_1.ptx 813 : 382401 3166311 0 0 0 0 0 0 0 
_1.ptx 815 : 509868 3639404 0 0 0 0 0 0 0 
_1.ptx 816 : 509868 4421502 0 0 0 0 0 0 0 
_1.ptx 817 : 509868 4103528 0 0 0 0 0 0 0 
_1.ptx 818 : 509868 4419037 0 0 0 0 0 0 0 
_1.ptx 819 : 509868 4104242 0 0 0 0 0 0 0 
_1.ptx 820 : 509868 4478415 0 0 0 0 0 0 0 
_1.ptx 821 : 509868 3579223 0 0 0 0 0 0 0 
_1.ptx 822 : 509868 4441508 0 0 0 0 0 0 0 
