kernel line : count latency dram_traffic smem_bk_conflicts smem_warp gmem_access_generated gmem_warp exposed_latency warp_divergence
_1.ptx 823 : 509868 3053308 0 0 0 0 0 0 1125 
_1.ptx 825 : 74702 592049 0 0 0 0 0 0 0 
_1.ptx 827 : 74702 614138 0 0 0 0 0 0 0 
_1.ptx 829 : 509868 5550107 0 0 0 0 0 0 0 
_1.ptx 830 : 509868 5595245 0 0 0 0 0 0 0 
_1.ptx 831 : 509868 3765621 0 0 0 0 0 0 0 
_1.ptx 832 : 509868 4459112 0 0 0 0 0 0 0 
_1.ptx 833 : 509868 2647090 0 0 0 0 0 0 0 
_1.ptx 834 : 127467 905364 0 0 0 0 0 0 0 
_1.ptx 835 : 127467 1098321 0 0 0 0 0 0 0 
_1.ptx 836 : 127467 1017472 0 0 0 0 0 0 0 
_1.ptx 837 : 127467 887136 0 0 0 0 0 0 0 
_1.ptx 838 : 127467 1097178 0 0 0 0 0 0 0 
_1.ptx 839 : 127467 1005142 0 0 0 0 0 0 0 
_1.ptx 840 : 127467 1098559 0 0 0 0 0 0 0 
_1.ptx 841 : 127467 885002 0 0 0 0 0 0 0 
_1.ptx 842 : 127467 1092534 0 0 0 0 0 0 0 
_1.ptx 843 : 127467 440831 0 0 0 0 0 0 631 
_1.ptx 845 : 62282 678360 0 0 0 0 0 0 0 
_1.ptx 847 : 62282 509452 0 0 0 0 0 0 0 
_1.ptx 848 : 62282 487955 0 0 0 0 0 0 0 
_1.ptx 849 : 62282 824359 0 0 0 0 0 0 0 
_1.ptx 850 : 62282 716254 0 0 0 0 0 0 0 
_1.ptx 851 : 62282 457231 0 0 0 2349 2349 0 0 
_1.ptx 852 : 62282 433096 0 0 0 2349 2349 0 0 
_1.ptx 853 : 62282 419730 0 0 0 2544 2349 0 0 
_1.ptx 854 : 62282 405959 0 0 0 2544 2349 0 0 
_1.ptx 855 : 62282 372871 0 0 0 2544 2349 0 0 
_1.ptx 856 : 62282 374380 0 0 0 2544 2349 0 0 
_1.ptx 857 : 62282 363909 0 0 0 2544 2349 0 0 
_1.ptx 859 : 62282 705033 0 0 0 0 0 0 0 
_1.ptx 860 : 62282 706350 0 0 0 0 0 0 0 
_1.ptx 861 : 62282 709957 0 0 0 0 0 0 0 
_1.ptx 862 : 62282 718900 0 0 0 0 0 0 0 
_1.ptx 863 : 62282 729914 0 0 0 0 0 0 0 
_1.ptx 864 : 62282 722006 0 0 0 0 0 0 0 
_1.ptx 865 : 62282 506508 0 0 0 2544 2349 0 0 
_1.ptx 866 : 62282 441418 0 0 0 0 0 0 0 
_1.ptx 867 : 62282 539153 0 0 0 0 0 0 0 
_1.ptx 868 : 62282 128983 0 0 0 0 0 0 305 
_1.ptx 870 : 43133 311602 0 0 0 0 0 0 0 
_1.ptx 871 : 43133 308980 0 0 0 0 0 0 0 
_1.ptx 872 : 43133 310634 0 0 0 0 0 0 0 
_1.ptx 873 : 43133 301400 0 0 0 0 0 0 0 
_1.ptx 875 : 19149 97048 0 0 0 0 0 0 0 
_1.ptx 876 : 19149 219788 0 0 0 0 0 0 0 
_1.ptx 877 : 19149 220553 0 0 0 0 0 0 0 
_1.ptx 878 : 19149 222562 0 0 0 0 0 0 0 
_1.ptx 879 : 19149 224721 0 0 0 0 0 0 0 
_1.ptx 880 : 19149 228257 0 0 0 0 0 0 0 
_1.ptx 881 : 19149 181669 0 0 0 0 0 0 0 
_1.ptx 882 : 19149 184044 0 0 0 0 0 0 0 
_1.ptx 883 : 19149 622520 0 0 0 0 0 0 0 
_1.ptx 884 : 19149 231879 0 0 0 0 0 0 0 
_1.ptx 885 : 19149 243822 0 0 0 0 0 0 0 
_1.ptx 886 : 19149 237772 0 0 0 0 0 0 0 
_1.ptx 888 : 62282 726575 0 0 0 0 0 0 0 
_1.ptx 889 : 62282 724377 0 0 0 0 0 0 0 
_1.ptx 890 : 62282 740913 0 0 0 0 0 0 0 
_1.ptx 891 : 62282 774223 0 0 0 0 0 0 0 
_1.ptx 892 : 62282 610370 0 0 0 0 0 0 0 
_1.ptx 893 : 62282 603650 0 0 0 0 0 0 0 
_1.ptx 894 : 62282 2077589 0 0 0 0 0 0 0 
_1.ptx 895 : 62282 727027 0 0 0 0 0 0 0 
_1.ptx 896 : 62282 729927 0 0 0 0 0 0 0 
_1.ptx 897 : 62282 733317 0 0 0 0 0 0 0 
_1.ptx 898 : 62282 712883 0 0 0 0 0 0 0 
_1.ptx 899 : 62282 595943 0 0 0 0 0 0 0 
_1.ptx 900 : 62282 597017 0 0 0 0 0 0 0 
_1.ptx 901 : 62282 425581 0 0 0 0 0 0 0 
_1.ptx 902 : 62282 536253 0 0 0 0 0 0 0 
_1.ptx 903 : 62282 431005 0 0 0 0 0 0 0 
_1.ptx 910 : 62282 483822 0 0 0 0 0 0 0 
_1.ptx 911 : 62282 489167 0 0 0 0 0 0 0 
_1.ptx 912 : 62282 501400 0 0 0 0 0 0 0 
_1.ptx 915 : 62282 444915 0 0 0 0 0 0 0 
_1.ptx 916 : 62282 725484 0 0 0 0 0 0 0 
_1.ptx 917 : 62282 489249 0 0 0 0 0 0 0 
_1.ptx 918 : 62282 949927 0 0 0 0 0 0 0 
_1.ptx 919 : 62282 710500 0 0 0 0 0 0 0 
_1.ptx 920 : 62282 628279 31520 0 0 0 0 0 0 
_1.ptx 921 : 62282 413738 0 0 0 0 0 0 0 
_1.ptx 922 : 62282 711404 0 0 0 0 0 0 0 
_1.ptx 923 : 62282 818911 53952 0 0 0 0 0 0 
_1.ptx 924 : 62282 412336 0 0 0 0 0 0 0 
_1.ptx 925 : 62282 713235 0 0 0 0 0 0 0 
_1.ptx 926 : 62282 1076416 33792 0 0 0 0 0 0 
_1.ptx 927 : 62282 406106 0 0 0 0 0 0 0 
_1.ptx 928 : 62282 710732 0 0 0 0 0 0 0 
_1.ptx 929 : 62282 1132731 24416 0 0 0 0 0 0 
_1.ptx 931 : 62282 410221 0 0 0 0 0 0 0 
_1.ptx 932 : 62282 715540 0 0 0 0 0 0 0 
_1.ptx 933 : 62282 421836 0 0 0 0 0 0 0 
_1.ptx 934 : 62282 711120 0 0 0 0 0 0 0 
_1.ptx 935 : 62282 409174 0 0 0 0 0 0 0 
_1.ptx 936 : 62282 714663 0 0 0 0 0 0 0 
_1.ptx 937 : 62282 744955 0 0 0 0 0 0 0 
_1.ptx 938 : 62282 600333 0 0 0 0 0 0 0 
_1.ptx 939 : 62282 593574 0 0 0 0 0 0 0 
_1.ptx 940 : 62282 2287138 0 0 0 0 0 0 0 
_1.ptx 941 : 62282 771622 0 0 0 0 0 0 0 
_1.ptx 942 : 62282 755962 0 0 0 0 0 0 0 
_1.ptx 943 : 62282 783967 0 0 0 0 0 0 0 
_1.ptx 944 : 62282 775107 0 0 0 0 0 0 0 
_1.ptx 945 : 62282 601401 0 0 0 0 0 0 0 
_1.ptx 946 : 62282 603275 0 0 0 0 0 0 0 
_1.ptx 947 : 62282 441771 0 0 0 0 0 0 0 
_1.ptx 948 : 62282 544358 0 0 0 0 0 0 0 
_1.ptx 949 : 62282 38473 0 0 0 0 0 0 318 
_1.ptx 951 : 56815 449396 0 0 0 0 0 0 0 
_1.ptx 952 : 56815 356512 0 0 0 0 0 0 0 
_1.ptx 955 : 220903 1333301 0 0 0 8579 8579 0 0 
_1.ptx 956 : 220903 1428890 0 0 0 8579 8579 0 0 
_1.ptx 957 : 220903 1377050 0 0 0 8579 8579 0 0 
_1.ptx 958 : 220903 1270450 0 0 0 8579 8579 0 0 
_1.ptx 959 : 220903 1480448 0 0 0 0 0 0 0 
_1.ptx 960 : 220903 1901439 0 0 0 0 0 0 0 
_1.ptx 961 : 220903 1142010 0 0 0 0 0 0 0 
_1.ptx 963 : 56815 436593 0 0 0 0 0 0 0 
_1.ptx 964 : 56815 382105 0 0 0 0 0 0 0 
_1.ptx 965 : 56815 479708 0 0 0 0 0 0 0 
_1.ptx 966 : 56815 372274 0 0 0 0 0 0 0 
_1.ptx 971 : 56815 364370 0 0 0 0 0 0 0 
_1.ptx 972 : 56815 526490 0 0 0 0 0 0 0 
_1.ptx 973 : 56815 641303 0 0 0 0 0 0 0 
_1.ptx 974 : 56815 3269989 0 0 0 0 0 0 0 
_1.ptx 976 : 56815 369232 0 0 0 0 0 0 0 
_1.ptx 977 : 56815 374413 0 0 0 0 0 0 0 
_1.ptx 978 : 56815 491849 0 0 0 0 0 0 0 
_1.ptx 979 : 56815 530865 0 0 0 0 0 0 0 
_1.ptx 982 : 56815 436566 0 0 0 0 0 0 0 
_1.ptx 983 : 56815 381943 0 0 0 0 0 0 0 
_1.ptx 986 : 164088 799250 0 0 0 6402 6402 0 0 
_1.ptx 987 : 164088 642319 0 0 0 0 0 0 0 
_1.ptx 988 : 164088 1938512 0 0 0 0 0 0 0 
_1.ptx 989 : 164088 1150701 0 0 0 0 0 0 0 
_1.ptx 990 : 164088 1953332 0 0 0 0 0 0 0 
_1.ptx 991 : 164088 1183634 0 0 0 0 0 0 0 
_1.ptx 992 : 164088 1960189 0 0 0 0 0 0 0 
_1.ptx 993 : 164088 1200391 0 0 0 0 0 0 0 
_1.ptx 994 : 164088 1961011 0 0 0 0 0 0 0 
_1.ptx 995 : 164088 1952036 0 0 0 0 0 0 0 
_1.ptx 996 : 164088 1993790 0 0 0 0 0 0 0 
_1.ptx 997 : 164088 1987619 0 0 0 0 0 0 0 
_1.ptx 998 : 164088 1986711 0 0 0 0 0 0 0 
_1.ptx 999 : 164088 1982038 0 0 0 0 0 0 0 
_1.ptx 1000 : 164088 2002571 0 0 0 0 0 0 0 
_1.ptx 1001 : 164088 2017451 0 0 0 0 0 0 0 
_1.ptx 1002 : 164088 1664086 0 0 0 0 0 0 0 
_1.ptx 1003 : 164088 1655942 0 0 0 0 0 0 0 
_1.ptx 1004 : 164088 1991096 0 0 0 0 0 0 0 
_1.ptx 1005 : 164088 1637236 0 0 0 0 0 0 0 
_1.ptx 1006 : 164088 1638259 0 0 0 0 0 0 0 
_1.ptx 1007 : 164088 2000961 0 0 0 0 0 0 0 
_1.ptx 1008 : 164088 1493243 0 0 0 0 0 0 0 
_1.ptx 1009 : 164088 1386183 0 0 0 0 0 0 0 
_1.ptx 1010 : 164088 1177998 0 0 0 0 0 0 0 
_1.ptx 1011 : 164088 1457567 0 0 0 0 0 0 0 
_1.ptx 1012 : 164088 1357453 0 0 0 0 0 0 0 
_1.ptx 1013 : 164088 1474128 0 0 0 0 0 0 0 
_1.ptx 1014 : 164088 1202706 0 0 0 0 0 0 0 
_1.ptx 1015 : 164088 1462397 0 0 0 0 0 0 0 
_1.ptx 1016 : 164088 832963 0 0 0 0 0 0 965 
_1.ptx 1017 : 50431 369581 0 0 0 0 0 0 0 
_1.ptx 1018 : 50431 366083 0 0 0 0 0 0 0 
_1.ptx 1020 : 113657 1343531 0 0 0 0 0 0 0 
_1.ptx 1021 : 113657 1346881 0 0 0 0 0 0 0 
_1.ptx 1022 : 113657 1018472 0 0 0 0 0 0 0 
_1.ptx 1023 : 113657 44228 0 0 0 0 0 0 344 
_1.ptx 1024 : 107587 796521 0 0 0 0 0 0 0 
_1.ptx 1025 : 107587 809704 0 0 0 0 0 0 0 
_1.ptx 1028 : 6070 71437 0 0 0 0 0 0 0 
_1.ptx 1029 : 6070 121093 0 0 0 0 0 0 0 
_1.ptx 1030 : 6070 72531 0 0 0 0 0 0 0 
_1.ptx 1031 : 6070 73443 0 0 0 0 0 0 0 
_1.ptx 1032 : 6070 60028 0 0 0 0 0 0 0 
_1.ptx 1036 : 164088 1365439 0 0 0 0 0 0 0 
_1.ptx 1039 : 220903 1578157 0 0 0 0 0 0 0 
_1.ptx 1040 : 220903 1924793 0 0 0 0 0 0 0 
_1.ptx 1041 : 220903 1510072 0 0 0 0 0 0 370 
_1.ptx 1042 : 6068 73863 0 0 0 0 0 0 0 
_1.ptx 1043 : 6068 73512 0 0 0 0 0 0 0 
_1.ptx 1044 : 6068 76668 0 0 0 0 0 0 0 
_1.ptx 1045 : 6068 73434 0 0 0 0 0 0 0 
_1.ptx 1046 : 6068 74028 0 0 0 0 0 0 0 
_1.ptx 1047 : 6068 73302 0 0 0 0 0 0 0 
_1.ptx 1048 : 6068 74783 0 0 0 0 0 0 0 
_1.ptx 1049 : 6068 60516 0 0 0 0 0 0 0 
_1.ptx 1050 : 6068 61350 0 0 0 0 0 0 0 
_1.ptx 1051 : 6068 55760 0 0 0 0 0 0 0 
_1.ptx 1052 : 6068 46244 0 0 0 0 0 0 0 
_1.ptx 1057 : 220903 2403608 0 0 0 0 0 0 0 
_1.ptx 1058 : 220903 2412182 0 0 0 0 0 0 0 
_1.ptx 1059 : 220903 1682175 0 0 0 0 0 0 0 
_1.ptx 1060 : 220903 1940053 0 0 0 0 0 0 0 
_1.ptx 1061 : 220903 376190 0 0 0 0 0 0 0 
_1.ptx 1062 : 169119 1233281 0 0 0 0 0 0 0 
_1.ptx 1063 : 169119 1461940 0 0 0 0 0 0 0 
_1.ptx 1064 : 169119 1140553 0 0 0 0 0 0 295 
_1.ptx 1065 : 5031 36546 0 0 0 0 0 0 0 
_1.ptx 1067 : 51784 371465 0 0 0 0 0 0 0 
_1.ptx 1068 : 51784 457319 0 0 0 0 0 0 0 
_1.ptx 1071 : 56815 44514 0 0 0 0 0 0 318 
_1.ptx 1073 : 50745 600757 0 0 0 0 0 0 0 
_1.ptx 1074 : 50745 605408 0 0 0 0 0 0 0 
_1.ptx 1075 : 50745 607025 0 0 0 0 0 0 0 
_1.ptx 1076 : 50745 632561 0 0 0 0 0 0 0 
_1.ptx 1077 : 50745 500682 0 0 0 0 0 0 0 
_1.ptx 1078 : 50745 494431 0 0 0 0 0 0 0 
_1.ptx 1079 : 50745 1209343 0 0 0 0 0 0 0 
_1.ptx 1081 : 50745 367684 0 0 0 0 0 0 0 
_1.ptx 1082 : 50745 1075607 0 0 0 0 0 0 0 
_1.ptx 1083 : 50745 407455 0 0 0 0 0 0 0 
_1.ptx 1084 : 50745 710542 0 0 0 0 0 0 0 
_1.ptx 1085 : 50745 665457 0 0 0 0 0 0 0 
_1.ptx 1086 : 50745 603665 0 0 0 0 0 0 0 
_1.ptx 1087 : 50745 401068 256 0 0 0 0 0 0 
_1.ptx 1088 : 50745 363387 0 0 0 0 0 0 0 
_1.ptx 1089 : 50745 586650 0 0 0 0 0 0 0 
_1.ptx 1090 : 50745 597175 0 0 0 0 0 0 0 
_1.ptx 1091 : 50745 601766 0 0 0 0 0 0 0 
_1.ptx 1092 : 50745 416328 0 0 0 0 0 0 0 
_1.ptx 1093 : 50745 363184 0 0 0 0 0 0 0 
_1.ptx 1094 : 50745 590298 0 0 0 0 0 0 0 
_1.ptx 1095 : 50745 598067 0 0 0 0 0 0 0 
_1.ptx 1096 : 50745 602265 0 0 0 0 0 0 0 
_1.ptx 1097 : 50745 657437 128 0 0 0 0 0 0 
_1.ptx 1098 : 50745 358226 0 0 0 0 0 0 0 
_1.ptx 1099 : 50745 592655 0 0 0 0 0 0 0 
_1.ptx 1100 : 50745 489963 0 0 0 0 0 0 0 
_1.ptx 1101 : 50745 711964 32 0 0 0 0 0 0 
_1.ptx 1103 : 50745 582686 0 0 0 0 0 0 0 
_1.ptx 1104 : 50745 589570 0 0 0 0 0 0 0 
_1.ptx 1105 : 50745 589160 0 0 0 0 0 0 0 
_1.ptx 1106 : 50745 498573 0 0 0 0 0 0 0 
_1.ptx 1107 : 50745 608709 0 0 0 0 0 0 0 
_1.ptx 1108 : 50745 506796 0 0 0 0 0 0 0 
_1.ptx 1109 : 50745 377642 0 0 0 0 0 0 0 
_1.ptx 1110 : 50745 1097592 0 0 0 0 0 0 0 
_1.ptx 1111 : 50745 415863 0 0 0 0 0 0 0 
_1.ptx 1112 : 50745 1098600 0 0 0 0 0 0 0 
_1.ptx 1113 : 50745 420198 0 0 0 0 0 0 0 
_1.ptx 1114 : 50745 464343 0 0 0 0 0 0 0 
_1.ptx 1115 : 50745 370614 0 0 0 0 0 0 0 
_1.ptx 1121 : 50745 414344 0 0 0 0 0 0 0 
_1.ptx 1122 : 50745 365999 0 0 0 0 0 0 0 
_1.ptx 1123 : 50745 435069 0 0 0 0 0 0 0 
_1.ptx 1124 : 50745 0 0 0 0 0 0 0 0 
_1.ptx 1125 : 50745 330513 0 0 0 0 0 0 0 
_1.ptx 1133 : 50745 326075 0 0 0 0 0 0 0 
_1.ptx 1134 : 50745 423677 0 0 0 0 0 0 0 
_1.ptx 1135 : 50745 333351 0 0 0 0 0 0 0 
_1.ptx 1140 : 50745 328556 0 0 0 0 0 0 0 
_1.ptx 1141 : 50745 425313 0 0 0 0 0 0 0 
_1.ptx 1142 : 50745 335584 0 0 0 0 0 0 0 
_1.ptx 1157 : 50745 329580 0 0 0 0 0 0 0 
_1.ptx 1158 : 50745 426292 0 0 0 0 0 0 0 
_1.ptx 1159 : 50745 331965 0 0 0 0 0 0 0 
_1.ptx 1181 : 50745 325626 0 0 0 0 0 0 0 
_1.ptx 1182 : 50745 426779 0 0 0 0 0 0 0 
_1.ptx 1183 : 50745 332094 0 0 0 0 0 0 0 
_1.ptx 1196 : 50745 374412 0 0 0 0 0 0 0 
_1.ptx 1197 : 50745 376421 0 0 0 0 0 0 0 
_1.ptx 1198 : 50745 381852 0 0 0 0 0 0 0 
_1.ptx 1199 : 50745 388769 0 0 0 0 0 0 0 
_1.ptx 1200 : 50745 346467 0 0 0 0 0 0 0 
_1.ptx 1201 : 50745 426882 0 0 0 0 0 0 0 
_1.ptx 1202 : 50745 334427 0 0 0 0 0 0 0 
_1.ptx 1213 : 50745 419985 0 0 0 0 0 0 0 
_1.ptx 1216 : 50745 575445 0 0 0 0 0 0 0 
_1.ptx 1218 : 50745 424692 0 0 0 0 0 0 0 
_1.ptx 1219 : 50745 400377 0 0 0 0 0 0 0 
_1.ptx 1220 : 50745 395738 0 0 0 0 0 0 0 
_1.ptx 1221 : 50745 401022 0 0 0 0 0 0 0 
_1.ptx 1222 : 50745 356267 0 0 0 0 0 0 0 
_1.ptx 1223 : 50745 440801 0 0 0 0 0 0 0 
_1.ptx 1224 : 50745 210361 0 0 0 0 0 0 727 
_1.ptx 1226 : 21083 157645 0 0 0 0 0 0 0 
_1.ptx 1227 : 21083 250587 0 0 0 0 0 0 0 
_1.ptx 1229 : 21083 241435 0 0 0 0 0 0 0 
_1.ptx 1232 : 50745 394473 0 0 0 0 0 0 0 
_1.ptx 1233 : 50745 594421 0 0 0 0 0 0 0 
_1.ptx 1234 : 50745 331878 0 0 0 0 0 0 0 
_1.ptx 1235 : 50745 588563 0 0 0 0 0 0 0 
_1.ptx 1236 : 50745 612121 0 0 0 0 0 0 0 
_1.ptx 1237 : 50745 472056 0 0 0 0 0 0 0 
_1.ptx 1238 : 50745 2430622 0 0 0 0 0 0 0 
_1.ptx 1239 : 50745 405678 0 0 0 0 0 0 0 
_1.ptx 1240 : 50745 619690 0 0 0 0 0 0 0 
_1.ptx 1241 : 50745 406903 0 0 0 0 0 0 0 
_1.ptx 1242 : 50745 410254 0 0 0 0 0 0 0 
_1.ptx 1243 : 50745 412144 0 0 0 0 0 0 0 
_1.ptx 1244 : 50745 407404 0 0 0 0 0 0 0 
_1.ptx 1245 : 50745 412910 0 0 0 0 0 0 0 
_1.ptx 1246 : 50745 589645 0 0 0 0 0 0 0 
_1.ptx 1247 : 50745 593582 0 0 0 0 0 0 0 
_1.ptx 1248 : 50745 601777 0 0 0 0 0 0 0 
_1.ptx 1249 : 50745 480503 0 0 0 0 0 0 0 
_1.ptx 1250 : 50745 482446 0 0 0 0 0 0 0 
_1.ptx 1252 : 50745 613318 0 0 0 0 0 0 0 
_1.ptx 1253 : 50745 648639 0 0 0 0 0 0 0 
_1.ptx 1254 : 50745 442504 0 0 0 0 0 0 0 
_1.ptx 1255 : 50745 446886 0 0 0 0 0 0 0 
_1.ptx 1256 : 50745 522904 0 0 0 0 0 0 0 
_1.ptx 1257 : 50745 396429 0 0 0 0 0 0 0 
_1.ptx 1258 : 50745 511403 0 0 0 0 0 0 0 
_1.ptx 1259 : 50745 623617 0 0 0 0 0 0 0 
_1.ptx 1260 : 50745 625088 0 0 0 0 0 0 0 
_1.ptx 1261 : 50745 621430 0 0 0 0 0 0 0 
_1.ptx 1262 : 50745 614426 0 0 0 0 0 0 0 
_1.ptx 1263 : 50745 606275 0 0 0 0 0 0 0 
_1.ptx 1264 : 50745 600812 0 0 0 0 0 0 0 
_1.ptx 1265 : 50745 600231 0 0 0 0 0 0 0 
_1.ptx 1266 : 50745 594625 0 0 0 0 0 0 0 
_1.ptx 1267 : 50745 573355 0 0 0 0 0 0 0 
_1.ptx 1269 : 50745 581052 0 0 0 0 0 0 0 
_1.ptx 1271 : 50745 591601 0 0 0 0 0 0 0 
_1.ptx 1272 : 50745 619289 0 0 0 0 0 0 0 
_1.ptx 1274 : 50745 485914 0 0 0 0 0 0 0 
_1.ptx 1275 : 50745 435077 0 0 0 0 0 0 0 
_1.ptx 1276 : 50745 626461 0 0 0 0 0 0 0 
_1.ptx 1277 : 50745 627386 0 0 0 0 0 0 0 
_1.ptx 1279 : 50745 419623 0 0 0 0 0 0 0 
_1.ptx 1280 : 50745 619807 0 0 0 0 0 0 0 
_1.ptx 1281 : 50745 623365 0 0 0 0 0 0 0 
_1.ptx 1282 : 50745 613904 0 0 0 0 0 0 0 
_1.ptx 1283 : 50745 605889 0 0 0 0 0 0 0 
_1.ptx 1284 : 50745 602811 0 0 0 0 0 0 0 
_1.ptx 1286 : 50745 603387 0 0 0 0 0 0 0 
_1.ptx 1288 : 50745 370670 0 0 0 0 0 0 0 
_1.ptx 1289 : 50745 591236 0 0 0 0 0 0 0 
_1.ptx 1290 : 50745 598886 0 0 0 0 0 0 0 
_1.ptx 1291 : 50745 470913 0 0 0 0 0 0 0 
_1.ptx 1292 : 50745 639351 0 0 0 0 0 0 0 
_1.ptx 1293 : 50745 408500 0 0 0 0 0 0 0 
_1.ptx 1294 : 50745 492990 0 0 0 0 0 0 0 
_1.ptx 1295 : 50745 364439 0 0 0 0 0 0 0 
_1.ptx 1296 : 50745 490877 0 0 0 0 0 0 0 
_1.ptx 1297 : 50745 357168 0 0 0 0 0 0 0 
_1.ptx 1298 : 50745 490019 0 0 0 0 0 0 0 
_1.ptx 1299 : 50745 356866 0 0 0 0 0 0 0 
_1.ptx 1300 : 50745 490701 0 0 0 0 0 0 0 
_1.ptx 1301 : 50745 600888 0 0 0 0 0 0 0 
_1.ptx 1303 : 50745 421206 0 0 0 0 0 0 0 
_1.ptx 1304 : 50745 597283 0 0 0 0 0 0 0 
_1.ptx 1305 : 50745 591008 0 0 0 0 0 0 0 
_1.ptx 1307 : 50745 383073 0 0 0 0 0 0 0 
_1.ptx 1308 : 50745 390271 0 0 0 0 0 0 0 
_1.ptx 1309 : 50745 407033 0 0 0 0 0 0 0 
_1.ptx 1310 : 50745 362042 0 0 0 0 0 0 0 
_1.ptx 1311 : 50745 426150 0 0 0 0 0 0 0 
_1.ptx 1312 : 50745 331325 0 0 0 0 0 0 0 
_1.ptx 1321 : 50745 386234 0 0 0 0 0 0 0 
_1.ptx 1322 : 50745 348532 0 0 0 0 0 0 0 
_1.ptx 1323 : 50745 577826 0 0 0 0 0 0 0 
_1.ptx 1324 : 50745 410534 0 0 0 0 0 0 0 
_1.ptx 1325 : 50745 366286 0 0 0 0 0 0 0 
_1.ptx 1326 : 50745 368633 0 0 0 0 0 0 0 
_1.ptx 1327 : 50745 2609345 0 0 0 0 0 0 0 
_1.ptx 1328 : 50745 314904 0 0 0 0 0 0 0 
_1.ptx 1329 : 50745 329286 0 0 0 0 0 0 0 
_1.ptx 1330 : 50745 477966 0 0 0 0 0 0 0 
_1.ptx 1331 : 50745 485996 0 0 0 0 0 0 0 
_1.ptx 1332 : 50745 354244 0 0 0 0 0 0 0 
_1.ptx 1333 : 50745 685786 0 0 0 0 0 0 0 
_1.ptx 1334 : 50745 3475400 0 0 0 0 0 0 0 
_1.ptx 1335 : 50745 593187 0 0 0 0 0 0 0 
_1.ptx 1336 : 50745 329540 0 0 0 0 0 0 0 
_1.ptx 1337 : 50745 435146 0 0 0 0 0 0 0 
_1.ptx 1338 : 50745 475934 0 0 0 0 0 0 0 
_1.ptx 1339 : 50745 330832 0 0 0 0 0 0 0 
_1.ptx 1340 : 50745 428629 0 0 0 0 0 0 0 
_1.ptx 1341 : 50745 472066 0 0 0 0 0 0 0 
_1.ptx 1343 : 50745 383182 0 0 0 0 0 0 0 
_1.ptx 1344 : 50745 321694 0 0 0 0 0 0 0 
_1.ptx 1345 : 50745 428861 0 0 0 0 0 0 0 
_1.ptx 1346 : 50745 0 0 0 0 0 0 0 0 
_1.ptx 1348 : 50745 481736 0 0 0 0 0 0 0 
_1.ptx 1351 : 50745 420192 0 0 0 0 0 0 0 
_1.ptx 1352 : 50745 369487 0 0 0 0 0 0 0 
_1.ptx 1353 : 50745 411636 0 0 0 0 0 0 0 
_1.ptx 1354 : 50745 414488 0 0 0 0 0 0 0 
_1.ptx 1355 : 50745 372815 0 0 0 0 0 0 0 
_1.ptx 1356 : 50745 610839 0 0 0 0 0 0 0 
_1.ptx 1357 : 50745 605354 0 0 0 0 0 0 0 
_1.ptx 1358 : 50745 428872 0 0 0 0 0 0 0 
_1.ptx 1359 : 50745 364089 0 0 0 0 0 0 0 
_1.ptx 1360 : 50745 439284 0 0 0 0 0 0 0 
_1.ptx 1361 : 50745 399686 0 0 0 0 0 0 0 
_1.ptx 1362 : 50745 430017 0 0 0 0 0 0 0 
_1.ptx 1363 : 50745 319397 0 0 0 0 0 0 0 
_1.ptx 1364 : 50745 422376 0 0 0 0 0 0 0 
_1.ptx 1365 : 50745 324582 0 0 0 0 0 0 0 
_1.ptx 1372 : 50745 382296 0 0 0 0 0 0 0 
_1.ptx 1375 : 50745 335472 0 0 0 0 0 0 0 
_1.ptx 1376 : 50745 578954 0 0 0 0 0 0 0 
_1.ptx 1377 : 50745 579200 0 0 0 0 0 0 0 
_1.ptx 1378 : 50745 629476 128 0 0 0 0 0 0 
_1.ptx 1380 : 50745 573270 0 0 0 0 0 0 0 
_1.ptx 1381 : 50745 824767 256 0 0 0 0 0 0 
_1.ptx 1383 : 50745 579088 0 0 0 0 0 0 0 
_1.ptx 1384 : 50745 1061546 128 0 0 0 0 0 0 
_1.ptx 1388 : 62282 712839 0 0 0 0 0 0 0 
_1.ptx 1389 : 62282 721902 0 0 0 0 0 0 0 
_1.ptx 1390 : 62282 722938 0 0 0 0 0 0 0 
_1.ptx 1391 : 62282 760421 0 0 0 0 0 0 0 
_1.ptx 1392 : 62282 738461 0 0 0 0 0 0 0 
_1.ptx 1393 : 62282 788111 0 0 0 0 0 0 0 
_1.ptx 1395 : 62282 740664 0 0 0 0 0 0 0 
_1.ptx 1396 : 62282 755022 0 0 0 0 0 0 0 
_1.ptx 1397 : 62282 751920 0 0 0 0 0 0 0 
_1.ptx 1398 : 62282 784443 0 0 0 0 0 0 0 
_1.ptx 1399 : 62282 631068 0 0 0 0 0 0 0 
_1.ptx 1400 : 62282 610518 0 0 0 0 0 0 0 
_1.ptx 1401 : 62282 2511457 0 0 0 0 0 0 0 
_1.ptx 1402 : 62282 737527 0 0 0 0 0 0 0 
_1.ptx 1403 : 62282 747272 0 0 0 0 0 0 0 
_1.ptx 1404 : 62282 756858 0 0 0 0 0 0 0 
_1.ptx 1405 : 62282 495594 0 0 0 0 0 0 0 
_1.ptx 1406 : 62282 492031 0 0 0 0 0 0 0 
_1.ptx 1408 : 62282 428473 0 0 0 0 0 0 0 
_1.ptx 1409 : 62282 591647 0 0 0 0 0 0 0 
_1.ptx 1410 : 62282 422007 0 0 0 0 0 0 0 
_1.ptx 1411 : 62282 589514 0 0 0 0 0 0 0 
_1.ptx 1412 : 62282 429615 0 0 0 0 0 0 0 
_1.ptx 1413 : 62282 613137 0 0 0 0 0 0 0 
_1.ptx 1416 : 127467 1410577 0 0 0 0 0 0 0 
_1.ptx 1417 : 127467 950115 0 0 0 0 0 0 0 
_1.ptx 1418 : 127467 1102497 0 0 0 0 0 0 0 
_1.ptx 1419 : 127467 6902 0 0 0 0 0 0 0 
_1.ptx 1420 : 126435 1090982 0 0 0 0 0 0 0 
_1.ptx 1421 : 126435 428130 0 0 0 0 0 0 550 
_1.ptx 1424 : 65536 711744 0 0 0 0 0 0 0 
_1.ptx 1425 : 65536 519040 0 0 0 0 0 0 0 
_1.ptx 1426 : 65536 429952 0 0 0 0 0 0 0 
_1.ptx 1427 : 65536 551744 0 0 0 0 0 0 0 
_1.ptx 604 : 65536 408224 0 0 0 0 0 0 0 
_1.ptx 1428 : 65536 364757 0 0 0 0 0 0 218 
_1.ptx 605 : 65536 630144 41472 0 0 0 0 0 0 
_1.ptx 1429 : 10434 79968 0 0 0 0 0 0 0 
_1.ptx 606 : 65536 408032 0 0 0 0 0 0 0 
_1.ptx 1430 : 10434 78883 0 0 0 0 0 0 0 
_1.ptx 607 : 65536 1039296 39808 0 0 0 0 0 0 
_1.ptx 1431 : 10434 124051 0 0 0 0 0 0 0 
_1.ptx 608 : 65536 408704 0 0 0 0 0 0 0 
_1.ptx 1432 : 10434 120192 0 0 0 0 0 0 0 
_1.ptx 609 : 65536 1011072 40064 0 0 0 0 0 0 
_1.ptx 1433 : 10434 81399 0 0 0 0 0 0 0 
_1.ptx 610 : 65536 409952 0 0 0 0 0 0 0 
_1.ptx 611 : 65536 1408192 40704 0 0 0 0 0 0 
_1.ptx 612 : 65536 412480 0 0 0 0 0 0 0 
_1.ptx 613 : 65536 1390208 61696 0 0 0 0 0 0 
_1.ptx 1437 : 15923 3149657 23936 0 0 0 0 0 0 
_1.ptx 614 : 65536 410720 0 0 0 0 0 0 0 
_1.ptx 1438 : 15923 3211035 19328 0 0 0 0 0 0 
_1.ptx 615 : 65536 1543168 74112 0 0 0 0 0 0 
_1.ptx 1439 : 15923 3527772 21376 0 0 0 0 0 0 
_1.ptx 616 : 65536 412512 0 0 0 0 0 0 0 
_1.ptx 1440 : 15923 3083103 512 0 0 0 0 0 0 
_1.ptx 617 : 65536 1870976 84224 0 0 0 0 0 0 
_1.ptx 1441 : 15923 3127798 256 0 0 0 0 0 0 
_1.ptx 618 : 65536 414656 0 0 0 0 0 0 0 
_1.ptx 1442 : 15923 3150563 256 0 0 0 0 0 0 
_1.ptx 619 : 65536 2027680 60544 0 0 0 0 0 0 
_1.ptx 1443 : 15923 3675446 25600 0 0 0 0 0 0 
_1.ptx 620 : 65536 415200 0 0 0 0 0 0 0 
_1.ptx 1444 : 15923 3164805 512 0 0 0 0 0 0 
_1.ptx 621 : 65536 2026272 86400 0 0 0 0 0 0 
_1.ptx 1445 : 15923 99874 0 0 0 0 0 0 0 
_1.ptx 622 : 65536 412704 0 0 0 0 0 0 0 
_1.ptx 1446 : 15923 146570 0 0 0 0 0 0 0 
_1.ptx 623 : 65536 2105312 83456 0 0 0 0 0 0 
_1.ptx 1447 : 15923 363095 128 0 0 0 0 0 0 
_1.ptx 624 : 65536 414432 0 0 0 0 0 0 0 
_1.ptx 1448 : 15923 100498 0 0 0 0 0 0 0 
_1.ptx 625 : 65536 2158272 80128 0 0 0 0 0 0 
_1.ptx 1449 : 15923 147931 0 0 0 0 0 0 0 
_1.ptx 626 : 65536 417504 0 0 0 0 0 0 0 
_1.ptx 1450 : 15923 369046 0 0 0 0 0 0 0 
_1.ptx 627 : 65536 1523488 88576 0 0 0 0 0 0 
_1.ptx 1451 : 15923 101068 0 0 0 0 0 0 0 
_1.ptx 628 : 65536 419104 0 0 0 0 0 0 0 
_1.ptx 1452 : 15923 147402 0 0 0 0 0 0 0 
_1.ptx 629 : 65536 1537792 75392 0 0 0 0 0 0 
_1.ptx 1453 : 15923 303453 128 0 0 0 0 0 0 
_1.ptx 630 : 65536 416704 0 0 0 0 0 0 0 
_1.ptx 1454 : 15923 100024 0 0 0 0 0 0 0 
_1.ptx 631 : 65536 1605056 92928 0 0 0 0 0 0 
_1.ptx 1455 : 15923 147533 0 0 0 0 0 0 0 
_1.ptx 632 : 65536 419552 0 0 0 0 0 0 0 
_1.ptx 1456 : 15923 311386 256 0 0 0 0 0 0 
_1.ptx 633 : 65536 1561984 93568 0 0 0 0 0 0 
_1.ptx 1457 : 15923 165936 0 0 0 0 0 0 0 
_1.ptx 634 : 65536 419072 0 0 0 0 0 0 0 
_1.ptx 1458 : 15923 165766 0 0 0 0 0 0 0 
_1.ptx 635 : 65536 1652160 76800 0 0 0 0 0 0 
_1.ptx 1459 : 15923 106731 0 0 0 0 0 0 0 
_1.ptx 636 : 65536 417472 0 0 0 0 0 0 0 
_1.ptx 1460 : 15923 132560 0 0 0 0 0 0 0 
_1.ptx 637 : 65536 1746944 99968 0 0 0 0 0 0 
_1.ptx 1461 : 15923 34909 0 0 0 0 0 0 386 
_1.ptx 638 : 65536 417568 0 0 0 0 0 0 0 
_1.ptx 639 : 65536 1871520 71680 0 0 0 0 0 0 
_1.ptx 640 : 65536 418208 0 0 0 0 0 0 0 
_1.ptx 1464 : 65536 15853024 33280 0 0 4096 2048 0 0 
_1.ptx 641 : 65536 1786656 104832 0 0 0 0 0 0 
_1.ptx 1465 : 65536 10940512 1408 0 0 0 0 0 0 
_1.ptx 642 : 65536 421248 0 0 0 0 0 0 0 
_1.ptx 1466 : 65536 483008 0 0 0 0 0 0 0 
_1.ptx 643 : 65536 1481472 105600 0 0 0 0 0 0 
_1.ptx 1467 : 65536 420544 0 0 0 0 0 0 0 
_1.ptx 644 : 65536 421088 0 0 0 0 0 0 0 
_1.ptx 1468 : 65536 734528 0 0 0 0 0 0 0 
_1.ptx 645 : 65536 428512 0 0 0 0 0 0 0 
_1.ptx 1469 : 65536 481024 0 0 0 0 0 0 0 
_1.ptx 646 : 65536 550272 0 0 0 0 0 0 0 
_1.ptx 1470 : 65536 9367392 2816 0 0 0 0 0 0 
_1.ptx 647 : 65536 422752 0 0 0 0 0 0 0 
_1.ptx 1471 : 65536 486336 0 0 0 0 0 0 0 
_1.ptx 648 : 65536 424544 0 0 0 0 0 0 0 
_1.ptx 1472 : 65536 422560 0 0 0 0 0 0 0 
_1.ptx 649 : 65536 548480 0 0 0 0 0 0 0 
_1.ptx 1473 : 65536 737728 0 0 0 0 0 0 0 
_1.ptx 650 : 65536 424960 0 0 0 0 0 0 0 
_1.ptx 1474 : 65536 487072 0 0 0 0 0 0 0 
_1.ptx 651 : 65536 738368 0 0 0 0 0 0 0 
_1.ptx 1475 : 65536 486560 0 0 0 0 0 0 0 
_1.ptx 652 : 65536 421856 0 0 0 0 0 0 0 
_1.ptx 1476 : 65536 540832 0 0 0 0 0 0 0 
_1.ptx 653 : 65536 736288 0 0 0 0 0 0 0 
_1.ptx 1477 : 65536 8124544 768 0 0 0 0 0 0 
_1.ptx 654 : 65536 1904896 128 0 0 0 0 0 0 
_1.ptx 1478 : 65536 489184 0 0 0 0 0 0 0 
_1.ptx 655 : 65536 1676416 0 0 0 0 0 0 0 
_1.ptx 1479 : 65536 429824 0 0 0 0 0 0 0 
_1.ptx 656 : 65536 544992 0 0 0 0 0 0 0 
_1.ptx 1480 : 65536 738272 0 0 0 0 0 0 0 
_1.ptx 657 : 65536 489280 0 0 0 0 0 0 0 
_1.ptx 1481 : 65536 486496 0 0 0 0 0 0 0 
_1.ptx 658 : 65536 548800 0 0 0 0 0 0 0 
_1.ptx 1482 : 65536 482560 0 0 0 0 0 0 0 
_1.ptx 659 : 65536 492512 0 0 0 0 0 0 0 
_1.ptx 1483 : 65536 8459456 1792 0 0 0 0 0 0 
_1.ptx 660 : 65536 552352 0 0 0 0 0 0 0 
_1.ptx 1484 : 65536 488800 0 0 0 0 0 0 0 
_1.ptx 661 : 65536 424064 0 0 0 0 0 0 0 
_1.ptx 1485 : 65536 426848 0 0 0 0 0 0 0 
_1.ptx 662 : 65536 547456 0 0 0 0 0 0 0 
_1.ptx 1486 : 65536 737632 0 0 0 0 0 0 0 
_1.ptx 663 : 65536 0 0 0 0 0 0 0 0 
_1.ptx 1487 : 65536 487904 0 0 0 0 0 0 0 
_1.ptx 1488 : 65536 487104 0 0 0 0 0 0 0 
_1.ptx 665 : 65536 817440 0 0 0 0 0 0 0 
_1.ptx 1489 : 65536 544160 0 0 0 0 0 0 0 
_1.ptx 666 : 65536 789728 0 0 0 0 0 0 0 
_1.ptx 1490 : 65536 542720 0 0 0 0 0 0 0 
_1.ptx 667 : 65536 741504 0 0 0 0 0 0 0 
_1.ptx 1491 : 65536 736928 0 0 0 0 0 0 0 
_1.ptx 668 : 65536 493696 0 0 0 0 0 0 0 
_1.ptx 1492 : 65536 719168 0 0 0 4096 2048 0 0 
_1.ptx 669 : 65536 733824 0 0 0 0 0 0 0 
_1.ptx 670 : 65536 744096 0 0 0 0 0 0 0 
_1.ptx 671 : 65536 430400 0 0 0 0 0 0 0 
_1.ptx 1495 : 65536 412128 0 0 0 0 0 0 0 
_1.ptx 672 : 65536 1536736 170048 0 0 4096 2048 0 0 
_1.ptx 674 : 65536 2246976 128 0 0 0 0 0 0 
_1.ptx 675 : 65536 2058272 0 0 0 0 0 0 0 
_1.ptx 676 : 65536 737888 0 0 0 0 0 0 0 
_1.ptx 678 : 65536 411168 0 0 0 0 0 0 0 
_1.ptx 679 : 65536 584416 0 0 0 0 0 0 0 
_1.ptx 680 : 65536 748160 0 0 0 0 0 0 0 
_1.ptx 681 : 65536 1352288 0 0 0 0 0 0 0 
_1.ptx 682 : 65536 548160 0 0 0 0 0 0 0 
_1.ptx 683 : 65536 535776 0 0 0 0 0 0 0 
_1.ptx 684 : 65536 575744 0 0 0 0 0 0 0 
_1.ptx 685 : 65536 752928 0 0 0 0 0 0 0 
_1.ptx 686 : 65536 563328 0 0 0 0 0 0 0 
_1.ptx 687 : 65536 759936 0 0 0 0 0 0 0 
_1.ptx 688 : 65536 518368 0 0 0 0 0 0 0 
_1.ptx 689 : 65536 515552 0 0 0 0 0 0 0 
_1.ptx 690 : 65536 517664 0 0 0 0 0 0 0 
_1.ptx 691 : 65536 446848 0 0 0 0 0 0 0 
_1.ptx 692 : 65536 3126976 0 0 0 0 0 0 0 
_1.ptx 693 : 65536 426080 0 0 0 0 0 0 0 
_1.ptx 694 : 65536 744160 0 0 0 0 0 0 0 
_1.ptx 695 : 65536 757376 0 0 0 0 0 0 0 
_1.ptx 696 : 65536 438272 0 0 0 0 0 0 0 
_1.ptx 697 : 65536 754816 0 0 0 0 0 0 0 
_1.ptx 698 : 65536 747584 0 0 0 0 0 0 0 
_1.ptx 699 : 65536 615232 0 0 0 0 0 0 0 
_1.ptx 700 : 65536 744672 0 0 0 0 0 0 0 
_1.ptx 701 : 65536 453728 0 0 0 0 0 0 0 
_1.ptx 702 : 65536 742848 0 0 0 0 0 0 0 
_1.ptx 703 : 65536 450944 0 0 0 0 0 0 0 
_1.ptx 704 : 65536 745632 0 0 0 0 0 0 0 
_1.ptx 705 : 65536 464288 0 0 0 0 0 0 0 
_1.ptx 706 : 65536 742720 0 0 0 0 0 0 0 
_1.ptx 707 : 65536 471136 0 0 0 0 0 0 0 
_1.ptx 708 : 65536 744416 0 0 0 0 0 0 0 
_1.ptx 709 : 65536 474272 0 0 0 0 0 0 0 
_1.ptx 710 : 65536 757888 0 0 0 0 0 0 0 
_1.ptx 711 : 65536 770912 0 0 0 0 0 0 0 
_1.ptx 712 : 65536 783968 0 0 0 0 0 0 0 
_1.ptx 713 : 65536 785824 0 0 0 0 0 0 0 
_1.ptx 714 : 65536 794496 0 0 0 0 0 0 0 
_1.ptx 715 : 65536 801280 0 0 0 0 0 0 0 
_1.ptx 716 : 65536 810528 0 0 0 0 0 0 0 
_1.ptx 717 : 65536 799264 0 0 0 0 0 0 0 
_1.ptx 718 : 65536 789824 0 0 0 0 0 0 0 
_1.ptx 719 : 65536 790176 0 0 0 0 0 0 0 
_1.ptx 720 : 65536 782400 0 0 0 0 0 0 0 
_1.ptx 721 : 65536 783232 0 0 0 0 0 0 0 
_1.ptx 722 : 65536 781888 0 0 0 0 0 0 0 
_1.ptx 723 : 65536 793472 0 0 0 0 0 0 0 
_1.ptx 724 : 65536 639552 0 0 0 0 0 0 0 
_1.ptx 725 : 65536 621920 0 0 0 0 0 0 0 
_1.ptx 726 : 65536 1726624 0 0 0 0 0 0 0 
_1.ptx 727 : 65536 767520 0 0 0 0 0 0 0 
_1.ptx 728 : 65536 769728 0 0 0 0 0 0 0 
_1.ptx 729 : 65536 778176 0 0 0 0 0 0 0 
_1.ptx 731 : 65536 452000 0 0 0 0 0 0 0 
_1.ptx 733 : 65536 498784 0 0 0 0 0 0 0 
_1.ptx 734 : 65536 508000 0 0 0 0 0 0 0 
_1.ptx 735 : 65536 495456 0 0 0 0 0 0 0 
_1.ptx 736 : 65536 490528 0 0 0 0 0 0 0 
_1.ptx 738 : 127467 1007936 0 0 0 0 0 0 0 
_1.ptx 739 : 127467 885185 0 0 0 0 0 0 0 
_1.ptx 740 : 127467 854165 0 0 0 0 0 0 0 
_1.ptx 744 : 509868 4722468 128 0 0 17236 17236 0 0 
_1.ptx 745 : 509868 4248208 0 0 0 17236 17236 0 0 
_1.ptx 746 : 509868 5020220 128 0 0 17236 17236 0 0 
_1.ptx 747 : 509868 4179079 0 0 0 17236 17236 0 0 
_1.ptx 748 : 509868 3813270 0 0 0 17236 17236 0 0 
_1.ptx 749 : 509868 3413068 0 0 0 0 0 0 0 
_1.ptx 750 : 509868 4411486 0 0 0 0 0 0 0 
_1.ptx 751 : 509868 2701118 0 0 0 0 0 0 0 
_1.ptx 753 : 127467 983388 0 0 0 0 0 0 0 
_1.ptx 754 : 127467 867222 0 0 0 0 0 0 0 
_1.ptx 755 : 127467 1085751 0 0 0 0 0 0 0 
_1.ptx 756 : 127467 863245 0 0 0 0 0 0 0 
_1.ptx 761 : 127467 1450053 0 0 0 0 0 0 0 
_1.ptx 762 : 127467 6196552 0 0 0 0 0 0 0 
_1.ptx 763 : 127467 837906 0 0 0 0 0 0 0 
_1.ptx 764 : 127467 848796 0 0 0 0 0 0 0 
_1.ptx 765 : 127467 1081764 0 0 0 0 0 0 0 
_1.ptx 766 : 127467 1205766 0 0 0 0 0 0 0 
_1.ptx 769 : 127467 1014028 0 0 0 0 0 0 0 
_1.ptx 770 : 127467 888585 0 0 0 0 0 0 0 
_1.ptx 773 : 382401 4490593 0 0 0 0 0 0 0 
_1.ptx 774 : 382401 1473045 0 0 0 0 0 0 0 
_1.ptx 775 : 382401 4532274 0 0 0 0 0 0 0 
_1.ptx 776 : 382401 4528026 0 0 0 0 0 0 0 
_1.ptx 777 : 382401 4569838 0 0 0 0 0 0 0 
_1.ptx 778 : 382401 4588780 0 0 0 0 0 0 0 
_1.ptx 779 : 382401 4583719 0 0 0 0 0 0 0 
_1.ptx 780 : 382401 4596057 0 0 0 0 0 0 0 
_1.ptx 781 : 382401 3751643 0 0 0 0 0 0 0 
_1.ptx 782 : 382401 3838735 0 0 0 0 0 0 0 
_1.ptx 783 : 382401 3737672 0 0 0 0 0 0 0 
_1.ptx 784 : 382401 3828741 0 0 0 0 0 0 0 
_1.ptx 785 : 382401 3395744 0 0 0 0 0 0 0 
_1.ptx 786 : 382401 3155404 0 0 0 0 0 0 0 
_1.ptx 787 : 382401 2761948 0 0 0 0 0 0 0 
_1.ptx 788 : 382401 3387151 0 0 0 0 0 0 0 
_1.ptx 789 : 382401 3151656 0 0 0 0 0 0 0 
_1.ptx 790 : 382401 3402326 0 0 0 0 0 0 0 
_1.ptx 791 : 382401 2771271 0 0 0 0 0 0 0 
_1.ptx 792 : 382401 3374718 0 0 0 0 0 0 0 
_1.ptx 793 : 382401 1974082 0 0 0 0 0 0 1523 
_1.ptx 794 : 105477 775647 0 0 0 0 0 0 0 
_1.ptx 795 : 105477 774309 0 0 0 0 0 0 0 
_1.ptx 797 : 276924 3259629 0 0 0 0 0 0 0 
_1.ptx 798 : 276924 3256330 0 0 0 0 0 0 0 
_1.ptx 799 : 276924 2432540 0 0 0 0 0 0 0 
_1.ptx 800 : 276924 142408 0 0 0 0 0 0 715 
_1.ptx 801 : 257599 1857274 0 0 0 0 0 0 0 
_1.ptx 802 : 257599 1875647 0 0 0 0 0 0 0 
_1.ptx 805 : 19325 226884 0 0 0 0 0 0 0 
_1.ptx 806 : 19325 347850 0 0 0 0 0 0 0 
_1.ptx 807 : 19325 226690 0 0 0 0 0 0 0 
_1.ptx 808 : 19325 230925 0 0 0 0 0 0 0 
_1.ptx 809 : 19325 185980 0 0 0 0 0 0 0 
_1.ptx 813 : 382401 3163610 0 0 0 0 0 0 0 
_1.ptx 815 : 509868 3626243 0 0 0 0 0 0 0 
_1.ptx 816 : 509868 4405422 0 0 0 0 0 0 0 
_1.ptx 817 : 509868 4083784 0 0 0 0 0 0 0 
_1.ptx 818 : 509868 4401789 0 0 0 0 0 0 0 
_1.ptx 819 : 509868 4087142 0 0 0 0 0 0 0 
_1.ptx 820 : 509868 4468805 0 0 0 0 0 0 0 
_1.ptx 821 : 509868 3562739 0 0 0 0 0 0 0 
_1.ptx 822 : 509868 4433630 0 0 0 0 0 0 0 
